G_variables/Set1/RCP4_2050/Min_tem_max.asc
NCOLS 229 
NROWS 147 
XLLCORNER -101.25 
YLLCORNER 14.3333333333333 
CELLSIZE 0.0833333333333333 
NODATA_value -9999 
[rows 104 to 129 of 147, columns 171 to 227 of 229]
3.65705490112305 3.63536596298218 3.62223696708679 3.62220430374146 3.62224960327148 3.62228488922119 3.63573503494263 3.64327955245972 3.6503734588623 3.67698192596436 3.7016282081604 3.69698214530945 3.9599072933197 3.89379334449768 3.6366114616394 3.65739965438843 3.65636014938354 3.64888334274292 3.64934206008911 3.57051706314087 3.62039923667908 3.62686204910278 3.63228988647461 3.56715893745422 3.55370378494263 3.55893611907959 3.55934810638428 3.56562900543213 3.55885052680969 3.55885672569275 3.55385661125183 3.55597329139709 3.55885744094849 3.5561580657959 2.9511444568634 2.94327259063721 2.30019497871399 2.30502915382385 2.94201755523682 3.6496856212616 3.63148617744446 3.56033062934875 3.57045412063599 3.5588047504425 3.55859732627869 3.55378818511963 2.69020938873291 3.56512451171875 3.56678628921509 3.57030272483826 3.61622977256775 3.56771469116211 3.61673879623413 3.59013104438782 3.56521034240723 3.63017249107361 -9999
3.65803980827332 3.6353645324707 3.63530468940735 3.63500332832336 3.62206101417542 3.62208271026611 3.62223219871521 3.66724467277527 3.7315628528595 3.73154783248901 3.70590400695801 3.65072321891785 3.62189602851868 3.65632629394531 3.65090274810791 3.64918088912964 3.59351992607117 3.57374882698059 3.57343053817749 3.57054829597473 3.65613698959351 3.62718319892883 3.61943387985229 3.56716084480286 3.55893611907959 3.55894708633423 3.56014347076416 3.56052231788635 3.55291676521301 3.55884194374084 3.55422329902649 3.55616736412048 3.55652618408203 2.94561767578125 2.9397554397583 3.55380988121033 2.93490839004517 2.75126671791077 2.6508629322052 2.93409752845764 3.55275893211365 3.0733470916748 3.5695116519928 3.55378866195679 2.94150686264038 2.37543773651123 1.99010968208313 3.55403470993042 3.55349922180176 2.94358944892883 3.55860304832458 2.69631552696228 3.55545568466187 3.56567072868347 3.56863403320312 3.59148764610291 3.65258932113647
3.65335083007812 3.63598012924194 3.6355185508728 3.6580548286438 3.64777374267578 3.64832139015198 3.61856245994568 3.63963580131531 3.70587539672852 3.70577073097229 3.73171496391296 3.62173891067505 3.6217086315155 3.65791654586792 3.732253074646 3.64387083053589 3.57244491577148 3.57438087463379 3.57171511650085 3.57113075256348 3.57798600196838 3.5730676651001 3.56716012954712 3.56716084480286 3.56221103668213 3.56805062294006 3.55887150764465 3.55885219573975 3.55389404296875 3.55386066436768 3.55392265319824 3.55616164207458 3.55390739440918 3.55380272865295 3.55380177497864 3.55433940887451 2.93564105033875 2.93610692024231 2.68972849845886 2.63956809043884 2.00407743453979 2.03267812728882 2.93409729003906 2.70568132400513 1.99005711078644 2.00078344345093 1.99602627754211 2.31834888458252 2.65642619132996 1.98071503639221 1.98768794536591 2.65896701812744 3.17090630531311 3.55823135375977 3.55823159217834 3.56391453742981 3.57851815223694
3.65716671943665 3.63554072380066 3.63550305366516 3.65330100059509 3.64362096786499 3.64341974258423 3.64341711997986 3.64337849617004 3.63651347160339 3.63550662994385 3.63552212715149 3.5785870552063 3.62188529968262 3.62310099601746 3.57140493392944 3.57407402992249 3.57418513298035 3.57323026657104 3.57104563713074 3.57233119010925 3.57074975967407 3.56716060638428 3.55884957313538 3.55885720252991 3.55889201164246 3.5590603351593 3.55354809761047 3.55871105194092 3.55861401557922 3.55539584159851 3.55389499664307 3.55417537689209 3.55374145507812 3.55604267120361 3.56948518753052 3.61891841888428 3.59204173088074 3.56875014305115 3.57053208351135 3.55860042572021 3.03777670860291 2.67746067047119 3.55500030517578 2.29827284812927 1.97742533683777 1.9778698682785 1.97746503353119 1.97700488567352 1.98145234584808 2.85102820396423 3.57248878479004 3.65090441703796 3.6300323009491 3.65333962440491 3.66309642791748 3.62943124771118 3.66274237632751
3.65716934204102 3.65718913078308 3.65341353416443 3.63626551628113 3.63631343841553 3.63627600669861 3.63561248779297 3.62235856056213 3.59588146209717 3.59429359436035 3.57372665405273 3.57296466827393 3.62154006958008 3.6212842464447 3.57257151603699 3.57325005531311 3.57402181625366 3.57034111022949 3.57255792617798 3.57327175140381 3.56993293762207 3.56716084480286 3.5588493347168 3.55370235443115 3.55872249603271 3.55870485305786 3.5545015335083 3.55354714393616 3.56663775444031 3.55379319190979 3.55354475975037 3.56972217559814 3.57073259353638 3.56874370574951 3.65274333953857 3.635333776474 3.69989037513733 3.79689240455627 3.89584732055664 3.63622260093689 3.62995314598083 3.65625834465027 3.66281318664551 3.56828594207764 3.55527091026306 1.97707438468933 3.16386222839355 3.5701584815979 3.65140533447266 3.65629959106445 3.66430711746216 3.66401886940002 3.65063142776489 3.6510169506073 -9999 -9999 -9999
3.65777039527893 3.65692591667175 3.65727567672729 3.65673327445984 3.65726757049561 3.65728139877319 3.63534307479858 3.63529562950134 3.59610986709595 3.59465980529785 3.57457828521729 3.57284617424011 3.62136316299438 3.62125778198242 3.57394242286682 3.57405376434326 3.57374119758606 3.57255101203918 3.57264590263367 3.553706407547 3.56716132164001 3.5588493347168 3.55869388580322 3.56476330757141 3.55354642868042 3.55873250961304 3.56663846969604 3.5586986541748 3.56663775444031 3.56924819946289 3.65070915222168 3.65582990646362 3.65149307250977 3.79393768310547 4.60473823547363 29.6589221954346 30.4574584960938 30.4656028747559 14.3653154373169 4.18573951721191 3.87796354293823 3.69494199752808 3.6296374797821 3.65189528465271 3.63160181045532 3.65403580665588 3.63027930259705 3.6221661567688 3.65067076683044 3.69909930229187 3.70676612854004 3.69892525672913 -9999 -9999 -9999 -9999 -9999
3.65910458564758 3.65821003913879 3.65842175483704 3.65841937065125 3.65727043151855 3.65727639198303 3.63533020019531 3.63522362709045 3.59621381759644 3.57304501533508 3.57127618789673 3.57404041290283 3.5743887424469 3.57440614700317 3.57020378112793 3.57083868980408 3.5705087184906 3.57266235351562 3.57233572006226 3.55370545387268 3.55869364738464 3.55877804756165 3.55872797966003 3.55945920944214 3.55869150161743 3.55886578559875 3.57313060760498 3.59345173835754 3.63323450088501 3.62597465515137 3.64018034934998 3.79198622703552 4.22175455093384 10.100546836853 29.6435050964355 30.4479331970215 30.464656829834 30.4695129394531 15.4412965774536 4.82732439041138 4.09280443191528 3.89760303497314 3.7020218372345 3.70305705070496 3.70925450325012 3.86495518684387 3.90243268013 3.80692982673645 3.7381112575531 -9999 -9999 -9999 -9999 -9999 -9999 -9999 -9999
3.65913772583008 3.65834045410156 3.64206099510193 3.64384365081787 3.65728998184204 3.65387725830078 3.63530516624451 3.62185764312744 3.59450745582581 3.57274413108826 3.57146883010864 3.57328748703003 3.57431554794312 3.57410788536072 3.57052755355835 3.5710232257843 3.56996369361877 3.57020664215088 3.56700563430786 3.55870199203491 3.55869603157043 3.56065011024475 3.55880260467529 3.56490993499756 3.57200002670288 3.63410067558289 3.65452575683594 3.65604519844055 3.65674567222595 3.65165424346924 3.7062828540802 3.79198026657104 4.18139410018921 4.59637546539307 4.40415382385254 4.21893072128296 4.09476852416992 3.96011090278625 4.09114599227905 4.36502456665039 3.96347498893738 3.79945778846741 3.79958558082581 3.80270981788635 3.75170516967773 3.9020082950592 -9999 -9999 -9999 -9999 -9999 -9999 -9999 -9999 -9999 -9999 -9999
3.65922474861145 3.64896821975708 3.65851354598999 3.65846133232117 3.65740442276001 3.63542890548706 3.63519954681396 3.59731936454773 3.59425234794617 3.5730676651001 3.57114911079407 3.5732479095459 3.57432341575623 3.57427096366882 3.57043194770813 3.57020783424377 3.56700420379639 3.55870246887207 3.55915689468384 3.55919051170349 3.57023048400879 3.57054781913757 3.57107639312744 3.63431715965271 3.6490683555603 3.64930295944214 3.65640377998352 3.64998698234558 3.62830090522766 3.63671922683716 3.65096068382263 3.6518886089325 3.65205073356628 3.79262232780457 3.98889875411987 4.09433650970459 4.09013557434082 3.85643482208252 3.79803109169006 3.69578504562378 3.70188355445862 3.74647569656372 3.88120102882385 3.90142321586609 -9999 -9999 -9999 -9999 -9999 -9999 -9999 -9999 -9999 -9999 -9999 -9999 -9999
3.64414191246033 3.64410853385925 3.65741419792175 3.63531064987183 3.6354660987854 3.63525199890137 3.63518762588501 3.59644150733948 3.57293963432312 3.57107448577881 3.57444143295288 3.57180452346802 3.57414388656616 3.57041025161743 3.55354905128479 3.55870056152344 3.55874395370483 3.55887365341187 3.55870342254639 3.5725622177124 3.62078404426575 3.65658664703369 3.64804434776306 3.64914417266846 3.64913511276245 3.65567207336426 3.63782238960266 3.65419960021973 3.65184593200684 3.62033033370972 3.84826803207397 3.79194617271423 3.9506630897522 5.71214199066162 6.32670021057129 4.40025758743286 3.99412202835083 3.87571024894714 3.79788064956665 3.74604272842407 3.90002298355103 -9999 -9999 -9999 -9999 -9999 -9999 -9999 -9999 -9999 -9999 -9999 -9999 -9999 -9999 -9999 -9999
3.64413380622864 3.64394974708557 3.65729832649231 3.65740895271301 3.63525652885437 3.63540530204773 3.62182807922363 3.59442353248596 3.57186460494995 3.5744309425354 3.57053875923157 3.57032155990601 3.57090783119202 3.55355381965637 3.55870294570923 3.55871152877808 3.55873775482178 3.56700396537781 3.59518551826477 3.63496232032776 3.65650916099548 3.65352559089661 3.65581011772156 3.64904522895813 3.65565872192383 3.64193034172058 3.75003051757812 3.73265099525452 4.08116149902344 4.35064077377319 4.40096998214722 5.20095443725586 4.40039300918579 4.4006290435791 4.08660268783569 3.9584002494812 3.95567679405212 3.95985579490662 3.85653352737427 -9999 -9999 -9999 -9999 -9999 -9999 -9999 -9999 -9999 -9999 -9999 -9999 -9999 -9999 -9999 -9999 -9999 -9999
3.64393258094788 3.65857791900635 3.657790184021 3.65712356567383 3.63626933097839 3.63548994064331 3.62401127815247 3.5728018283844 3.56811332702637 3.57480359077454 3.5706787109375 3.56700444221497 3.55870199203491 3.55870485305786 3.5588014125824 3.56207609176636 3.55875539779663 3.5718629360199 3.63503646850586 3.65666818618774 3.64705085754395 3.65636992454529 3.63863277435303 3.65218949317932 3.73429608345032 3.88541007041931 3.9513475894928 4.39838409423828 4.58419752120972 4.89508676528931 4.59016990661621 4.54931354522705 4.08542490005493 3.89084267616272 3.95676064491272 4.2136082649231 -9999 -9999 -9999 -9999 -9999 -9999 -9999 -9999 -9999 -9999 -9999 -9999 -9999 -9999 -9999 -9999 -9999 -9999 -9999 -9999 -9999
3.64392805099487 3.6585955619812 3.65673971176147 3.65642142295837 3.63552260398865 3.62190961837769 3.59437727928162 3.571213722229 3.57416653633118 3.57106018066406 3.57053256034851 3.55872368812561 3.55890774726868 3.55275940895081 3.56700444221497 3.63557147979736 3.64765334129333 3.64717507362366 3.73554348945618 3.95326805114746 3.75280427932739 3.7914400100708 3.86827731132507 3.79202842712402 3.9548876285553 4.08376455307007 4.19172525405884 4.39754962921143 4.78267335891724 4.59152269363403 4.21317768096924 4.08556318283081 3.8904390335083 -9999 -9999 -9999 -9999 -9999 -9999 -9999 -9999 -9999 -9999 -9999 -9999 -9999 -9999 -9999 -9999 -9999 -9999 -9999 -9999 -9999 -9999 -9999 -9999
3.65865516662598 3.65830636024475 3.6571147441864 3.65749382972717 3.63545727729797 3.62232112884521 3.5728166103363 3.57120633125305 3.5707573890686 3.5608172416687 3.55869650840759 3.5571973323822 3.57218599319458 3.64580154418945 3.67980456352234 4.34911918640137 4.57519578933716 4.3265061378479 5.07611989974976 6.96927976608276 6.18846559524536 5.19063806533813 5.19178581237793 4.39668560028076 4.34810018539429 4.21415042877197 4.08265209197998 4.08339929580688 3.95368432998657 3.95384907722473 3.8700315952301 -9999 -9999 -9999 -9999 -9999 -9999 -9999 -9999 -9999 -9999 -9999 -9999 -9999 -9999 -9999 -9999 -9999 -9999 -9999 -9999 -9999 -9999 -9999 -9999 -9999 -9999
3.65834283828735 3.65688300132751 3.63591957092285 3.63581418991089 3.60148358345032 3.57124829292297 3.57063126564026 3.55882048606873 2.95442295074463 3.57441329956055 3.65552639961243 3.79593753814697 4.39390659332275 4.79218006134033 5.64546012878418 5.63578987121582 5.18756818771362 4.34759426116943 5.18301200866699 6.98691749572754 6.23118114471436 5.0782322883606 5.18825149536133 4.78261852264404 4.39684534072876 4.56995153427124 4.39625215530396 3.99131464958191 -9999 -9999 -9999 -9999 -9999 -9999 -9999 -9999 -9999 -9999 -9999 -9999 -9999 -9999 -9999 -9999 -9999 -9999 -9999 -9999 -9999 -9999 -9999 -9999 -9999 -9999 -9999 -9999 -9999
3.65866446495056 3.63589668273926 3.60221362113953 3.59435534477234 3.59436750411987 3.59505367279053 3.5713267326355 3.63597726821899 3.6504213809967 4.08482980728149 4.54751491546631 4.51967334747314 5.204993724823 4.84777402877808 6.23275470733643 7.00477313995361 6.21399593353271 5.64745807647705 6.2455472946167 6.99775266647339 5.70364284515381 6.21259880065918 4.7816686630249 4.58212375640869 4.08293724060059 4.39662456512451 -9999 -9999 -9999 -9999 -9999 -9999 -9999 -9999 -9999 -9999 -9999 -9999 -9999 -9999 -9999 -9999 -9999 -9999 -9999 -9999 -9999 -9999 -9999 -9999 -9999 -9999 -9999 -9999 -9999 -9999 -9999
3.65746426582336 3.62223434448242 3.63611245155334 3.62801671028137 3.6496684551239 3.62631821632385 3.64315795898438 3.85815286636353 4.92144870758057 8.02147388458252 7.06450653076172 7.03700160980225 29.8171615600586 30.6488475799561 30.6331062316895 30.567045211792 5.64987897872925 5.65469741821289 7.97364616394043 8.6435718536377 8.70149803161621 8.65641212463379 5.0840630531311 -9999 -9999 -9999 -9999 -9999 -9999 -9999 -9999 -9999 -9999 -9999 -9999 -9999 -9999 -9999 -9999 -9999 -9999 -9999 -9999 -9999 -9999 -9999 -9999 -9999 -9999 -9999 -9999 -9999 -9999 -9999 -9999 -9999 -9999
3.64469313621521 3.62206268310547 3.63617324829102 3.64935970306396 3.75035762786865 5.70570278167725 30.3888263702393 30.7082500457764 30.7195663452148 30.7132110595703 30.6875839233398 24.802547454834 30.673469543457 30.6671752929688 30.6628150939941 24.8062839508057 6.24376010894775 5.65130662918091 5.14610242843628 4.83901977539062 -9999 -9999 -9999 -9999 -9999 -9999 -9999 -9999 -9999 -9999 -9999 -9999 -9999 -9999 -9999 -9999 -9999 -9999 -9999 -9999 -9999 -9999 -9999 -9999 -9999 -9999 -9999 -9999 -9999 -9999 -9999 -9999 -9999 -9999 -9999 -9999 -9999
3.65188097953796 3.67247462272644 3.6383113861084 3.67745184898376 30.6722660064697 30.7761611938477 30.7707443237305 30.7722454071045 30.7545032501221 30.724609375 30.7566528320312 23.908748626709 30.6912097930908 30.6989459991455 19.2633934020996 8.76351070404053 6.26582145690918 5.15234088897705 4.83702564239502 4.83698987960815 -9999 -9999 -9999 -9999 -9999 -9999 -9999 -9999 -9999 -9999 -9999 -9999 -9999 -9999 -9999 -9999 -9999 -9999 -9999 -9999 -9999 -9999 -9999 -9999 -9999 -9999 -9999 -9999 -9999 -9999 -9999 -9999 -9999 -9999 -9999 -9999 -9999
4.09710121154785 3.8064079284668 4.09446048736572 11.3424263000488 30.8207530975342 30.8091640472412 30.8034648895264 8.86003017425537 7.12334775924683 4.41037368774414 4.40620470046997 4.36043500900269 4.80675792694092 5.72031354904175 7.95756196975708 17.035062789917 17.0068035125732 7.05519437789917 4.84293937683105 -9999 -9999 -9999 -9999 -9999 -9999 -9999 -9999 -9999 -9999 -9999 -9999 -9999 -9999 -9999 -9999 -9999 -9999 -9999 -9999 -9999 -9999 -9999 -9999 -9999 -9999 -9999 -9999 -9999 -9999 -9999 -9999 -9999 -9999 -9999 -9999 -9999 -9999
6.48197603225708 10.0852270126343 17.1997261047363 13.8442735671997 30.5093250274658 8.11830615997314 4.60286426544189 4.55774259567261 4.82316303253174 4.87514686584473 7.09340715408325 19.3204402923584 30.2811508178711 30.0975494384766 29.8533973693848 30.5210151672363 29.8422966003418 29.4812908172607 -9999 -9999 -9999 -9999 -9999 -9999 -9999 -9999 -9999 -9999 -9999 -9999 -9999 -9999 -9999 -9999 -9999 -9999 -9999 -9999 -9999 -9999 -9999 -9999 -9999 -9999 -9999 -9999 -9999 -9999 -9999 -9999 -9999 -9999 -9999 -9999 -9999 -9999 -9999
30.871997833252 30.8508682250977 27.8836936950684 10.0189218521118 9.99730491638184 9.94286441802979 8.02517223358154 14.9142646789551 30.0507698059082 30.5220432281494 30.6787872314453 30.6323509216309 30.6982116699219 30.4445323944092 30.0740928649902 29.8877353668213 30.0814990997314 -9999 -9999 -9999 -9999 -9999 -9999 -9999 -9999 -9999 -9999 -9999 -9999 -9999 -9999 -9999 -9999 -9999 -9999 -9999 -9999 -9999 -9999 -9999 -9999 -9999 -9999 -9999 -9999 -9999 -9999 -9999 -9999 -9999 -9999 -9999 -9999 -9999 -9999 -9999 -9999
30.8788108825684 30.9019546508789 30.287525177002 30.6644496917725 30.3765296936035 30.9522914886475 30.7885074615479 30.4325923919678 30.6624507904053 30.6093368530273 30.6535797119141 30.7918567657471 30.7846832275391 30.7669811248779 30.7367248535156 30.6911087036133 30.5760517120361 -9999 -9999 -9999 -9999 -9999 -9999 -9999 -9999 -9999 -9999 -9999 -9999 -9999 -9999 -9999 -9999 -9999 -9999 -9999 -9999 -9999 -9999 -9999 -9999 -9999 -9999 -9999 -9999 -9999 -9999 -9999 -9999 -9999 -9999 -9999 -9999 -9999 -9999 -9999 -9999
30.8473873138428 30.9046173095703 30.6456890106201 30.757287979126 30.8633842468262 30.8745613098145 30.8685340881348 30.7435245513916 30.6688575744629 30.6259384155273 30.8509368896484 30.7926940917969 30.7946586608887 30.7886447906494 30.7563304901123 30.7397861480713 -9999 -9999 -9999 -9999 -9999 -9999 -9999 -9999 -9999 -9999 -9999 -9999 -9999 -9999 -9999 -9999 -9999 -9999 -9999 -9999 -9999 -9999 -9999 -9999 -9999 -9999 -9999 -9999 -9999 -9999 -9999 -9999 -9999 -9999 -9999 -9999 -9999 -9999 -9999 -9999 -9999
30.72336769104 30.7149543762207 30.6802425384521 30.7966728210449 30.8651676177979 30.871244430542 30.9045238494873 30.8587760925293 30.8742218017578 30.8548355102539 30.8408279418945 30.8343753814697 30.7972526550293 -9999 -9999 -9999 -9999 -9999 -9999 -9999 -9999 -9999 -9999 -9999 -9999 -9999 -9999 -9999 -9999 -9999 -9999 -9999 -9999 -9999 -9999 -9999 -9999 -9999 -9999 -9999 -9999 -9999 -9999 -9999 -9999 -9999 -9999 -9999 -9999 -9999 -9999 -9999 -9999 -9999 -9999 -9999 -9999
30.9076900482178 30.9134922027588 30.90700340271 30.902624130249 30.9058952331543 30.895601272583 30.8916511535645 30.8915920257568 30.8833656311035 -9999 -9999 -9999 -9999 -9999 -9999 -9999 -9999 -9999 -9999 -9999 -9999 -9999 -9999 -9999 -9999 -9999 -9999 -9999 -9999 -9999 -9999 -9999 -9999 -9999 -9999 -9999 -9999 -9999 -9999 -9999 -9999 -9999 -9999 -9999 -9999 -9999 -9999 -9999 -9999 -9999 -9999 -9999 -9999 -9999 -9999 -9999 -9999
