G_variables/Set1/RCP4_2050/Min_tem_max.asc
NCOLS 229 
NROWS 147 
XLLCORNER -101.25 
YLLCORNER 14.3333333333333 
CELLSIZE 0.0833333333333333 
NODATA_value -9999 
[rows 0 to 25 of 147, columns 114 to 170 of 229]
-9999 -9999 -9999 -9999 -9999 -9999 -9999 -9999 -9999 -9999 -9999 -9999 -9999 -9999 -9999 -9999 -9999 -9999 -9999 -9999 -9999 -9999 -9999 -9999 -9999 -9999 -9999 -9999 -9999 -9999 -9999 -9999 -9999 -9999 -9999 -9999 -9999 -9999 -9999 -9999 -9999 -9999 -9999 -9999 -9999 -9999 -9999 -9999 -9999 -9999 -9999 -9999 -9999 -9999 -9999 -9999 -9999
-9999 -9999 -9999 -9999 -9999 -9999 -9999 -9999 -9999 -9999 -9999 -9999 -9999 -9999 -9999 -9999 -9999 -9999 -9999 -9999 -9999 -9999 -9999 -9999 -9999 -9999 -9999 -9999 -9999 -9999 -9999 -9999 -9999 -9999 -9999 -9999 -9999 -9999 -9999 -9999 -9999 -9999 -9999 -9999 -9999 -9999 -9999 -9999 -9999 -9999 -9999 -9999 -9999 -9999 -9999 -9999 -9999
-9999 -9999 -9999 -9999 -9999 -9999 -9999 -9999 -9999 -9999 -9999 -9999 -9999 -9999 -9999 -9999 -9999 -9999 -9999 -9999 -9999 -9999 -9999 -9999 -9999 -9999 -9999 -9999 -9999 -9999 -9999 -9999 -9999 -9999 -9999 -9999 -9999 -9999 -9999 -9999 -9999 -9999 -9999 -9999 -9999 -9999 -9999 -9999 -9999 -9999 -9999 -9999 -9999 -9999 -9999 -9999 3.9505500793457
-9999 -9999 -9999 -9999 -9999 -9999 -9999 -9999 -9999 -9999 -9999 -9999 -9999 -9999 -9999 -9999 -9999 -9999 -9999 -9999 -9999 -9999 -9999 -9999 -9999 -9999 -9999 -9999 -9999 -9999 -9999 -9999 -9999 -9999 -9999 -9999 -9999 -9999 -9999 -9999 -9999 -9999 -9999 -9999 -9999 -9999 -9999 -9999 -9999 -9999 -9999 -9999 -9999 -9999 3.95191669464111 3.95178270339966 3.95127034187317
-9999 -9999 -9999 -9999 -9999 -9999 -9999 -9999 -9999 -9999 -9999 -9999 -9999 -9999 -9999 -9999 -9999 -9999 -9999 -9999 -9999 -9999 -9999 -9999 -9999 -9999 -9999 -9999 -9999 -9999 -9999 -9999 -9999 -9999 -9999 -9999 -9999 -9999 -9999 -9999 -9999 -9999 -9999 -9999 -9999 -9999 -9999 -9999 -9999 -9999 -9999 -9999 -9999 3.95218539237976 3.95206475257874 3.95204257965088 3.97966957092285
-9999 -9999 -9999 -9999 -9999 -9999 -9999 -9999 -9999 -9999 -9999 -9999 -9999 -9999 -9999 -9999 -9999 -9999 -9999 -9999 -9999 -9999 -9999 -9999 -9999 -9999 -9999 -9999 -9999 -9999 -9999 -9999 -9999 -9999 -9999 -9999 -9999 -9999 -9999 -9999 -9999 -9999 -9999 -9999 -9999 -9999 -9999 -9999 -9999 -9999 -9999 3.95290732383728 3.95275568962097 3.98064637184143 3.98064637184143 3.98035407066345 3.97988224029541
-9999 -9999 -9999 -9999 -9999 -9999 -9999 -9999 -9999 -9999 -9999 -9999 -9999 -9999 -9999 -9999 -9999 -9999 -9999 -9999 -9999 -9999 -9999 -9999 -9999 -9999 -9999 -9999 -9999 -9999 -9999 -9999 -9999 -9999 -9999 -9999 -9999 -9999 -9999 -9999 -9999 -9999 -9999 -9999 -9999 -9999 -9999 -9999 -9999 -9999 3.95305061340332 3.98153948783875 3.9812273979187 3.98088312149048 3.98076581954956 3.98058700561523 3.98008322715759
-9999 -9999 -9999 -9999 -9999 -9999 -9999 -9999 -9999 -9999 -9999 -9999 -9999 -9999 -9999 -9999 -9999 -9999 -9999 -9999 -9999 -9999 -9999 -9999 -9999 -9999 -9999 -9999 -9999 -9999 -9999 -9999 -9999 -9999 -9999 -9999 -9999 -9999 -9999 -9999 -9999 -9999 -9999 -9999 -9999 -9999 -9999 -9999 3.98298931121826 3.98248171806335 3.98232269287109 3.98174452781677 3.98116135597229 3.98079609870911 3.98058438301086 3.97999858856201 3.97994208335876
-9999 -9999 -9999 -9999 -9999 -9999 -9999 -9999 -9999 -9999 -9999 -9999 -9999 -9999 -9999 -9999 -9999 -9999 -9999 -9999 -9999 -9999 -9999 -9999 -9999 -9999 -9999 -9999 -9999 -9999 -9999 -9999 -9999 -9999 -9999 -9999 -9999 -9999 -9999 -9999 -9999 -9999 -9999 -9999 -9999 -9999 -9999 3.9835524559021 3.9830334186554 3.98254299163818 3.98188638687134 3.98189687728882 3.98117184638977 3.98100137710571 3.98063945770264 3.97991418838501 3.97933530807495
-9999 -9999 -9999 -9999 -9999 -9999 -9999 -9999 -9999 -9999 -9999 -9999 -9999 -9999 -9999 -9999 -9999 -9999 -9999 -9999 -9999 -9999 -9999 -9999 -9999 -9999 -9999 -9999 -9999 -9999 -9999 -9999 -9999 -9999 -9999 -9999 -9999 -9999 -9999 -9999 -9999 -9999 -9999 3.98606514930725 3.9851245880127 3.98426365852356 3.98379278182983 3.98375630378723 3.98290991783142 3.98243308067322 3.98202896118164 3.98115921020508 3.98095655441284 3.98080348968506 3.97969007492065 3.97805500030518 3.97817516326904
3.96667790412903 3.99246072769165 3.99192810058594 3.9811863899231 3.98998928070068 3.99082684516907 -9999 -9999 -9999 -9999 -9999 -9999 -9999 -9999 -9999 -9999 -9999 -9999 -9999 -9999 -9999 -9999 -9999 -9999 -9999 -9999 -9999 -9999 -9999 -9999 -9999 -9999 -9999 -9999 -9999 -9999 -9999 -9999 -9999 3.9887797832489 3.98872995376587 3.98822474479675 3.98667764663696 3.98671770095825 3.98613047599792 3.9848096370697 3.98444962501526 3.98380899429321 3.98290920257568 3.98184299468994 3.98105573654175 3.97469282150269 3.97479772567749 3.97555732727051 3.97984981536865 3.97953176498413 3.97471046447754
3.99238872528076 3.99224448204041 3.9911527633667 3.9839608669281 3.9894585609436 3.99073028564453 3.99119281768799 3.99127173423767 3.99098229408264 3.9933545589447 3.9934504032135 3.99073481559753 3.99340677261353 3.99306964874268 -9999 -9999 -9999 -9999 -9999 -9999 -9999 -9999 -9999 -9999 -9999 -9999 -9999 -9999 -9999 -9999 -9999 -9999 -9999 -9999 -9999 -9999 3.98971557617188 3.98908066749573 3.98973917961121 3.98954057693481 3.98899698257446 3.98789072036743 3.98734188079834 3.98738598823547 3.98592400550842 3.98572087287903 3.98541402816772 3.98330521583557 3.98115181922913 3.98125410079956 3.98103952407837 3.98110365867615 3.98076438903809 3.98038172721863 3.9801561832428 3.98005676269531 3.9791362285614
3.99232721328735 3.99219751358032 3.98431539535522 3.98637247085571 3.99100661277771 3.99149656295776 3.99150538444519 3.9928560256958 3.99139380455017 3.99334979057312 4.00458669662476 4.00445461273193 4.00454330444336 4.0042028427124 4.00457572937012 4.00457382202148 3.99108505249023 -9999 3.99257254600525 3.99095726013184 3.99075484275818 3.99055886268616 3.99062776565552 3.99018788337708 3.99053239822388 3.99074196815491 3.99074554443359 3.9906792640686 3.99035501480103 3.99079203605652 3.99068760871887 3.99110722541809 3.9911367893219 3.99091792106628 3.98964977264404 3.9818377494812 3.98836755752563 3.98687148094177 3.98722982406616 3.98734402656555 3.98714184761047 3.98717641830444 3.98003315925598 3.98191022872925 3.98360800743103 3.98296189308167 3.98188495635986 3.98083543777466 3.98218178749084 3.97790932655334 3.98142695426941 3.98165392875671 3.98106622695923 3.9804573059082 3.98008275032043 3.97949934005737 3.97949481010437
3.99280452728271 3.98725938796997 3.97665667533875 3.99058723449707 3.99232912063599 3.99226236343384 3.99314332008362 3.9926393032074 3.99188208580017 4.00489044189453 4.00458240509033 4.00496244430542 4.00473165512085 4.00457096099854 4.00481367111206 4.00476837158203 4.00460004806519 3.99123597145081 3.99121165275574 3.99206876754761 3.99135565757751 3.99176001548767 3.99153208732605 3.99196195602417 3.99149632453918 3.99221348762512 3.99308633804321 3.99233317375183 3.99232482910156 3.99190855026245 3.99171662330627 3.99273490905762 3.99133133888245 3.99117136001587 3.99149990081787 3.99039578437805 3.99044179916382 3.99005508422852 3.99006009101868 3.9892692565918 3.98849272727966 3.98733687400818 3.98700976371765 3.9861273765564 3.98442697525024 3.98350191116333 3.98300313949585 3.9826648235321 3.98274111747742 3.98185014724731 3.98175501823425 3.98114728927612 3.98112869262695 3.98050713539124 3.98029565811157 3.97958827018738 3.97892999649048
3.98759865760803 3.98750042915344 3.99282908439636 3.99384617805481 3.99285054206848 3.99248909950256 3.99366617202759 3.9925549030304 3.99370646476746 4.0048828125 4.00526189804077 4.00496006011963 4.00472974777222 4.00489473342896 4.00507116317749 4.00273847579956 4.00486946105957 4.00473117828369 3.9938817024231 3.99181938171387 3.99260568618774 3.99268078804016 3.9922239780426 3.99303793907166 3.99234652519226 3.99254584312439 3.99297213554382 3.99253368377686 3.99278259277344 3.99270629882812 3.99321103096008 3.99278903007507 3.99225664138794 3.99224019050598 3.99236607551575 3.99065732955933 3.99059796333313 3.99025940895081 3.99121165275574 3.98948979377747 3.98889350891113 3.98828864097595 3.98664569854736 3.98752284049988 3.9852249622345 3.98487496376038 3.98421621322632 3.98284196853638 3.98290205001831 3.98191046714783 3.98191261291504 3.98184752464294 3.98068499565125 3.98055744171143 3.97967171669006 3.97953724861145 3.97889924049377
3.99286103248596 3.99395060539246 3.99418950080872 3.99456214904785 3.99480438232422 3.99553918838501 3.99588370323181 3.99533128738403 4.0054783821106 4.00553607940674 4.00579929351807 4.00495910644531 4.00501251220703 3.9934253692627 3.99355792999268 3.99361252784729 3.99340438842773 4.0049934387207 4.00501203536987 4.00472497940063 4.00536298751831 4.00525426864624 4.00505065917969 3.9940402507782 3.99400019645691 3.99406218528748 3.99341011047363 3.99325633049011 3.99320554733276 3.99327731132507 3.99287724494934 3.99293518066406 3.99294233322144 3.99222803115845 3.99263095855713 3.99182271957397 3.99252486228943 3.99229955673218 3.99069619178772 3.99062013626099 3.98940205574036 3.98941373825073 3.98930835723877 3.98838067054749 3.98659467697144 3.98614764213562 3.9846658706665 3.98317718505859 3.9840841293335 3.98250985145569 3.98192977905273 3.98177266120911 3.98110604286194 3.98063969612122 3.97955274581909 3.97892498970032 3.97889494895935
3.99508380889893 3.995600938797 3.99751424789429 3.99583911895752 3.99538445472717 3.99562001228333 3.99583911895752 3.99450945854187 4.00570011138916 4.00575828552246 4.00560092926025 4.00574588775635 3.99366545677185 3.99439835548401 3.99459838867188 3.99492931365967 3.99477982521057 4.00431251525879 3.99362874031067 4.00522375106812 4.00536108016968 4.00524950027466 4.00504732131958 4.00556182861328 4.0056037902832 4.0058331489563 4.00665712356567 3.99488258361816 3.99504160881042 3.99398922920227 3.9937732219696 3.99537563323975 4.00714683532715 3.99337387084961 3.99537467956543 3.99537420272827 3.99537396430969 3.99278330802917 4.00720548629761 4.00720453262329 4.00659418106079 4.00598096847534 3.99475860595703 3.98700332641602 3.98700523376465 3.98472666740417 3.98401927947998 3.98445081710815 3.98336625099182 3.98279857635498 3.98308968544006 3.98115539550781 3.98121666908264 3.98000192642212 3.97954368591309 3.97889709472656 3.97893691062927
3.9960949420929 3.99602484703064 3.99579691886902 3.99635171890259 4.00587034225464 4.00595760345459 4.006019115448 4.00584650039673 4.00593566894531 4.00606346130371 4.00576972961426 4.00574588775635 3.99419498443604 3.99443888664246 3.99468374252319 3.99476885795593 3.99469757080078 4.0046010017395 3.99510788917542 4.00669288635254 4.00660371780396 4.00672483444214 4.00670337677002 4.00681400299072 4.00688791275024 4.00588989257812 4.00600671768188 4.00681018829346 4.00681018829346 4.00681257247925 4.00726699829102 4.00726938247681 4.00726890563965 4.00726890563965 3.9945375919342 4.0078125 4.00781202316284 4.00720405578613 4.00720357894897 4.00774812698364 4.00713729858398 3.99475836753845 3.98834991455078 3.99414157867432 3.98639845848083 3.98569488525391 3.98482584953308 3.98464035987854 3.9837794303894 3.98289012908936 3.98259019851685 3.98162841796875 3.98122644424438 3.98047566413879 3.97950434684753 3.97894263267517 3.97895765304565
4.00596380233765 4.00599098205566 4.0059494972229 4.00567245483398 4.00602865219116 4.00582504272461 4.00615167617798 4.00662279129028 4.00632905960083 4.00635623931885 3.9949061870575 3.99469542503357 3.99492859840393 3.99564504623413 3.99536061286926 3.99563837051392 3.99536204338074 3.99530553817749 3.99526786804199 3.99602961540222 3.99536180496216 3.99590730667114 3.99610924720764 4.00753211975098 3.99606513977051 4.00794172286987 4.00757312774658 4.0076584815979 4.00815677642822 4.00815677642822 4.0083794593811 4.0087103843689 4.00726842880249 4.00726795196533 3.99604320526123 4.00835704803467 4.00835704803467 4.0077486038208 4.00774812698364 4.00713729858398 4.00713682174683 4.00652360916138 4.00652313232422 3.99414014816284 3.9871392250061 3.98567342758179 3.98481011390686 3.98379850387573 3.97592520713806 3.95913410186768 3.98324036598206 3.98113894462585 3.98209738731384 3.98082232475281 3.9789183139801 3.97896790504456 3.97827506065369
4.00648880004883 4.00670671463013 4.00619268417358 4.00619459152222 4.00654172897339 4.00627183914185 4.00635671615601 3.99594616889954 3.99510216712952 3.99533939361572 3.9955358505249 3.99529814720154 3.99556159973145 3.99553084373474 3.99543166160583 3.99605917930603 3.99620866775513 3.99576807022095 3.99564123153687 4.00829696655273 4.00840139389038 3.99670910835266 4.000732421875 4.00018787384033 4.00816583633423 3.99645090103149 4.00660228729248 4.00871658325195 4.00871610641479 4.00899410247803 4.00899410247803 4.00926685333252 4.0095386505127 4.00954437255859 4.00926113128662 4.00926065444946 4.0092601776123 4.00865173339844 4.00774812698364 4.00713682174683 4.00652503967285 3.96742057800293 3.98918128013611 3.96949291229248 3.9927761554718 3.9747257232666 3.98056817054749 3.97966384887695 3.98874068260193 3.98697805404663 3.97873640060425 3.98359513282776 3.98185300827026 3.9813380241394 3.97955918312073 3.97865200042725 3.97791385650635
3.99519944190979 3.99550557136536 3.99597811698914 3.99605274200439 3.99627757072449 3.99585866928101 3.99598979949951 3.99628949165344 3.9960732460022 3.99626493453979 3.99658131599426 4.00112390518188 3.99958300590515 3.99697756767273 3.9972550868988 3.99795150756836 3.99721717834473 3.99710440635681 3.99715137481689 4.00854301452637 4.00861692428589 3.99723434448242 4.00175142288208 4.00183153152466 4.00847482681274 3.99737238883972 3.99772214889526 3.99760794639587 3.99777126312256 3.9978015422821 3.99807071685791 4.0095386505127 4.00953912734985 4.00954484939575 4.00954437255859 4.00954437255859 4.00805330276489 4.00805282592773 4.00805187225342 3.99823927879333 4.01178455352783 4.02318239212036 4.01507377624512 3.98662400245667 4.01029825210571 4.00452089309692 4.00256872177124 4.01731204986572 4.01674222946167 4.01470613479614 3.99907612800598 4.00615787506104 3.97532033920288 3.97412371635437 3.97915005683899 3.97869992256165 3.97790455818176
3.99635314941406 3.99631714820862 3.99658823013306 3.99673867225647 3.99659657478333 3.99703431129456 3.99690413475037 3.99686408042908 3.99686717987061 4.00079488754272 3.99959945678711 4.00063562393188 4.00008583068848 3.99934935569763 3.99947023391724 4.00060606002808 4.00657320022583 3.99775171279907 3.99774050712585 4.00729990005493 3.99803733825684 3.99796509742737 4.00953912734985 4.00908851623535 4.00733137130737 4.00732612609863 3.9972996711731 3.99731659889221 3.99751734733582 3.99751448631287 3.99750876426697 4.00896453857422 4.00896453857422 3.99810004234314 3.99721431732178 4.00866270065308 4.00805377960205 4.00805282592773 4.00744009017944 4.00546312332153 4.02303647994995 4.09188795089722 4.07063961029053 4.03224420547485 4.02248287200928 4.01994705200195 4.03918933868408 4.07061815261841 4.07055807113647 4.03871250152588 4.03860664367676 4.01835060119629 4.01361751556396 4.00446367263794 4.00373077392578 3.96234631538391 3.96122694015503
3.99723029136658 4.00033569335938 3.99776744842529 3.9976921081543 3.998211145401 3.99895262718201 3.99756574630737 3.99741530418396 4.00288724899292 3.99972438812256 3.99971151351929 4.00012302398682 4.00022411346436 3.9998037815094 2.85026049613953 3.99978184700012 4.00079298019409 3.99814462661743 3.99819350242615 3.99787712097168 3.99850630760193 3.99840021133423 3.99842500686646 3.99821090698242 3.99794888496399 3.99785780906677 3.99764585494995 3.99766898155212 3.99752378463745 3.99751472473145 3.99750924110413 3.99751019477844 3.99751901626587 3.99753165245056 3.99754190444946 3.99766445159912 4.00836324691772 4.00836229324341 4.00071954727173 4.02449798583984 4.08477163314819 4.09148025512695 4.09138202667236 4.07084941864014 4.04043960571289 4.04036521911621 4.084153175354 4.14049816131592 4.08500337600708 4.03961277008057 4.06099224090576 4.06101226806641 4.05867958068848 4.03847074508667 4.01468181610107 4.01467561721802 4.01530838012695
3.99664735794067 3.99698996543884 3.99712991714478 3.99710249900818 4.00422286987305 4.00005865097046 4.00227499008179 4.00146436691284 3.99832391738892 3.99844670295715 3.99855780601501 3.99943017959595 3.99972128868103 3.99973249435425 3.9667820930481 4.00017023086548 3.99899697303772 3.99932169914246 3.99941492080688 3.99856734275818 3.9990541934967 4.00294065475464 3.99848079681396 3.99847722053528 3.99845194816589 3.99828052520752 3.99796175956726 3.99799275398254 3.99781394004822 4.00725555419922 3.99781274795532 3.99798250198364 3.99804973602295 3.99811768531799 3.99803495407104 3.99801278114319 3.99787998199463 4.00806665420532 4.06002712249756 4.09174728393555 4.1395435333252 4.1980447769165 4.19720125198364 4.07137870788574 4.13830327987671 4.40029668807983 4.21326351165771 4.20175170898438 4.14130878448486 4.14242124557495 4.14406108856201 4.09322690963745 4.08687305450439 4.0726318359375 4.03732967376709 4.06006860733032 4.07231283187866
3.99661016464233 3.99698996543884 3.99675154685974 3.99634790420532 3.99723982810974 3.99721097946167 3.99740767478943 3.99781608581543 3.9980411529541 3.9986674785614 3.99908375740051 3.99916648864746 3.99916672706604 3.99930262565613 3.99936509132385 4.0002384185791 4.00119256973267 3.99997639656067 4.00006532669067 4.00046253204346 4.00050401687622 4.00080299377441 3.99956679344177 3.99927473068237 3.99872136116028 3.99848914146423 3.99840784072876 3.99858546257019 4.00963401794434 4.00963354110718 4.00963354110718 3.99832534790039 3.99832630157471 4.00123691558838 3.99890351295471 3.99853682518005 3.99836683273315 4.00841856002808 4.05995225906372 4.139075756073 4.22826147079468 4.22795438766479 5.74840497970581 6.71274948120117 5.78956079483032 4.23859357833862 4.40486145019531 4.40647029876709 4.41517162322998 4.24453830718994 4.24401473999023 4.1545033454895 4.14714860916138 4.09388494491577 4.09388637542725 4.0943546295166 4.11607837677002
3.99686360359192 3.9970817565918 3.99693632125854 3.99703884124756 3.99736332893372 3.9972620010376 3.99748611450195 3.99789643287659 3.99802136421204 3.99838757514954 3.99856352806091 3.99918365478516 3.99931001663208 3.99931979179382 3.99935269355774 3.99961137771606 4.00127220153809 4.00100231170654 4.0008544921875 4.00178813934326 4.00482940673828 4.00057315826416 4.00074243545532 3.9996874332428 3.99947333335876 3.99931502342224 3.99885559082031 3.9989128112793 3.99866962432861 4.00973558425903 3.99863696098328 3.99864912033081 3.99855756759644 3.99872159957886 3.99889206886292 4.00270986557007 3.99923586845398 3.9986515045166 4.04169368743896 4.13750791549683 4.22491550445557 4.22729063034058 4.14865636825562 5.75475883483887 6.66503763198853 6.70283126831055 6.70273780822754 6.83686923980713 5.22882175445557 5.20636701583862 4.66439151763916 4.43769407272339 4.40132570266724 4.25809049606323 4.22268486022949 4.15117454528809 4.1524076461792
