G_variables/Set1/RCP4_2050/Min_tem_max.asc
NCOLS 229 
NROWS 147 
XLLCORNER -101.25 
YLLCORNER 14.3333333333333 
CELLSIZE 0.0833333333333333 
NODATA_value -9999 
[rows 52 to 77 of 147, columns 114 to 170 of 229]
26.2181015014648 25.3882637023926 29.8256874084473 31.0097274780273 30.9867038726807 29.9921913146973 30.9509468078613 30.9252338409424 30.8687152862549 30.7676067352295 30.0577049255371 29.9765720367432 29.9971485137939 29.9614887237549 29.9588985443115 29.8794231414795 29.1341209411621 29.6758632659912 29.785514831543 29.7459354400635 29.6107521057129 29.5901622772217 29.6365852355957 29.4708786010742 29.5474262237549 28.7065525054932 29.2984943389893 28.6580066680908 28.7151260375977 28.5845680236816 29.1260681152344 29.1170558929443 29.0149517059326 28.9813060760498 30.3243026733398 30.3310508728027 29.0498504638672 29.0000782012939 28.9818859100342 28.9525127410889 28.8933029174805 28.8834095001221 30.204833984375 30.1465301513672 29.035005569458 29.0444259643555 28.9560146331787 28.9794635772705 29.3369312286377 29.3452072143555 29.8209323883057 29.4087905883789 29.1367359161377 29.2656517028809 29.0989017486572 29.0469131469727 29.7668743133545
29.4051532745361 26.9856472015381 30.9515190124512 31.0039443969727 30.9362010955811 30.5769214630127 30.6821346282959 30.636890411377 30.7839183807373 30.7043838500977 30.0585556030273 30.039270401001 30.7876243591309 30.7307739257812 29.1985092163086 29.1746807098389 29.1091346740723 29.1048107147217 30.1250782012939 29.497579574585 28.9467811584473 29.5947551727295 29.6034832000732 29.4113578796387 29.5496196746826 29.3918724060059 29.2720394134521 29.2968597412109 29.2138862609863 29.1296997070312 29.0727519989014 28.8292465209961 28.9870147705078 28.9327526092529 29.3642673492432 29.3388652801514 29.316707611084 29.147575378418 29.4704284667969 29.4456272125244 29.0691032409668 29.371301651001 30.1874141693115 30.1753711700439 29.2791538238525 29.3113040924072 28.935266494751 28.9569454193115 29.0608711242676 28.9648380279541 29.0411853790283 29.039888381958 29.6982803344727 29.6556396484375 29.524600982666 29.1820430755615 29.1707668304443
29.9256706237793 29.4535598754883 30.9342937469482 30.9712753295898 30.691047668457 30.8105697631836 29.3611259460449 30.7802295684814 30.1549339294434 30.1021537780762 30.0666542053223 29.3101501464844 30.7405738830566 30.7033653259277 30.441650390625 30.3856468200684 29.8657875061035 29.8464260101318 29.6848564147949 29.6389751434326 29.6659488677979 29.582670211792 29.6003227233887 29.3112716674805 29.5509510040283 29.3656406402588 29.0805797576904 29.2203197479248 29.1590270996094 29.3540267944336 29.3002643585205 29.2538108825684 29.2280597686768 29.446605682373 29.4162273406982 29.2682094573975 29.5892562866211 29.4939041137695 29.8217582702637 29.808765411377 29.7816543579102 29.3845024108887 30.1606063842773 30.1519908905029 29.6502685546875 29.3271884918213 29.3065280914307 29.2769412994385 29.3293418884277 28.9624900817871 29.0027160644531 29.0477390289307 29.6946659088135 29.820384979248 29.6880741119385 29.6824493408203 29.694164276123
29.4609603881836 29.4470367431641 30.2643184661865 30.7040634155273 30.2411937713623 30.5593433380127 29.391263961792 29.8200340270996 30.1637382507324 30.1192665100098 30.0141048431396 30.0743026733398 29.9664421081543 30.4425640106201 30.6173057556152 30.620288848877 29.8436965942383 29.7101249694824 29.8039703369141 29.7420425415039 29.6747379302979 29.6686897277832 30.1835117340088 29.8918075561523 29.5233001708984 29.501745223999 29.4519958496094 29.4091491699219 30.4123020172119 30.3655910491943 29.6253890991211 29.8077640533447 29.3722076416016 29.7492771148682 29.293493270874 29.5982322692871 30.0600852966309 30.0437145233154 30.1723670959473 30.1768131256104 29.9384593963623 29.944128036499 30.0458717346191 30.1809101104736 29.8590145111084 29.8412342071533 29.7999229431152 29.8142127990723 29.6208763122559 29.785717010498 29.6082935333252 29.9465675354004 29.4040203094482 29.7876358032227 30.1438064575195 30.1581935882568 29.8325023651123
29.519250869751 30.147518157959 30.2859210968018 30.5330448150635 30.751277923584 29.4232845306396 30.1124839782715 30.1013336181641 30.4849662780762 30.0822200775146 30.0193462371826 30.0843830108643 30.5726509094238 30.618673324585 29.9497299194336 30.4960536956787 30.1305408477783 30.484001159668 30.5199413299561 30.4345893859863 30.0165309906006 30.3878555297852 30.4435157775879 30.4444217681885 29.7913093566895 29.7211647033691 29.6091632843018 29.9374580383301 30.404483795166 30.3349704742432 30.1276226043701 30.0828170776367 30.1992568969727 30.1768321990967 30.1630096435547 30.1099338531494 30.1992053985596 30.0387878417969 30.1754722595215 30.1715850830078 30.1410045623779 30.0506496429443 30.077844619751 30.1560096740723 29.8484687805176 30.0726261138916 29.7960300445557 29.8107643127441 29.7221698760986 29.7239627838135 29.7534580230713 29.7563400268555 29.7644729614258 29.7724342346191 30.1684970855713 30.1666736602783 29.9352588653564
30.1718978881836 30.2963695526123 30.2873783111572 30.5442752838135 30.625 29.9522552490234 29.4408340454102 29.992618560791 30.2193222045898 30.1149940490723 30.1344089508057 30.069299697876 30.6621284484863 30.6060409545898 29.9597759246826 30.2313404083252 30.4521865844727 30.3030757904053 30.5283946990967 30.4698295593262 29.912145614624 30.3534412384033 30.1377925872803 30.2798538208008 30.272647857666 30.281623840332 30.3348999023438 30.2243061065674 30.2185382843018 30.2716960906982 30.2316379547119 30.20041847229 30.2779655456543 30.262321472168 30.22607421875 30.2739086151123 30.159782409668 30.1460628509521 30.1647396087646 30.1591377258301 30.1396942138672 29.691686630249 29.6523323059082 30.1508445739746 30.137788772583 30.0755615234375 30.0718517303467 30.1043891906738 29.9758110046387 30.0475330352783 29.9901313781738 30.0487499237061 30.0676918029785 30.0559864044189 30.1631526947021 30.1635189056396 30.0654144287109
30.0611019134521 30.5503826141357 30.3449993133545 30.3273124694824 30.3219776153564 30.29665184021 30.5930500030518 30.6968250274658 30.2524967193604 30.6579265594482 30.5789813995361 30.5738964080811 30.6189994812012 30.5830116271973 29.9927463531494 30.1699810028076 30.5248737335205 30.5057334899902 30.4882278442383 30.4632797241211 30.1854934692383 30.4538707733154 30.3444766998291 30.2818698883057 30.3519077301025 30.3707180023193 30.3614730834961 30.3429756164551 30.3688354492188 30.3419055938721 30.300910949707 30.3400535583496 30.1743850708008 30.1508560180664 30.1970081329346 30.2029762268066 30.2052001953125 30.1826419830322 30.1664543151855 30.1562328338623 30.1330585479736 30.1293487548828 30.0915775299072 30.0859870910645 30.0658054351807 30.0620708465576 30.1092166900635 30.0965900421143 29.9890747070312 30.0541915893555 29.7688980102539 29.7539443969727 30.1303749084473 30.1463241577148 30.1582050323486 30.1703243255615 29.4256153106689
30.379337310791 30.5299263000488 30.305850982666 30.6559791564941 30.8058300018311 30.1101665496826 30.5729827880859 30.6925735473633 30.6690731048584 30.6494235992432 30.3407688140869 30.4744396209717 30.2854766845703 30.4044399261475 30.1823577880859 30.2958755493164 30.5213527679443 30.4825267791748 30.4690208435059 30.4995269775391 30.4555435180664 30.4703598022461 30.4337673187256 30.4288158416748 30.4009380340576 30.4126033782959 30.3787879943848 30.3620853424072 30.3338718414307 30.3171806335449 30.3074474334717 30.266695022583 30.2448577880859 30.2348747253418 30.2288265228271 30.2163333892822 30.1886310577393 30.1859340667725 30.14674949646 30.121374130249 30.1445980072021 30.1307544708252 30.1467571258545 30.1447505950928 30.1419315338135 30.140645980835 30.1133842468262 30.0970554351807 30.1008415222168 30.1024074554443 29.3096981048584 29.3716506958008 30.1082630157471 30.1382026672363 30.1497116088867 30.2054481506348 30.1086483001709
30.3914089202881 30.7168369293213 30.6861381530762 30.834997177124 30.8027534484863 30.6161212921143 30.6719627380371 30.6938018798828 30.6058769226074 30.5398635864258 30.5038204193115 30.4683856964111 30.4440231323242 30.433219909668 30.3781700134277 30.510066986084 30.4723339080811 30.4885902404785 30.4650993347168 30.4726696014404 30.4494342803955 30.4446716308594 30.4205684661865 30.4005851745605 30.3949432373047 30.3827514648438 30.333101272583 30.3196983337402 30.3191547393799 30.29052734375 30.2907104492188 30.2544593811035 30.240255355835 30.2499713897705 30.2110195159912 30.2000370025635 30.1942043304443 30.1955604553223 30.174503326416 30.1679801940918 30.1667728424072 30.148136138916 -9999 -9999 30.1399459838867 30.1411418914795 30.1389961242676 30.1399478912354 30.1547431945801 30.1555595397949 30.0937976837158 30.059419631958 30.1678333282471 30.1861782073975 30.1934299468994 30.2129573822021 30.2354755401611
30.3111591339111 30.4521293640137 30.8613128662109 30.8143215179443 30.6496601104736 30.5578422546387 30.7332229614258 30.6796817779541 30.6070346832275 30.6233386993408 30.597204208374 30.5851974487305 30.5916614532471 30.5328216552734 30.5341796875 30.538516998291 30.5348320007324 30.4793109893799 30.4768600463867 30.4583625793457 30.4408187866211 30.4190082550049 30.4299392700195 30.3946075439453 30.3703765869141 30.3532562255859 30.3427562713623 30.2973194122314 30.285120010376 30.3047828674316 30.2504119873047 30.2373218536377 30.2389125823975 30.222692489624 30.231014251709 30.2195320129395 30.2130947113037 30.188383102417 -9999 -9999 -9999 -9999 -9999 -9999 -9999 -9999 -9999 -9999 -9999 -9999 30.1547908782959 30.1696033477783 30.1698970794678 30.189037322998 30.2024421691895 30.2278842926025 -9999
30.7469005584717 30.857141494751 30.8506412506104 30.6733989715576 30.6820468902588 30.6698608398438 30.6636734008789 30.6622371673584 30.6479206085205 30.6285839080811 30.6293392181396 30.6252841949463 30.5948276519775 30.5732097625732 30.5456199645996 30.5393962860107 30.5017604827881 30.5229301452637 30.4808349609375 30.4557037353516 30.4644298553467 30.4458026885986 30.3935775756836 30.3881778717041 30.355489730835 30.3380184173584 30.318244934082 30.2917308807373 30.2854270935059 30.3102493286133 30.2865142822266 30.2695941925049 30.2529773712158 30.2496452331543 30.2390689849854 -9999 -9999 -9999 -9999 -9999 -9999 -9999 -9999 -9999 -9999 -9999 -9999 -9999 -9999 -9999 -9999 -9999 -9999 -9999 -9999 -9999 -9999
30.9076614379883 30.8611850738525 30.7966060638428 30.7641849517822 30.7163009643555 30.6765975952148 30.6581153869629 30.6589279174805 30.6981086730957 30.6264610290527 30.6395092010498 30.5987186431885 30.5772571563721 30.5957221984863 30.5683708190918 30.5559101104736 30.5542583465576 30.5354709625244 30.4900970458984 30.4661903381348 30.4767189025879 30.4423980712891 30.4283199310303 30.41086769104 30.4063720703125 30.3698024749756 30.3437614440918 30.3244209289551 -9999 -9999 -9999 -9999 -9999 -9999 -9999 -9999 -9999 -9999 -9999 -9999 -9999 -9999 -9999 -9999 -9999 -9999 -9999 -9999 -9999 -9999 -9999 -9999 -9999 -9999 -9999 -9999 -9999
30.8980884552002 30.830041885376 30.5386638641357 30.7617874145508 30.689115524292 30.727653503418 30.7005062103271 30.7148113250732 30.6429824829102 30.6365489959717 30.628381729126 30.6168251037598 30.6329402923584 30.5991134643555 30.5739440917969 30.5751323699951 30.569185256958 30.5507335662842 30.5343227386475 30.5080280303955 30.5023097991943 30.4853324890137 30.465051651001 -9999 -9999 -9999 -9999 -9999 -9999 -9999 -9999 -9999 -9999 -9999 -9999 -9999 -9999 -9999 -9999 -9999 -9999 -9999 -9999 -9999 -9999 -9999 -9999 -9999 -9999 -9999 -9999 -9999 -9999 -9999 -9999 -9999 -9999
30.5969638824463 30.5933074951172 30.7894954681396 30.7636337280273 30.7946357727051 30.7201595306396 30.6667594909668 30.6510791778564 30.6862316131592 30.6791286468506 30.6468505859375 30.6377620697021 30.5966644287109 30.634614944458 30.6327209472656 30.6068077087402 30.6152954101562 30.5910034179688 30.5784893035889 30.562463760376 30.5427761077881 -9999 -9999 -9999 -9999 -9999 -9999 -9999 -9999 -9999 -9999 -9999 -9999 -9999 -9999 -9999 -9999 -9999 -9999 -9999 -9999 -9999 -9999 -9999 -9999 -9999 -9999 -9999 -9999 -9999 -9999 -9999 -9999 -9999 -9999 -9999 -9999
30.6049041748047 30.6058311462402 30.7848281860352 30.736255645752 30.7338104248047 30.707893371582 30.6808738708496 30.6920700073242 30.655632019043 30.6299743652344 30.6349925994873 30.6283226013184 30.6704978942871 30.6958827972412 30.6746044158936 30.6625366210938 30.6448516845703 30.6237316131592 -9999 -9999 -9999 -9999 -9999 -9999 -9999 -9999 -9999 -9999 -9999 -9999 -9999 -9999 -9999 -9999 -9999 -9999 -9999 -9999 -9999 -9999 -9999 -9999 -9999 -9999 -9999 -9999 -9999 -9999 -9999 -9999 -9999 -9999 -9999 -9999 -9999 -9999 -9999
30.8144969940186 30.8288440704346 30.6118488311768 30.81125831604 30.7557220458984 30.703104019165 30.7573375701904 30.7084407806396 30.7354736328125 30.6471328735352 30.7261924743652 30.7206363677979 30.7175197601318 30.6990432739258 30.7011833190918 30.6884365081787 30.6554660797119 -9999 -9999 -9999 -9999 -9999 -9999 -9999 -9999 -9999 -9999 -9999 -9999 -9999 -9999 -9999 -9999 -9999 -9999 -9999 -9999 -9999 -9999 -9999 -9999 -9999 -9999 -9999 -9999 -9999 -9999 -9999 -9999 -9999 -9999 -9999 -9999 -9999 -9999 -9999 -9999
30.7921600341797 30.7115821838379 30.6070327758789 30.7235565185547 30.8095664978027 30.7725467681885 30.7843837738037 30.7969303131104 30.753137588501 30.7438430786133 30.7475662231445 30.7415428161621 30.724048614502 30.7570018768311 30.7422256469727 30.7323665618896 30.7076892852783 -9999 -9999 -9999 -9999 -9999 -9999 -9999 -9999 -9999 -9999 -9999 -9999 -9999 -9999 -9999 -9999 -9999 -9999 -9999 -9999 -9999 -9999 -9999 -9999 -9999 -9999 -9999 -9999 -9999 -9999 -9999 -9999 -9999 -9999 -9999 -9999 -9999 -9999 -9999 -9999
30.8135204315186 30.7993659973145 30.6999893188477 30.7230129241943 30.8241500854492 30.7240371704102 30.7480812072754 30.7925300598145 30.7455272674561 30.7701282501221 30.7956809997559 30.7821826934814 30.7858180999756 30.7824554443359 30.7897453308105 30.7911796569824 30.746696472168 -9999 -9999 -9999 -9999 -9999 -9999 -9999 -9999 -9999 -9999 -9999 -9999 -9999 -9999 -9999 -9999 -9999 -9999 -9999 -9999 -9999 -9999 -9999 -9999 -9999 -9999 -9999 -9999 -9999 -9999 -9999 -9999 -9999 -9999 -9999 -9999 -9999 -9999 -9999 -9999
30.8113536834717 30.823823928833 30.6559276580811 30.8543376922607 30.8684463500977 30.8315486907959 30.7806644439697 30.828031539917 30.798454284668 30.8096122741699 30.779167175293 30.8191547393799 30.8444271087646 30.81369972229 30.8710384368896 30.78977394104 -9999 -9999 -9999 -9999 -9999 -9999 -9999 -9999 -9999 -9999 -9999 -9999 -9999 -9999 -9999 -9999 -9999 -9999 -9999 -9999 -9999 -9999 -9999 -9999 -9999 -9999 -9999 -9999 -9999 -9999 -9999 -9999 -9999 -9999 -9999 -9999 -9999 -9999 -9999 -9999 30.5601902008057
30.7760162353516 30.7929458618164 30.7933921813965 30.8836421966553 30.7710285186768 30.9088554382324 30.8927059173584 30.8642482757568 30.8101196289062 30.8243885040283 30.8377437591553 30.8599720001221 30.8713092803955 30.871223449707 30.8840179443359 30.815881729126 -9999 -9999 -9999 -9999 -9999 -9999 -9999 -9999 -9999 -9999 -9999 -9999 -9999 -9999 -9999 -9999 -9999 -9999 -9999 -9999 -9999 -9999 -9999 -9999 -9999 -9999 -9999 -9999 -9999 -9999 -9999 -9999 -9999 -9999 -9999 -9999 -9999 -9999 -9999 30.5733318328857 30.5753135681152
30.7710304260254 30.8151550292969 30.8147392272949 30.8498268127441 30.6079578399658 30.8886623382568 30.8822650909424 30.8600826263428 30.8827781677246 30.8561420440674 30.906192779541 30.8919792175293 30.9238967895508 30.8966178894043 30.9506454467773 -9999 -9999 -9999 -9999 -9999 -9999 -9999 -9999 -9999 -9999 -9999 -9999 -9999 -9999 -9999 -9999 -9999 -9999 -9999 -9999 -9999 -9999 -9999 -9999 -9999 -9999 -9999 -9999 -9999 -9999 -9999 -9999 -9999 -9999 -9999 -9999 -9999 -9999 -9999 30.5875453948975 30.5870609283447 30.3747730255127
30.777400970459 30.8268032073975 30.8354377746582 30.8240909576416 30.8663654327393 30.9319744110107 30.9400329589844 30.9481353759766 30.9668045043945 30.8981151580811 30.9322872161865 30.9337577819824 30.9536170959473 30.9957752227783 30.8983154296875 30.881893157959 -9999 -9999 -9999 -9999 -9999 -9999 -9999 -9999 -9999 -9999 -9999 -9999 -9999 -9999 -9999 -9999 -9999 -9999 -9999 -9999 -9999 -9999 -9999 -9999 -9999 -9999 -9999 -9999 -9999 -9999 -9999 -9999 -9999 -9999 -9999 -9999 -9999 30.5905704498291 30.5967407226562 30.339973449707 30.5912570953369
30.7657928466797 30.7484550476074 30.9205837249756 30.9089851379395 31.0424880981445 30.855354309082 30.8597526550293 30.8921928405762 30.9219818115234 30.9349918365479 30.9439277648926 30.9608173370361 31.0152721405029 31.0132083892822 31.0148868560791 -9999 -9999 -9999 -9999 -9999 -9999 -9999 -9999 -9999 -9999 -9999 -9999 -9999 -9999 -9999 -9999 -9999 -9999 -9999 -9999 -9999 -9999 -9999 -9999 -9999 -9999 -9999 -9999 -9999 -9999 -9999 -9999 -9999 -9999 -9999 -9999 -9999 -9999 30.5921516418457 30.6127128601074 29.6809597015381 30.6091499328613
30.8458633422852 30.9514007568359 30.9575271606445 30.9930057525635 30.7429008483887 30.9992370605469 30.9014568328857 30.9190235137939 30.9455661773682 30.9596881866455 31.0021667480469 30.9941539764404 31.0549850463867 31.0552768707275 31.073070526123 -9999 -9999 -9999 -9999 -9999 -9999 -9999 -9999 -9999 -9999 -9999 -9999 -9999 -9999 -9999 -9999 -9999 -9999 -9999 -9999 -9999 -9999 -9999 -9999 -9999 -9999 -9999 -9999 -9999 -9999 -9999 -9999 -9999 -9999 -9999 -9999 30.604305267334 30.6043968200684 30.632682800293 23.0081558227539 29.9617443084717 30.609920501709
30.9638080596924 30.9865913391113 30.9819259643555 30.9870109558105 31.0197811126709 31.0710353851318 31.1133460998535 31.0413436889648 30.975959777832 30.9685001373291 31.0111255645752 31.015287399292 31.0228614807129 31.0814590454102 31.0855197906494 -9999 -9999 -9999 -9999 -9999 -9999 -9999 -9999 -9999 -9999 -9999 -9999 -9999 -9999 -9999 -9999 -9999 -9999 -9999 -9999 -9999 -9999 -9999 -9999 -9999 -9999 -9999 -9999 -9999 -9999 -9999 -9999 -9999 -9999 -9999 -9999 30.6132583618164 30.6148300170898 30.6290512084961 16.2851638793945 21.7693405151367 29.67724609375
30.5471801757812 30.7366847991943 31.0525417327881 31.0211963653564 31.1462211608887 31.1453590393066 31.1284637451172 31.1661319732666 31.1267967224121 30.9938163757324 31.0149402618408 31.037935256958 31.1124153137207 31.1160755157471 31.1189994812012 -9999 -9999 -9999 -9999 -9999 -9999 -9999 -9999 -9999 -9999 -9999 -9999 -9999 -9999 -9999 -9999 -9999 -9999 -9999 -9999 -9999 -9999 -9999 -9999 -9999 -9999 -9999 -9999 -9999 -9999 -9999 -9999 -9999 -9999 -9999 -9999 30.630220413208 30.64967918396 29.6022796630859 16.1848487854004 14.005331993103 11.3256330490112
