G_variables/Set1/RCP4_2050/Min_tem_max.asc
NCOLS 229 
NROWS 147 
XLLCORNER -101.25 
YLLCORNER 14.3333333333333 
CELLSIZE 0.0833333333333333 
NODATA_value -9999 
[rows 26 to 51 of 147, columns 57 to 113 of 229]
-9999 -9999 -9999 -9999 -9999 -9999 -9999 -9999 -9999 -9999 -9999 -9999 -9999 -9999 -9999 -9999 -9999 -9999 -9999 -9999 -9999 -9999 -9999 -9999 -9999 -9999 -9999 -9999 -9999 3.99823784828186 3.9981951713562 3.997807264328 3.99799537658691 3.96690201759338 2.85287642478943 3.98883748054504 3.99808931350708 3.99764895439148 3.99774360656738 3.99778819084167 3.99730229377747 3.99725008010864 3.99728965759277 3.99696040153503 3.99700856208801 3.99751377105713 3.9971764087677 3.99724936485291 3.99697852134705 3.99667739868164 3.99677538871765 3.99697875976562 3.99672532081604 3.99690532684326 3.99697017669678 3.99691581726074 3.9969654083252
-9999 -9999 -9999 -9999 -9999 -9999 -9999 -9999 -9999 -9999 -9999 -9999 -9999 -9999 -9999 -9999 -9999 -9999 -9999 -9999 -9999 -9999 -9999 -9999 -9999 -9999 -9999 -9999 3.99861311912537 3.9984188079834 3.99839735031128 3.99850511550903 3.99819397926331 3.98947811126709 3.9981369972229 3.99775338172913 3.99773383140564 3.99775147438049 3.99737024307251 3.99732565879822 3.99723029136658 3.99696135520935 3.99692130088806 3.99699926376343 3.99677133560181 3.99679350852966 3.9967896938324 3.99708127975464 3.99709749221802 3.99726605415344 3.99716234207153 3.99697709083557 3.99713325500488 3.9972813129425 3.99715542793274 3.99715137481689 3.99739265441895
-9999 -9999 -9999 -9999 -9999 -9999 -9999 -9999 -9999 -9999 -9999 -9999 -9999 -9999 -9999 -9999 -9999 -9999 -9999 -9999 -9999 -9999 -9999 -9999 -9999 -9999 -9999 -9999 3.99904084205627 3.9990234375 3.99901795387268 3.99916672706604 3.99882888793945 3.99873352050781 3.99901223182678 3.99943733215332 3.99852013587952 3.99884748458862 3.99826979637146 3.99787712097168 3.99793577194214 3.9975574016571 3.99752879142761 3.99764776229858 3.99738359451294 3.99731540679932 3.99747252464294 3.99724268913269 3.99720239639282 3.99732899665833 3.99756765365601 3.99739837646484 3.99765753746033 3.9975962638855 3.99746775627136 3.99767255783081 3.99772310256958
-9999 -9999 -9999 -9999 -9999 -9999 -9999 -9999 -9999 -9999 -9999 -9999 -9999 -9999 -9999 -9999 -9999 -9999 -9999 -9999 -9999 -9999 -9999 -9999 -9999 -9999 -9999 3.99926543235779 3.99914526939392 3.99930810928345 3.99940919876099 3.9992835521698 3.99920535087585 3.99914002418518 3.99912285804749 3.99925684928894 3.99879884719849 3.9992516040802 3.99966812133789 3.99822759628296 3.99818444252014 3.99798727035522 3.9978723526001 3.99787139892578 3.99776911735535 3.99768161773682 3.99763059616089 3.99755501747131 3.99758172035217 3.99770498275757 3.99737596511841 3.99729371070862 3.99733757972717 3.99763321876526 3.99756360054016 3.99770331382751 3.99829435348511
-9999 -9999 -9999 -9999 -9999 -9999 -9999 -9999 -9999 -9999 -9999 -9999 -9999 -9999 -9999 -9999 -9999 -9999 -9999 -9999 -9999 -9999 -9999 -9999 -9999 -9999 -9999 4.00148916244507 4.00154733657837 4.00139141082764 4.00132846832275 4.00135946273804 4.00090312957764 4.00091695785522 4.00088739395142 4.00039100646973 4.00041198730469 4.00058889389038 4.00012254714966 4.00004434585571 4.00029039382935 3.99826455116272 3.99823904037476 3.99816966056824 3.9980092048645 3.99793481826782 3.99801850318909 3.99785876274109 3.99776172637939 3.9978723526001 3.99768853187561 3.99763298034668 3.99950766563416 4.00177574157715 3.99756121635437 3.99775099754333 3.99780631065369
4.05267381668091 4.034508228302 4.01495122909546 4.03406620025635 -9999 -9999 -9999 -9999 -9999 -9999 -9999 -9999 -9999 -9999 -9999 -9999 -9999 -9999 -9999 -9999 -9999 -9999 -9999 -9999 -9999 -9999 3.99383664131165 4.00259685516357 4.00238752365112 4.00252294540405 4.00252342224121 4.00219249725342 4.00223016738892 4.00209045410156 4.00176620483398 4.00185441970825 4.00171566009521 4.0014009475708 4.00159311294556 4.00148963928223 4.00117444992065 4.00143718719482 4.00133562088013 4.00079965591431 4.00110673904419 4.00103902816772 4.00065755844116 4.00091361999512 4.00084447860718 4.00044202804565 4.00069904327393 4.00061511993408 4.0002236366272 4.00047254562378 4.00039958953857 4.00011444091797 4.00040721893311
4.05284786224365 4.03488063812256 4.03488779067993 4.01559686660767 4.00601100921631 3.99486041069031 3.99503183364868 3.98855257034302 3.97750616073608 -9999 -9999 -9999 -9999 -9999 -9999 -9999 -9999 -9999 -9999 -9999 -9999 -9999 -9999 -9999 -9999 -9999 4.00284957885742 3.99404358863831 3.99869322776794 4.00267171859741 4.00265264511108 4.00247383117676 4.00230503082275 4.00222253799438 4.00213146209717 4.001953125 4.00189971923828 4.00183725357056 4.00172567367554 4.00168180465698 4.00169134140015 4.00157451629639 3.99283075332642 4.00157499313354 4.00146293640137 4.00141382217407 4.00185394287109 4.00128793716431 4.00125885009766 4.0015549659729 4.00108909606934 4.00257635116577 4.00108814239502 4.00089073181152 4.00123023986816 4.00131845474243 4.0011568069458
4.06392478942871 4.05129051208496 4.03528499603271 4.03528499603271 4.01650524139404 3.99513745307922 3.9856264591217 3.98883843421936 3.98899984359741 3.97875022888184 3.97872352600098 4.00350284576416 4.00017976760864 -9999 -9999 -9999 -9999 -9999 -9999 -9999 -9999 -9999 -9999 -9999 -9999 4.00317811965942 4.00303649902344 4.00299215316772 4.00308656692505 3.99431538581848 3.99419808387756 3.99423575401306 4.00257158279419 4.00251150131226 4.00250291824341 4.00224637985229 4.00222253799438 4.00229072570801 4.00211048126221 4.00213146209717 3.99352025985718 4.00200414657593 3.99338531494141 4.00253248214722 4.00195360183716 4.00197649002075 4.00202751159668 4.00205707550049 4.01750898361206 4.00190401077271 4.00684022903442 4.00656414031982 4.00180053710938 4.00159740447998 4.00152683258057 4.00170516967773 4.0014853477478
4.01626205444336 4.03619146347046 4.03592824935913 4.01601886749268 4.00652074813843 3.99383616447449 3.98811841011047 3.9835844039917 3.98879718780518 3.97955822944641 3.98285460472107 4.00338315963745 4.00336456298828 4.00204372406006 4.00562429428101 4.00372934341431 4.00447988510132 4.00274038314819 -9999 -9999 -9999 -9999 -9999 -9999 -9999 4.00363349914551 4.00352668762207 4.00362396240234 4.00341987609863 4.00348901748657 4.00342082977295 4.00323486328125 4.00326299667358 3.99443125724792 3.99416923522949 4.00303649902344 4.00290489196777 4.00271654129028 4.00297069549561 4.00286769866943 4.00271940231323 4.00302696228027 3.99425554275513 4.00271701812744 4.00305652618408 4.00307035446167 4.00343322753906 4.00317287445068 4.00419998168945 4.0027174949646 4.00305223464966 4.00310182571411 4.00267744064331 4.00284433364868 4.00283098220825 4.00251150131226 4.00282096862793
4.03619289398193 4.03616189956665 4.03658199310303 4.01790046691895 3.99523210525513 3.98807239532471 3.98811554908752 3.98069047927856 3.98074626922607 3.98045921325684 3.98062086105347 3.98417997360229 3.98362803459167 4.00404834747314 3.99321055412292 3.99544262886047 4.00730848312378 4.00303602218628 4.00373125076294 4.00539064407349 4.0043511390686 4.01060342788696 3.99492239952087 -9999 -9999 4.00409698486328 3.99515652656555 3.99977350234985 4.00387668609619 3.99494528770447 3.99956917762756 4.00371170043945 4.003333568573 4.00339269638062 4.00345325469971 4.00318002700806 4.00318098068237 4.0034031867981 4.00315141677856 4.00317430496216 4.0034613609314 4.00320482254028 3.99463033676147 4.00360774993896 4.00331974029541 4.00348615646362 4.00391101837158 4.00332975387573 4.00347709655762 4.0053277015686 4.00336694717407 4.00331544876099 4.00357246398926 4.00321912765503 4.00317335128784 4.0035285949707 4.00325155258179
4.03713464736938 4.0168890953064 4.00679349899292 4.00681161880493 4.00552892684937 3.98808193206787 3.98808312416077 3.98057341575623 3.98138046264648 3.98134613037109 3.98197245597839 3.98200225830078 3.98137784004211 4.0055980682373 4.00126361846924 3.99843645095825 4.00390768051147 4.00383615493774 4.00402784347534 4.00471639633179 4.00451374053955 4.00490951538086 4.00387334823608 4.00451326370239 4.0047025680542 4.0039119720459 4.00401449203491 4.00415086746216 4.00388431549072 3.99521398544312 3.99515008926392 4.00370645523071 4.00378036499023 4.00396203994751 4.00391721725464 4.00405073165894 4.00396203994751 4.00394487380981 4.00408744812012 4.00409555435181 3.99532604217529 3.99560332298279 4.00472116470337 4.00460863113403 4.00453281402588 4.004563331604 4.00439167022705 4.00459575653076 4.00478458404541 4.00444746017456 4.00455331802368 4.00458383560181 4.00440406799316 4.00450229644775 4.00422525405884 4.00438499450684 4.00430393218994
4.01697874069214 4.01760673522949 4.01685428619385 4.03715372085571 4.00705862045288 4.00360631942749 3.995530128479 3.9842586517334 3.98028659820557 3.98117136955261 3.98139023780823 3.98330116271973 3.98417782783508 4.00355291366577 4.00121259689331 4.00367164611816 4.0152530670166 4.00404024124146 4.00425052642822 4.01204061508179 4.00506973266602 4.00547456741333 4.00405263900757 4.00426054000854 4.00425910949707 4.00428676605225 4.00460433959961 4.00505542755127 4.00426530838013 3.99548625946045 3.99546384811401 4.00405025482178 4.00407600402832 4.0040545463562 3.9998664855957 4.0040922164917 4.00418996810913 4.00412130355835 4.0042610168457 4.00427913665771 3.99561095237732 4.00455570220947 4.00458002090454 4.00463581085205 4.00484704971313 4.00482702255249 4.00882244110107 4.00899028778076 4.01839590072632 4.00493669509888 4.00490617752075 4.00550031661987 4.0053825378418 4.00504350662231 4.00501680374146 4.0050253868103 4.0050253868103
4.0185866355896 4.01879024505615 4.01776647567749 4.03756284713745 4.00567007064819 4.00761365890503 3.99597954750061 3.98447871208191 3.98136186599731 3.98190665245056 3.98194169998169 3.98144340515137 3.98492360115051 3.98048710823059 4.0054144859314 4.00508451461792 4.01532506942749 4.00430297851562 4.00552940368652 4.00622749328613 4.00603723526001 4.00572633743286 4.00440645217896 4.00461292266846 4.00456619262695 4.00439548492432 4.00466537475586 4.00486946105957 4.00039482116699 4.00423765182495 4.00430011749268 4.00442123413086 4.00419092178345 4.00421905517578 4.00441837310791 4.00424337387085 4.00431537628174 4.00458765029907 4.00442028045654 4.00449085235596 4.00491285324097 4.00471925735474 4.00484371185303 4.00514078140259 4.00503158569336 4.00545787811279 4.00552606582642 4.0051851272583 4.00535535812378 4.00553798675537 4.00518465042114 4.00502157211304 4.00535154342651 4.00496768951416 4.00474071502686 4.00523805618286 4.00536584854126
4.01794385910034 4.01790714263916 4.00404167175293 4.00406503677368 3.99579119682312 3.99608373641968 3.99617600440979 3.98907995223999 3.98965954780579 3.98964428901672 3.98999643325806 3.98273777961731 3.98126554489136 3.9858021736145 4.00484371185303 4.01581621170044 4.01565599441528 4.01487159729004 4.00580406188965 4.00613451004028 4.00460386276245 4.00448703765869 4.00471782684326 4.00470972061157 4.00479650497437 4.00478649139404 4.00498008728027 4.00500774383545 4.00523567199707 4.00493907928467 4.00489282608032 4.00487756729126 4.00501251220703 4.00514602661133 4.0056004524231 4.00541925430298 4.00975894927979 4.0061297416687 4.00563859939575 4.00618743896484 4.00589513778687 4.0060920715332 4.00575733184814 4.00596189498901 4.00606250762939 4.00619792938232 4.01016330718994 4.02159881591797 4.00581359863281 4.00575923919678 4.00562906265259 4.00568675994873 4.00535869598389 4.00521755218506 4.0051589012146 4.00518608093262 4.00484704971313
4.0380334854126 4.0173397064209 4.00794172286987 4.00429916381836 4.00637674331665 4.00649738311768 3.98931884765625 3.98895335197449 3.99684453010559 3.9959032535553 3.9852249622345 3.98220801353455 3.98235249519348 3.98205304145813 3.99968242645264 4.00578260421753 4.01684665679932 4.00573539733887 4.00626993179321 4.00844049453735 4.00517129898071 4.00512552261353 4.00500297546387 3.99619150161743 4.00547981262207 4.00513648986816 4.00124740600586 4.00521326065063 3.99660062789917 3.9966356754303 4.0051097869873 3.99197602272034 4.00529623031616 4.00537204742432 4.00636959075928 4.00753545761108 4.01695728302002 4.00642490386963 4.00607681274414 4.00616645812988 4.00607824325562 4.0062198638916 4.00647735595703 4.00655555725098 4.00625276565552 4.01078033447266 4.02157783508301 4.01464319229126 4.00612306594849 4.00612115859985 4.00612211227417 4.00587558746338 4.00578260421753 4.00580167770386 4.00566148757935 4.00518560409546 4.00518465042114
4.03824949264526 4.01921367645264 4.00820827484131 4.00820779800415 4.00475597381592 3.99636745452881 3.98952651023865 3.99647426605225 3.98955392837524 3.99001669883728 3.9820339679718 3.98225522041321 3.98266434669495 4.00657510757446 4.00496196746826 4.00586271286011 4.01698350906372 4.01698732376099 4.00644397735596 4.00750684738159 4.00752687454224 4.00535917282104 4.00535821914673 3.99694967269897 4.00558853149414 4.0055947303772 3.974365234375 4.00551223754883 4.00552320480347 4.00543928146362 3.99700522422791 3.97441840171814 4.00559043884277 4.00581741333008 4.0073070526123 4.0080885887146 4.00625038146973 4.00246572494507 4.00634145736694 4.00616693496704 4.00670528411865 4.00650691986084 4.00658178329468 4.00681924819946 4.00669097900391 4.00700664520264 4.00699758529663 4.00671052932739 4.00665712356567 4.00612163543701 4.00622892379761 4.00603055953979 4.00598955154419 4.00603771209717 4.00597381591797 4.00534248352051 4.00531196594238
4.0193395614624 4.00839138031006 4.0084080696106 4.00827264785767 4.00476360321045 4.00478076934814 3.99641847610474 3.98955774307251 3.98564291000366 3.9827139377594 3.98339152336121 3.98290944099426 3.98596715927124 4.00661373138428 4.00514459609985 4.00661706924438 4.01733684539795 4.01783895492554 4.00717163085938 4.00677108764648 4.00779247283936 4.006272315979 4.00579643249512 3.99713706970215 4.00577640533447 4.00600719451904 3.97472667694092 4.0061469078064 3.99744153022766 4.00629949569702 4.00626850128174 3.99759340286255 4.00645971298218 4.00658082962036 4.00659227371216 3.99822402000427 4.0069408416748 4.00689554214478 4.00666809082031 4.00691270828247 4.0088906288147 4.0072135925293 4.00719499588013 4.00715065002441 4.00693607330322 4.00728702545166 4.0073823928833 4.00704860687256 4.00677633285522 4.00661706924438 4.00672626495361 4.00647878646851 4.00209760665894 4.00603723526001 4.00596809387207 4.0059666633606 4.00556182861328
4.00853824615479 4.00861978530884 4.00696802139282 4.0070743560791 4.01962804794312 3.99667596817017 4.00893068313599 3.99712896347046 3.98583269119263 3.98061323165894 3.98670244216919 3.98269104957581 3.98253965377808 4.00650596618652 4.00588035583496 4.00672912597656 4.01831197738647 4.00715589523315 4.00786018371582 4.01835632324219 4.00771999359131 4.00634431838989 4.00599956512451 4.00601100921631 4.00602245330811 4.00601387023926 4.0063362121582 4.00638675689697 4.00628709793091 4.00638675689697 4.00646352767944 4.00637483596802 4.00669193267822 4.0068883895874 4.00709342956543 4.00702285766602 4.00710868835449 4.00713872909546 4.00713586807251 4.00739240646362 4.00725173950195 4.00755786895752 4.00764083862305 4.0072979927063 4.00775909423828 4.0075831413269 4.00724363327026 4.00740051269531 4.00700044631958 4.00690841674805 4.00692081451416 4.00687885284424 4.00638818740845 4.00615501403809 4.00608491897583 4.00608491897583 4.00594282150269
4.00866413116455 4.01867294311523 4.00515270233154 4.0087776184082 3.99695062637329 3.99714636802673 3.99714660644531 3.9900004863739 3.98321223258972 3.98637127876282 3.98266673088074 3.98285007476807 4.00600337982178 4.00336027145386 4.00559616088867 4.00577068328857 4.00606393814087 4.01845026016235 4.00748109817505 4.0191388130188 4.01913404464722 4.01433658599854 4.00601816177368 4.00625419616699 4.00625514984131 4.00635290145874 4.00633811950684 4.00638961791992 4.0065393447876 4.00638008117676 4.00644445419312 4.00681591033936 4.00669050216675 4.00682783126831 4.0071177482605 4.00701570510864 4.00721406936646 4.00715970993042 4.00742530822754 4.00746202468872 4.01148986816406 4.00769281387329 4.00802087783813 4.00813770294189 4.00790166854858 4.00795412063599 4.00784873962402 4.00758743286133 4.00755262374878 4.00763559341431 4.00706338882446 4.00701761245728 4.00683355331421 4.00644397735596 4.0060863494873 4.00643062591553 4.00631237030029
4.01801586151123 4.0186710357666 4.01978158950806 4.00901651382446 3.99681997299194 3.99710559844971 3.9896674156189 3.98952722549438 3.98311877250671 3.98344230651855 3.98341464996338 3.98300886154175 3.9838330745697 4.00758504867554 4.00394105911255 4.00636434555054 4.00685548782349 4.01827621459961 4.01870775222778 4.00800275802612 4.00844192504883 4.00715398788452 4.00623893737793 4.00635623931885 4.0063533782959 4.00634431838989 4.00654697418213 4.00657176971436 4.00650882720947 4.00650215148926 4.00686693191528 4.00681352615356 4.00686502456665 4.00728273391724 4.00724458694458 4.00308990478516 4.00735092163086 4.00732040405273 4.00352573394775 4.00755262374878 4.00749063491821 4.00793218612671 4.0080394744873 4.00804901123047 3.9992663860321 4.00837802886963 4.00806903839111 4.00768804550171 4.00764274597168 4.00783729553223 4.00772714614868 4.00701999664307 4.0069751739502 4.00707960128784 4.00653409957886 4.00622797012329 4.0062255859375
4.03927183151245 4.03940486907959 3.99649715423584 4.00741910934448 3.99679136276245 3.9972198009491 3.9897837638855 3.98023891448975 3.98276448249817 3.98360371589661 3.98318672180176 3.98384165763855 3.98354578018188 4.00729417800903 4.00658512115479 4.00595140457153 4.00682878494263 4.01865720748901 4.01864290237427 4.00805950164795 4.00862741470337 4.01457786560059 4.00680446624756 4.00658130645752 4.00647449493408 4.00670051574707 4.0066499710083 4.00658416748047 4.00651454925537 4.00701713562012 4.00296401977539 4.00278520584106 4.00739097595215 4.00745439529419 4.00723648071289 4.00756311416626 4.00745153427124 4.00735569000244 4.00761604309082 4.00770854949951 4.00780916213989 4.00812149047852 4.01218795776367 4.00820207595825 4.00800180435181 4.00802659988403 4.00815296173096 4.00812959671021 4.00780963897705 4.00775909423828 4.00770998001099 4.00772953033447 4.00740480422974 4.00714635848999 4.00697374343872 4.00680065155029 4.00632333755493
4.01842308044434 4.01853942871094 4.02023839950562 4.00929498672485 3.99750185012817 3.99750113487244 3.99004054069519 3.98665070533752 3.98309922218323 3.98324489593506 3.98745942115784 3.98456645011902 3.98701000213623 4.00690650939941 4.00747680664062 4.00173044204712 4.00692939758301 4.00549030303955 4.01879739761353 4.00875043869019 4.008713722229 4.00785684585571 4.00692272186279 4.00668001174927 4.00663614273071 4.00675916671753 4.00665092468262 4.00665187835693 4.00705814361572 4.00721645355225 4.00296354293823 4.00740385055542 4.00740051269531 4.00750017166138 4.00766181945801 4.0075626373291 4.00767421722412 4.00866889953613 4.01113367080688 4.02087211608887 4.01248359680176 4.01176834106445 4.01194763183594 4.01062726974487 4.00960731506348 4.01265668869019 4.01243543624878 4.01256942749023 4.00880718231201 4.0151515007019 4.01217460632324 4.01194620132446 4.01201105117798 4.01197147369385 4.00733852386475 4.01152229309082 3.99825692176819
4.00784969329834 4.00569486618042 4.02043676376343 4.00943803787231 4.0078911781311 3.99764609336853 3.99011015892029 3.99052023887634 3.98415899276733 3.9840521812439 3.98453974723816 3.98731231689453 3.98493337631226 4.00707674026489 4.00726652145386 4.00018453598022 4.00646018981934 4.01898336410522 4.01931858062744 4.00850486755371 4.00868368148804 4.00948286056519 4.00899267196655 4.00965070724487 4.00668573379517 4.0066933631897 4.006676197052 4.00697326660156 4.00709533691406 4.00718307495117 4.00702810287476 4.00740671157837 4.00745487213135 4.00762844085693 4.00767707824707 4.00757455825806 4.00768661499023 4.00795269012451 4.0220193862915 4.02215576171875 4.01142978668213 4.01180982589722 4.01173973083496 4.01180171966553 4.01200151443481 4.01201152801514 4.0120644569397 4.01214218139648 4.0122652053833 4.01230144500732 4.01012897491455 4.01851272583008 4.01869964599609 4.0184006690979 4.01835966110229 3.99923872947693 4.04247379302979
4.00590705871582 4.00951433181763 4.00951242446899 3.99729323387146 3.99042057991028 3.99767017364502 3.99043035507202 3.99040722846985 3.98417258262634 3.98417997360229 3.98435306549072 3.98420834541321 3.98419237136841 4.00745487213135 4.00697946548462 4.00407600402832 4.00585174560547 4.0072226524353 4.01929473876953 4.00869846343994 4.00869369506836 4.00922393798828 4.01991653442383 4.00919103622437 4.00750303268433 4.00678968429565 4.00705242156982 4.00715494155884 4.00708913803101 4.00711727142334 4.00744009017944 4.00738286972046 4.00743770599365 4.00772142410278 4.00786828994751 4.01125478744507 4.01146650314331 4.00912857055664 4.02218246459961 4.01185178756714 4.02214527130127 4.0116868019104 4.01175403594971 4.01175975799561 4.02267980575562 4.02271032333374 4.01207160949707 4.02339315414429 4.02342319488525 4.01506519317627 4.01864099502563 4.01912832260132 4.01850605010986 4.0181827545166 4.01857471466064 4.0192928314209 4.12554740905762
3.99759650230408 4.00977563858032 4.00835514068604 3.99763321876526 3.9979259967804 3.99039840698242 3.9870593547821 3.99172759056091 3.98445677757263 3.98446035385132 3.98491239547729 3.98747491836548 3.98437809944153 4.00829362869263 4.00775480270386 4.00767660140991 4.00297975540161 4.00825262069702 4.00845718383789 4.01940441131592 4.01988124847412 4.00919961929321 4.0198802947998 4.02014827728271 4.00761938095093 4.00704336166382 4.00743722915649 4.00732946395874 4.00716066360474 4.00711393356323 4.00790548324585 4.00822448730469 4.00858211517334 4.01108503341675 4.01132678985596 4.01132774353027 4.01139640808105 4.00878810882568 4.012619972229 4.0133695602417 4.01178026199341 4.01181697845459 4.01182460784912 4.01186323165894 4.02267074584961 4.02268075942993 4.01224327087402 4.00976705551147 4.01314496994019 4.01045799255371 4.0017237663269 4.00168800354004 4.01326417922974 3.99560928344727 4.0019736289978 4.08211088180542 6.04522275924683
4.00824069976807 4.00994873046875 4.00840330123901 4.00860929489136 4.01014041900635 3.99104499816895 3.99104142189026 3.987384557724 3.98169326782227 3.9834144115448 3.98545742034912 3.98531198501587 3.98516845703125 3.98532772064209 4.00752592086792 4.0077748298645 4.00642204284668 4.00730228424072 4.00815868377686 4.00625896453857 4.0198917388916 4.01989078521729 4.00958633422852 4.00975179672241 4.01173782348633 4.00936365127563 4.0093469619751 4.00933027267456 4.00751972198486 4.00877046585083 4.00800037384033 4.007728099823 4.01336526870728 4.01145935058594 4.01137447357178 4.0121545791626 4.01005744934082 4.01142883300781 4.01279878616333 4.02227544784546 4.0222635269165 4.0223913192749 4.02254772186279 4.01281023025513 4.01552057266235 4.01490926742554 4.01525926589966 4.01284503936768 4.01285219192505 4.00827407836914 4.00941371917725 5.46841955184937 4.01755380630493 4.01980447769165 6.03048229217529 10.3352251052856 26.226037979126
