G_variables/Set1/RCP4_2050/Sur_sal_min.asc
NCOLS 229 
NROWS 147 
XLLCORNER -101.25 
YLLCORNER 14.3333333333333 
CELLSIZE 0.0833333333333333 
NODATA_value -9999 
[rows 0 to 25 of 147, columns 114 to 170 of 229]
-9999 -9999 -9999 -9999 -9999 -9999 -9999 -9999 -9999 -9999 -9999 -9999 -9999 -9999 -9999 -9999 -9999 -9999 -9999 -9999 -9999 -9999 -9999 -9999 -9999 -9999 -9999 -9999 -9999 -9999 -9999 -9999 -9999 -9999 -9999 -9999 -9999 -9999 -9999 -9999 -9999 -9999 -9999 -9999 -9999 -9999 -9999 -9999 -9999 -9999 -9999 -9999 -9999 -9999 -9999 -9999 -9999
-9999 -9999 -9999 -9999 -9999 -9999 -9999 -9999 -9999 -9999 -9999 -9999 -9999 -9999 -9999 -9999 -9999 -9999 -9999 -9999 -9999 -9999 -9999 -9999 -9999 -9999 -9999 -9999 -9999 -9999 -9999 -9999 -9999 -9999 -9999 -9999 -9999 -9999 -9999 -9999 -9999 -9999 -9999 -9999 -9999 -9999 -9999 -9999 -9999 -9999 -9999 -9999 -9999 -9999 -9999 -9999 -9999
-9999 -9999 -9999 -9999 -9999 -9999 -9999 -9999 -9999 -9999 -9999 -9999 -9999 -9999 -9999 -9999 -9999 -9999 -9999 -9999 -9999 -9999 -9999 -9999 -9999 -9999 -9999 -9999 -9999 -9999 -9999 -9999 -9999 -9999 -9999 -9999 -9999 -9999 -9999 -9999 -9999 -9999 -9999 -9999 -9999 -9999 -9999 -9999 -9999 -9999 -9999 -9999 -9999 -9999 -9999 -9999 34.9727058410645
-9999 -9999 -9999 -9999 -9999 -9999 -9999 -9999 -9999 -9999 -9999 -9999 -9999 -9999 -9999 -9999 -9999 -9999 -9999 -9999 -9999 -9999 -9999 -9999 -9999 -9999 -9999 -9999 -9999 -9999 -9999 -9999 -9999 -9999 -9999 -9999 -9999 -9999 -9999 -9999 -9999 -9999 -9999 -9999 -9999 -9999 -9999 -9999 -9999 -9999 -9999 -9999 -9999 -9999 34.8165473937988 34.9190864562988 34.9842338562012
-9999 -9999 -9999 -9999 -9999 -9999 -9999 -9999 -9999 -9999 -9999 -9999 -9999 -9999 -9999 -9999 -9999 -9999 -9999 -9999 -9999 -9999 -9999 -9999 -9999 -9999 -9999 -9999 -9999 -9999 -9999 -9999 -9999 -9999 -9999 -9999 -9999 -9999 -9999 -9999 -9999 -9999 -9999 -9999 -9999 -9999 -9999 -9999 -9999 -9999 -9999 -9999 -9999 34.7546195983887 34.8290596008301 34.9249229431152 34.9964027404785
-9999 -9999 -9999 -9999 -9999 -9999 -9999 -9999 -9999 -9999 -9999 -9999 -9999 -9999 -9999 -9999 -9999 -9999 -9999 -9999 -9999 -9999 -9999 -9999 -9999 -9999 -9999 -9999 -9999 -9999 -9999 -9999 -9999 -9999 -9999 -9999 -9999 -9999 -9999 -9999 -9999 -9999 -9999 -9999 -9999 -9999 -9999 -9999 -9999 -9999 -9999 34.4484252929688 34.5963935852051 34.7910270690918 34.8255348205566 34.9113845825195 35.0258102416992
-9999 -9999 -9999 -9999 -9999 -9999 -9999 -9999 -9999 -9999 -9999 -9999 -9999 -9999 -9999 -9999 -9999 -9999 -9999 -9999 -9999 -9999 -9999 -9999 -9999 -9999 -9999 -9999 -9999 -9999 -9999 -9999 -9999 -9999 -9999 -9999 -9999 -9999 -9999 -9999 -9999 -9999 -9999 -9999 -9999 -9999 -9999 -9999 -9999 -9999 34.4110565185547 34.5442695617676 34.6934013366699 34.8272132873535 34.9111404418945 34.9928932189941 35.037971496582
-9999 -9999 -9999 -9999 -9999 -9999 -9999 -9999 -9999 -9999 -9999 -9999 -9999 -9999 -9999 -9999 -9999 -9999 -9999 -9999 -9999 -9999 -9999 -9999 -9999 -9999 -9999 -9999 -9999 -9999 -9999 -9999 -9999 -9999 -9999 -9999 -9999 -9999 -9999 -9999 -9999 -9999 -9999 -9999 -9999 -9999 -9999 -9999 34.1806297302246 34.2829284667969 34.4580955505371 34.5700912475586 34.705509185791 34.8471908569336 34.922191619873 35.0060768127441 35.0726203918457
-9999 -9999 -9999 -9999 -9999 -9999 -9999 -9999 -9999 -9999 -9999 -9999 -9999 -9999 -9999 -9999 -9999 -9999 -9999 -9999 -9999 -9999 -9999 -9999 -9999 -9999 -9999 -9999 -9999 -9999 -9999 -9999 -9999 -9999 -9999 -9999 -9999 -9999 -9999 -9999 -9999 -9999 -9999 -9999 -9999 -9999 -9999 34.1905059814453 34.2191123962402 34.3470573425293 34.5279159545898 34.5792617797852 34.734432220459 34.8826026916504 34.9200019836426 35.0185203552246 35.1104583740234
-9999 -9999 -9999 -9999 -9999 -9999 -9999 -9999 -9999 -9999 -9999 -9999 -9999 -9999 -9999 -9999 -9999 -9999 -9999 -9999 -9999 -9999 -9999 -9999 -9999 -9999 -9999 -9999 -9999 -9999 -9999 -9999 -9999 -9999 -9999 -9999 -9999 -9999 -9999 -9999 -9999 -9999 -9999 34.2867088317871 34.1485557556152 34.1117668151855 34.0867538452148 34.1464767456055 34.2329788208008 34.3434562683105 34.5041389465332 34.6055488586426 34.799129486084 34.9506301879883 35.0233001708984 35.0805549621582 35.0996589660645
34.9581680297852 34.7220573425293 34.5002784729004 34.380672454834 34.0752563476562 33.8253135681152 -9999 -9999 -9999 -9999 -9999 -9999 -9999 -9999 -9999 -9999 -9999 -9999 -9999 -9999 -9999 -9999 -9999 -9999 -9999 -9999 -9999 -9999 -9999 -9999 -9999 -9999 -9999 -9999 -9999 -9999 -9999 -9999 -9999 34.8689498901367 34.8235549926758 34.6280899047852 34.4899406433105 34.2950172424316 34.175952911377 34.1047248840332 34.0829544067383 34.1750907897949 34.2266693115234 34.3391799926758 34.4972381591797 34.6367149353027 34.8103637695312 34.9661827087402 35.0327072143555 35.0794258117676 35.1144332885742
34.9649505615234 34.7246932983398 34.5449104309082 34.4776229858398 34.205493927002 33.9810752868652 33.8867416381836 33.6309967041016 33.4665489196777 33.421012878418 33.2784080505371 33.2843971252441 33.2933921813965 33.2192153930664 -9999 -9999 -9999 -9999 -9999 -9999 -9999 -9999 -9999 -9999 -9999 -9999 -9999 -9999 -9999 -9999 -9999 -9999 -9999 -9999 -9999 -9999 34.8395347595215 34.8454666137695 34.9009666442871 34.893497467041 34.7470359802246 34.6418685913086 34.5776405334473 34.3896598815918 34.2536888122559 34.221076965332 34.1930770874023 34.211067199707 34.2396430969238 34.3831024169922 34.5603637695312 34.6254959106445 34.8076133728027 34.9669761657715 34.9933319091797 35.0713691711426 35.1347427368164
34.9369773864746 34.8047904968262 34.6457710266113 34.4958801269531 34.3855209350586 34.200496673584 34.0254173278809 33.8888130187988 33.6788635253906 33.5987358093262 33.5674629211426 33.4768753051758 33.4940567016602 33.6337509155273 33.6322174072266 33.608154296875 33.6945381164551 -9999 33.4395065307617 33.3745460510254 33.1348037719727 33.0738906860352 33.0530471801758 32.8988037109375 32.9235916137695 32.9930953979492 32.9794044494629 33.0874786376953 33.5139808654785 33.7991256713867 34.0332679748535 34.4597854614258 34.6209411621094 34.7958831787109 34.9808807373047 34.9959716796875 35.0651321411133 35.1324272155762 35.0802116394043 35.0807495117188 34.9477806091309 34.7223663330078 34.6025009155273 34.3996734619141 34.2362480163574 34.1794319152832 34.1229476928711 34.1461944580078 34.2077369689941 34.3467636108398 34.5119705200195 34.6369438171387 34.8766212463379 35.0237350463867 35.0974311828613 35.1261405944824 35.0996971130371
34.9583625793457 34.8050117492676 34.6519432067871 34.5865936279297 34.4099769592285 34.262825012207 34.2021980285645 33.970386505127 33.8261947631836 33.7752380371094 33.6617698669434 33.6649780273438 33.6817207336426 33.7083435058594 33.8026390075684 33.8689308166504 33.8094215393066 33.7673873901367 33.7194480895996 33.5170555114746 33.4059143066406 33.2977447509766 33.174747467041 33.1552886962891 33.1111679077148 33.079475402832 33.1736831665039 33.3442230224609 33.6241569519043 34.0084495544434 34.2419662475586 34.5771255493164 34.8802070617676 34.9578590393066 35.0648078918457 35.1698188781738 35.1656532287598 35.190616607666 35.2213897705078 35.1160087585449 34.9581451416016 34.7869338989258 34.6246528625488 34.4065017700195 34.2590827941895 34.1743774414062 34.1168975830078 34.1539993286133 34.2114677429199 34.3270263671875 34.5097503662109 34.6513862609863 34.8720092773438 35.0469589233398 35.1049919128418 35.1335029602051 35.1192741394043
35.0107841491699 34.8461418151855 34.7224426269531 34.6887283325195 34.5043106079102 34.4206886291504 34.3819999694824 34.1984748840332 34.1272773742676 34.0923767089844 33.9709053039551 34.0035247802734 34.0126342773438 33.9603691101074 34.111198425293 34.1353874206543 34.0328636169434 34.1116676330566 34.0835571289062 33.8600540161133 33.8115425109863 33.7606620788574 33.5218544006348 33.5140342712402 33.492130279541 33.4433822631836 33.6946411132812 33.7720756530762 34.0092849731445 34.4421501159668 34.5666389465332 34.7859725952148 35.1384887695312 35.1857643127441 35.2103233337402 35.3739471435547 35.380786895752 35.2822265625 35.2510833740234 35.2017021179199 34.9685668945312 34.791332244873 34.711540222168 34.4842109680176 34.3036918640137 34.2632904052734 34.2126007080078 34.2233772277832 34.2534484863281 34.4055442810059 34.5943832397461 34.6651573181152 34.8396034240723 35.0136032104492 35.0447883605957 35.1018218994141 35.1446151733398
35.0598793029785 34.9792289733887 34.839225769043 34.7589569091797 34.7472877502441 34.6592140197754 34.5592041015625 34.5829277038574 34.4703750610352 34.3839530944824 34.4124450683594 34.3222007751465 34.3431129455566 34.4772834777832 34.4809989929199 34.5216293334961 34.6329078674316 34.5696792602539 34.498966217041 34.4281044006348 34.2361297607422 34.1362113952637 34.0363426208496 33.8896713256836 33.8464088439941 33.9132194519043 33.9969635009766 34.1451110839844 34.4977874755859 34.822868347168 35.0800743103027 35.2468948364258 35.3784790039062 35.4959487915039 35.5102081298828 35.5467796325684 35.5808143615723 35.5235023498535 35.4156188964844 35.3390769958496 35.1315803527832 34.8709182739258 34.7132873535156 34.4994468688965 34.3226203918457 34.2410888671875 34.1900749206543 34.2029800415039 34.263313293457 34.433765411377 34.6082763671875 34.7521324157715 34.9638404846191 35.0840644836426 35.1598968505859 35.1721649169922 35.1310958862305
35.1395454406738 35.0171737670898 34.9089279174805 34.8871002197266 34.804615020752 34.7583312988281 34.780933380127 34.6836166381836 34.6445732116699 34.6468696594238 34.5431785583496 34.5769462585449 34.5956726074219 34.6054382324219 34.7412147521973 34.7655029296875 34.7569274902344 34.8164672851562 34.7602043151855 34.557674407959 34.486156463623 34.3943786621094 34.1683120727539 34.1534576416016 34.1552352905273 34.0608100891113 34.2706565856934 34.382984161377 34.6316413879395 35.1162605285645 35.2034378051758 35.3207359313965 35.5518264770508 35.5844497680664 35.5546035766602 35.6388931274414 35.6409645080566 35.557731628418 35.4938125610352 35.379322052002 35.1502723693848 34.9145164489746 34.743350982666 34.5113410949707 34.3506050109863 34.2765426635742 34.2053642272949 34.2384719848633 34.3150939941406 34.4565238952637 34.6557312011719 34.7735023498535 34.9813461303711 35.1300506591797 35.1656837463379 35.1812744140625 35.1484603881836
35.2182769775391 35.1185188293457 35.0823020935059 35.0693626403809 34.9657325744629 35.0104560852051 35.0106620788574 34.9354019165039 35.0105133056641 35.0071067810059 34.926342010498 35.019229888916 35.0238189697266 34.9740447998047 35.0993957519531 35.122688293457 35.023250579834 35.0948638916016 35.0720329284668 34.8589401245117 34.8263549804688 34.7791290283203 34.5726432800293 34.595760345459 34.5862503051758 34.6186256408691 34.791332244873 34.855297088623 35.026927947998 35.2906341552734 35.3529930114746 35.428466796875 35.6213073730469 35.6396751403809 35.6542358398438 35.6913070678711 35.6879768371582 35.5895080566406 35.4815406799316 35.4209251403809 35.1771621704102 34.9439659118652 34.856258392334 34.6098327636719 34.4278106689453 34.3893241882324 34.3525772094727 34.391414642334 34.4299774169922 34.5822448730469 34.7654342651367 34.8258399963379 34.9575271606445 35.1072540283203 35.1293907165527 35.1415481567383 35.1759033203125
35.3303756713867 35.2993469238281 35.234203338623 35.1882133483887 35.212776184082 35.2531852722168 35.2392044067383 35.2911682128906 35.3473014831543 35.3269233703613 35.3099555969238 35.3434181213379 35.3563537597656 35.3479385375977 35.4081153869629 35.4574165344238 35.4198379516602 35.3954544067383 35.3535003662109 35.2554931640625 35.145881652832 35.0415573120117 34.9578552246094 34.9044342041016 34.8777618408203 34.9402275085449 35.0649490356445 35.2251358032227 35.2975959777832 35.3853454589844 35.5534629821777 35.593334197998 35.628101348877 35.6683883666992 35.7153587341309 35.7375450134277 35.7250099182129 35.7131156921387 35.6167678833008 35.4954528808594 35.3049430847168 35.0415840148926 34.8702507019043 34.6536674499512 34.4712791442871 34.3903846740723 34.3806838989258 34.432544708252 34.4994201660156 34.6628684997559 34.8238182067871 34.9692878723145 35.107063293457 35.1705474853516 35.2185249328613 35.2047958374023 35.1651954650879
35.4321136474609 35.3431663513184 35.3143539428711 35.3170127868652 35.2748870849609 35.3683204650879 35.3995475769043 35.3680229187012 35.4913139343262 35.5075073242188 35.3999214172363 35.5165214538574 35.5170478820801 35.4364700317383 35.5883941650391 35.5899238586426 35.4900703430176 35.5388870239258 35.515193939209 35.3329811096191 35.2856521606445 35.2530174255371 35.0616416931152 35.0963897705078 35.0872192382812 35.0508422851562 35.2851448059082 35.3046646118164 35.3612480163574 35.5516242980957 35.5657119750977 35.6028099060059 35.6532974243164 35.6795997619629 35.714412689209 35.7388000488281 35.7517585754395 35.7222862243652 35.6317329406738 35.5444869995117 35.3284912109375 35.0858497619629 34.9214744567871 34.6847877502441 34.5356674194336 34.4759330749512 34.4189758300781 34.4923973083496 34.5653343200684 34.6988639831543 34.8995666503906 34.9918098449707 35.1238098144531 35.2184257507324 35.2195320129395 35.2034339904785 35.1620101928711
35.4841270446777 35.4674415588379 35.4875068664551 35.4918899536133 35.4903907775879 35.5428695678711 35.562183380127 35.5736770629883 35.6519012451172 35.6610069274902 35.6611824035645 35.7032508850098 35.7047882080078 35.6872978210449 35.7121086120605 35.7165184020996 35.6539192199707 35.6608200073242 35.6415710449219 35.5342559814453 35.5077476501465 35.4833106994629 35.4214859008789 35.411548614502 35.4071083068848 35.4110870361328 35.476245880127 35.4978637695312 35.5078163146973 35.5921249389648 35.601505279541 35.6249847412109 35.6762542724609 35.6845855712891 35.7094917297363 35.7474975585938 35.7487869262695 35.6773948669434 35.6092262268066 35.5608749389648 35.3439559936523 35.1341094970703 35.0514793395996 34.8267021179199 34.6727447509766 34.641529083252 34.6142997741699 34.6609878540039 34.6969947814941 34.8182106018066 34.9723815917969 35.0231819152832 35.1002197265625 35.193058013916 35.1960334777832 35.1812171936035 35.1715393066406
35.5627861022949 35.5630798339844 35.5824356079102 35.580982208252 35.5757446289062 35.6268348693848 35.6625633239746 35.6740837097168 35.729793548584 35.7464294433594 35.7316818237305 35.7536735534668 35.7696800231934 35.7464942932129 35.7574348449707 35.7637062072754 35.7383346557617 35.7394905090332 35.6927833557129 35.6687278747559 35.6822776794434 35.616626739502 35.5748100280762 35.5736961364746 35.584774017334 35.5642013549805 35.5621223449707 35.6242942810059 35.618595123291 35.6115570068359 35.6365852355957 35.66748046875 35.6893882751465 35.7105598449707 35.7525672912598 35.7735824584961 35.7797241210938 35.790771484375 35.7310180664062 35.6331977844238 35.4886131286621 35.2644538879395 35.1041374206543 34.919303894043 34.7409591674805 34.6751670837402 34.6918449401855 34.7365417480469 34.8038215637207 34.9274063110352 35.0247993469238 35.130184173584 35.2213478088379 35.2472991943359 35.2650489807129 35.2376899719238 35.1666717529297
35.6036376953125 35.5789489746094 35.610523223877 35.6261100769043 35.5993232727051 35.677806854248 35.6874923706055 35.6890830993652 35.7568054199219 35.7686462402344 35.7430076599121 35.775333404541 35.7738075256348 35.7490768432617 35.7736358642578 35.7734031677246 35.7384796142578 35.7428817749023 35.7504730224609 35.69140625 35.7114028930664 35.7220306396484 35.6239280700684 35.6616058349609 35.6490287780762 35.602424621582 35.6602020263672 35.6507377624512 35.6351356506348 35.6525115966797 35.6568794250488 35.6774101257324 35.7040061950684 35.7218818664551 35.7593688964844 35.7900466918945 35.7941055297852 35.7973861694336 35.7428741455078 35.6928749084473 35.5132026672363 35.3064041137695 35.187126159668 34.9623146057129 34.8262214660645 34.7714462280273 34.7392616271973 34.8240852355957 34.8610305786133 34.9598045349121 35.1006851196289 35.1491165161133 35.2328948974609 35.2822151184082 35.2767486572266 35.2416496276855 35.1859359741211
35.5964698791504 35.6186180114746 35.6498832702637 35.6580619812012 35.6891403198242 35.7040710449219 35.709529876709 35.7320327758789 35.7521820068359 35.7600364685059 35.7735939025879 35.7759323120117 35.7749710083008 35.7754554748535 35.7571029663086 35.7547416687012 35.7570152282715 35.7563285827637 35.7583274841309 35.7599487304688 35.7765274047852 35.7773475646973 35.7717475891113 35.7658157348633 35.7609176635742 35.7314262390137 35.718017578125 35.70849609375 35.6882820129395 35.6951522827148 35.6972999572754 35.708438873291 35.7398986816406 35.7483558654785 35.7685699462891 35.8002777099609 35.8017654418945 35.7458534240723 35.7187843322754 35.6867828369141 35.5250015258789 35.3809928894043 35.3165626525879 35.1355438232422 35.0103302001953 34.9817123413086 34.9383735656738 34.9676284790039 34.9918556213379 35.0529098510742 35.1617126464844 35.180793762207 35.2181701660156 35.2721405029297 35.2699928283691 35.2336692810059 35.1999092102051
35.6031532287598 35.6329650878906 35.6404685974121 35.6498756408691 35.6749496459961 35.684513092041 35.7019805908203 35.719539642334 35.7221298217773 35.734935760498 35.7462921142578 35.7482833862305 35.7455635070801 35.7425537109375 35.7319984436035 35.7225303649902 35.7355766296387 35.746768951416 35.7470321655273 35.7889671325684 35.8062782287598 35.8093338012695 35.8287658691406 35.8259239196777 35.814208984375 35.7936096191406 35.7649192810059 35.7470664978027 35.7343864440918 35.7244644165039 35.7297515869141 35.7562828063965 35.770133972168 35.8005104064941 35.8226776123047 35.8256950378418 35.8337669372559 35.8349075317383 35.7989044189453 35.7365570068359 35.6664123535156 35.5392036437988 35.397388458252 35.2749252319336 35.1299133300781 35.0785675048828 35.0660247802734 35.0614814758301 35.1178169250488 35.1610298156738 35.2026405334473 35.2592735290527 35.3186264038086 35.3439140319824 35.3349418640137 35.3014907836914 35.2225723266602
35.6103286743164 35.6330947875977 35.641788482666 35.6577606201172 35.6748847961426 35.6837844848633 35.6897773742676 35.7164344787598 35.7187042236328 35.7161521911621 35.7379341125488 35.7326278686523 35.7304992675781 35.7315254211426 35.7155380249023 35.7235488891602 35.7307929992676 35.7289085388184 35.762523651123 35.7925338745117 35.8146018981934 35.8200950622559 35.8348770141602 35.8442306518555 35.8344421386719 35.8003807067871 35.7860641479492 35.7740516662598 35.7436218261719 35.7510414123535 35.7603607177734 35.7715034484863 35.806713104248 35.8115997314453 35.8321762084961 35.8493728637695 35.8361129760742 35.8369102478027 35.8095321655273 35.7927894592285 35.6873207092285 35.5621566772461 35.5142021179199 35.3291206359863 35.226245880127 35.1698112487793 35.1192626953125 35.1769981384277 35.1532440185547 35.180362701416 35.259593963623 35.2823181152344 35.3277130126953 35.353385925293 35.3565940856934 35.3107986450195 35.2477264404297
