G_variables/Set1/RCP4_2050/Sur_tem_max.asc
NCOLS 229 
NROWS 147 
XLLCORNER -101.25 
YLLCORNER 14.3333333333333 
CELLSIZE 0.0833333333333333 
NODATA_value -9999 
[rows 52 to 77 of 147, columns 114 to 170 of 229]
31.2740173339844 31.2602367401123 31.2548942565918 31.236349105835 31.2215309143066 31.2041053771973 31.188907623291 31.1761665344238 31.1633682250977 31.1559963226318 31.1595554351807 31.1529064178467 31.1462497711182 31.1290912628174 31.1103820800781 31.0785884857178 31.0511512756348 31.0326709747314 30.9884204864502 30.9499053955078 30.9304962158203 30.8988456726074 30.8927135467529 30.8913230895996 30.8615112304688 30.864070892334 30.8546886444092 30.813850402832 30.8179302215576 30.7951622009277 30.7477684020996 30.7483692169189 30.7237415313721 30.6617279052734 30.6186676025391 30.5954532623291 30.5233936309814 30.5103740692139 30.4611034393311 30.3755798339844 30.3479270935059 30.3374042510986 30.310977935791 30.3226280212402 30.3466129302979 30.3403644561768 30.3117713928223 30.2849941253662 30.256685256958 30.2398109436035 30.2317657470703 30.2564067840576 30.2489070892334 30.2831707000732 30.3715019226074 30.390869140625 30.4377117156982
31.2531185150146 31.2365627288818 31.2184867858887 31.2135982513428 31.1983375549316 31.1735992431641 31.1729259490967 31.1536121368408 31.136381149292 31.1294898986816 31.132438659668 31.1157989501953 31.1081047058105 31.1211185455322 31.0586757659912 31.0416870117188 31.0437908172607 30.9768962860107 30.9476947784424 30.9275703430176 30.8723106384277 30.854362487793 30.8639888763428 30.825080871582 30.8276901245117 30.8677234649658 30.791748046875 30.7802085876465 30.8057765960693 30.723762512207 30.7084045410156 30.7361793518066 30.6432304382324 30.6117744445801 30.6379890441895 30.5104999542236 30.475341796875 30.4880542755127 30.3492126464844 30.312650680542 30.2936630249023 30.2391300201416 30.2282161712646 30.2303867340088 30.2173900604248 30.221061706543 30.263032913208 30.1855869293213 30.1617774963379 30.1671504974365 30.1541919708252 30.1427593231201 30.1065559387207 30.2178153991699 30.2639827728271 30.3273906707764 30.4072933197021
31.2094879150391 31.1993370056152 31.1924018859863 31.1690196990967 31.1590671539307 31.1397724151611 31.1287899017334 31.12282371521 31.1157093048096 31.0835075378418 31.0791473388672 31.0774364471436 31.0457820892334 31.0382843017578 31.0262928009033 30.9607963562012 30.9446277618408 30.9251976013184 30.8547286987305 30.8418216705322 30.8177299499512 30.7623519897461 30.7542762756348 30.747428894043 30.7277812957764 30.7293701171875 30.7101421356201 30.6754055023193 30.6598377227783 30.6450595855713 30.5917453765869 30.5872211456299 30.56103515625 30.4792289733887 30.4619483947754 30.4353160858154 30.3296813964844 30.2872848510742 30.2579708099365 30.1626434326172 30.1408557891846 30.1326713562012 30.0931205749512 30.0895805358887 30.0874729156494 30.0837783813477 30.0795669555664 30.0642490386963 30.0576648712158 30.0448322296143 30.0344104766846 30.0641403198242 30.0707054138184 30.08180809021 30.1958312988281 30.2245101928711 30.2757835388184
31.1181869506836 31.0824165344238 31.0785808563232 31.0549945831299 31.0458183288574 31.0280933380127 30.9968318939209 30.9710597991943 30.9607181549072 30.9365882873535 30.9091835021973 30.8912029266357 30.8591651916504 30.8589744567871 30.8197498321533 30.7587184906006 30.7049407958984 30.6808414459229 30.6036834716797 30.5660457611084 30.5459785461426 30.4931545257568 30.486608505249 30.4664402008057 30.4355297088623 30.4259929656982 30.4193706512451 30.3819046020508 30.3757629394531 30.3674736022949 30.3123588562012 30.2976760864258 30.2813892364502 30.2032337188721 30.1806869506836 30.1420478820801 30.035327911377 29.9895973205566 29.9441947937012 29.8508644104004 29.8184680938721 29.813440322876 29.7720050811768 29.7661304473877 29.7701435089111 29.769063949585 29.7638130187988 29.765453338623 29.7573108673096 29.7410373687744 29.7776508331299 29.8207378387451 29.8578243255615 29.8847064971924 29.9982986450195 30.0575084686279 30.1033802032471
31.0883731842041 31.0548515319824 31.0349216461182 31.024299621582 31.0059146881104 30.983118057251 30.9598178863525 30.94801902771 30.9094104766846 30.8931941986084 30.895658493042 30.8303127288818 30.813081741333 30.8240489959717 30.7388591766357 30.708044052124 30.6948776245117 30.5775966644287 30.5361366271973 30.4967460632324 30.4427375793457 30.4174880981445 30.3923263549805 30.3628978729248 30.3554000854492 30.378080368042 30.3059368133545 30.292896270752 30.2987899780273 30.2463703155518 30.223669052124 30.1959037780762 30.1504192352295 30.1161041259766 30.0622081756592 29.9962997436523 29.9309158325195 29.8220958709717 29.801872253418 29.753267288208 29.5997486114502 29.6739902496338 29.6589336395264 29.5472221374512 29.6396923065186 29.644401550293 29.6015701293945 29.6475124359131 29.6406078338623 29.5546703338623 29.6829624176025 29.6997203826904 29.6415977478027 29.8332767486572 29.8789234161377 29.8214855194092 30.0685882568359
31.0425567626953 31.0278263092041 31.0185604095459 30.965669631958 30.952169418335 30.9401321411133 30.8837013244629 30.8702335357666 30.8554630279541 30.8084239959717 30.7985725402832 30.7786846160889 30.7078800201416 30.6952457427979 30.6680240631104 30.573860168457 30.5461978912354 30.5177001953125 30.4147682189941 30.3776073455811 30.3568954467773 30.2790355682373 30.2676467895508 30.2595653533936 30.2176094055176 30.2148170471191 30.1973476409912 30.1644420623779 30.1604881286621 30.1420440673828 30.1001892089844 30.0857028961182 30.065710067749 29.9854202270508 29.9676723480225 29.9158401489258 29.8092937469482 29.7855281829834 29.7399711608887 29.6535987854004 29.6121044158936 29.6086349487305 29.5778293609619 29.5599765777588 29.5631561279297 29.5732269287109 29.5682010650635 29.5668830871582 29.6064872741699 29.5963554382324 29.6122570037842 29.7079830169678 29.7185859680176 29.7659587860107 29.9264392852783 29.9378967285156 30.0199241638184
30.9589939117432 30.9285202026367 30.9053955078125 30.8561878204346 30.8255481719971 30.8102340698242 30.7555904388428 30.7234306335449 30.6768989562988 30.6178665161133 30.5990104675293 30.5560626983643 30.4751052856445 30.4466972351074 30.4023494720459 30.307559967041 30.2799510955811 30.2429981231689 30.1384925842285 30.0985240936279 30.072359085083 30.000789642334 29.9578742980957 29.9475879669189 29.9073352813721 29.8798522949219 29.8798274993896 29.8515014648438 29.8519268035889 29.8581943511963 29.8221015930176 29.8162593841553 29.8270778656006 29.7474937438965 29.7238140106201 29.7016716003418 29.5997905731201 29.567497253418 29.533374786377 29.468879699707 29.4904899597168 29.4380035400391 29.4230766296387 29.4391937255859 29.3998603820801 29.4010410308838 29.4374542236328 29.405481338501 29.4231986999512 29.4892101287842 29.5261287689209 29.6419811248779 29.6658630371094 29.8065567016602 29.9789142608643 30.0036125183105 30.0945587158203
30.9440956115723 30.8807640075684 30.860803604126 30.8357830047607 30.7956981658936 30.7562618255615 30.7248191833496 30.6731338500977 30.605936050415 30.5717029571533 30.5064258575439 30.4489402770996 30.4101696014404 30.3348331451416 30.2847862243652 30.2446575164795 30.1401958465576 30.1116466522217 30.0606231689453 29.9003467559814 29.9333477020264 29.9071559906006 29.7813510894775 29.8182487487793 29.7936954498291 29.6748752593994 29.7532062530518 29.7486171722412 29.655647277832 29.7322521209717 29.7354907989502 29.6709651947021 29.7150783538818 29.6839580535889 29.5647869110107 29.595495223999 29.5571842193604 29.3908519744873 29.4919853210449 29.4311828613281 29.2612075805664 29.3844184875488 29.3855609893799 29.2672309875488 29.3648834228516 29.3475551605225 29.2660751342773 29.370044708252 29.3869075775146 29.3099212646484 29.5324783325195 29.6040210723877 29.6394729614258 29.8718738555908 29.9446868896484 29.963357925415 30.1643619537354
30.8965034484863 30.8802890777588 30.861930847168 30.7855453491211 30.7686595916748 30.7467937469482 30.6598472595215 30.6312198638916 30.6085205078125 30.4845161437988 30.4543266296387 30.4288558959961 30.3077278137207 30.277904510498 30.2543773651123 30.1438407897949 30.1161079406738 30.0758876800537 29.9742546081543 29.919979095459 29.9063205718994 29.8225116729736 29.8016109466553 29.7768630981445 29.726354598999 29.7026424407959 29.705171585083 29.696704864502 29.6875667572021 29.6884002685547 29.7054615020752 29.6891937255859 29.6948204040527 29.6673030853271 29.642786026001 29.6097373962402 29.5598831176758 29.5274505615234 29.4689350128174 29.4449119567871 29.3882541656494 29.3852062225342 -9999 -9999 29.3441696166992 29.341272354126 29.3637924194336 29.4263343811035 29.4433937072754 29.4804000854492 29.5618724822998 29.7409381866455 29.7879772186279 29.8619518280029 30.1238307952881 30.1911716461182 30.2369709014893
30.8543472290039 30.8349266052246 30.8026256561279 30.7203369140625 30.6712665557861 30.6504173278809 30.5516929626465 30.4959506988525 30.4727172851562 30.3481121063232 30.2796039581299 30.2507724761963 30.1242733001709 30.0880165100098 30.0616264343262 29.9551830291748 29.9139080047607 29.8969650268555 29.8005504608154 29.747802734375 29.7279224395752 29.64475440979 29.6286869049072 29.610969543457 29.5652503967285 29.5981750488281 29.6110572814941 29.5846252441406 29.5828838348389 29.608304977417 29.6181468963623 29.6345996856689 29.6328392028809 29.6043796539307 29.5999431610107 29.5742321014404 29.5355491638184 29.5406646728516 -9999 -9999 -9999 -9999 -9999 -9999 -9999 -9999 -9999 -9999 -9999 -9999 29.6627140045166 29.7874965667725 29.9799613952637 30.0274448394775 30.2012042999268 30.3677539825439 -9999
30.8597412109375 30.8063888549805 30.761791229248 30.7225189208984 30.655553817749 30.5941009521484 30.5479984283447 30.4583148956299 30.4046478271484 30.3463592529297 30.210298538208 30.1645603179932 30.0995311737061 29.9263439178467 29.9624309539795 29.9356727600098 29.8158111572266 29.8142547607422 29.7755336761475 29.6737232208252 29.6451816558838 29.6128482818604 29.5486621856689 29.5855827331543 29.550760269165 29.4437160491943 29.5270977020264 29.5249977111816 29.3892822265625 29.5281143188477 29.5702266693115 29.610221862793 29.5808143615723 29.5846633911133 29.6388187408447 -9999 -9999 -9999 -9999 -9999 -9999 -9999 -9999 -9999 -9999 -9999 -9999 -9999 -9999 -9999 -9999 -9999 -9999 -9999 -9999 -9999 -9999
30.8328132629395 30.816930770874 30.7894649505615 30.6798210144043 30.6562938690186 30.6211109161377 30.4934959411621 30.4498615264893 30.4314041137695 30.2851524353027 30.2278575897217 30.1796550750732 30.0519065856934 29.9934368133545 29.9775276184082 29.8887214660645 29.8382377624512 29.8216743469238 29.7353286743164 29.7080821990967 29.656343460083 29.6055297851562 29.591968536377 29.5634288787842 29.5532207489014 29.5322380065918 29.5295944213867 29.5153903961182 -9999 -9999 -9999 -9999 -9999 -9999 -9999 -9999 -9999 -9999 -9999 -9999 -9999 -9999 -9999 -9999 -9999 -9999 -9999 -9999 -9999 -9999 -9999 -9999 -9999 -9999 -9999 -9999 -9999
30.8231945037842 30.7892551422119 30.7690830230713 30.6572170257568 30.6325283050537 30.5762405395508 30.4371776580811 30.4068851470947 30.3568630218506 30.2122554779053 30.1635723114014 30.1134014129639 30.0051250457764 29.9699859619141 29.9547786712646 29.8702201843262 29.8492774963379 29.7888889312744 29.7190761566162 29.6915512084961 29.6287803649902 29.5915298461914 29.5680332183838 -9999 -9999 -9999 -9999 -9999 -9999 -9999 -9999 -9999 -9999 -9999 -9999 -9999 -9999 -9999 -9999 -9999 -9999 -9999 -9999 -9999 -9999 -9999 -9999 -9999 -9999 -9999 -9999 -9999 -9999 -9999 -9999 -9999 -9999
30.8458118438721 30.8052177429199 30.7329559326172 30.6840133666992 30.622106552124 30.5212821960449 30.4640407562256 30.3433532714844 30.2953338623047 30.2393321990967 30.0933265686035 30.0680160522461 30.0206184387207 29.8976020812988 29.9118671417236 29.8866596221924 29.8033790588379 29.7934799194336 29.7228755950928 29.6460723876953 29.647346496582 -9999 -9999 -9999 -9999 -9999 -9999 -9999 -9999 -9999 -9999 -9999 -9999 -9999 -9999 -9999 -9999 -9999 -9999 -9999 -9999 -9999 -9999 -9999 -9999 -9999 -9999 -9999 -9999 -9999 -9999 -9999 -9999 -9999 -9999 -9999 -9999
30.8199253082275 30.8029365539551 30.7680149078369 30.6496868133545 30.5947952270508 30.5637817382812 30.4293212890625 30.3934669494629 30.338415145874 30.2148551940918 30.1515960693359 30.1130294799805 30.0268249511719 29.9794216156006 29.9691028594971 29.9133968353271 29.8694248199463 29.8295917510986 -9999 -9999 -9999 -9999 -9999 -9999 -9999 -9999 -9999 -9999 -9999 -9999 -9999 -9999 -9999 -9999 -9999 -9999 -9999 -9999 -9999 -9999 -9999 -9999 -9999 -9999 -9999 -9999 -9999 -9999 -9999 -9999 -9999 -9999 -9999 -9999 -9999 -9999 -9999
30.8209018707275 30.8054866790771 30.7552547454834 30.635534286499 30.6069927215576 30.5466575622559 30.4130840301514 30.3758888244629 30.3536548614502 30.2357215881348 30.2114219665527 30.1833610534668 30.1060695648193 30.0911731719971 30.0929355621338 30.0535621643066 30.0189781188965 -9999 -9999 -9999 -9999 -9999 -9999 -9999 -9999 -9999 -9999 -9999 -9999 -9999 -9999 -9999 -9999 -9999 -9999 -9999 -9999 -9999 -9999 -9999 -9999 -9999 -9999 -9999 -9999 -9999 -9999 -9999 -9999 -9999 -9999 -9999 -9999 -9999 -9999 -9999 -9999
30.8407211303711 30.8242168426514 30.71608543396 30.6682090759277 30.608528137207 30.509729385376 30.4579772949219 30.3771305084229 30.3265628814697 30.2803840637207 30.1944255828857 30.186861038208 30.1673965454102 30.1105346679688 30.1241722106934 30.0928611755371 30.0878887176514 -9999 -9999 -9999 -9999 -9999 -9999 -9999 -9999 -9999 -9999 -9999 -9999 -9999 -9999 -9999 -9999 -9999 -9999 -9999 -9999 -9999 -9999 -9999 -9999 -9999 -9999 -9999 -9999 -9999 -9999 -9999 -9999 -9999 -9999 -9999 -9999 -9999 -9999 -9999 -9999
30.8068733215332 30.7863636016846 30.7415256500244 30.6265907287598 30.575008392334 30.5465927124023 30.433069229126 30.4095268249512 30.3560523986816 30.2912139892578 30.2433052062988 30.2229537963867 30.2111949920654 30.2039833068848 30.1872653961182 30.21950340271 30.1774673461914 -9999 -9999 -9999 -9999 -9999 -9999 -9999 -9999 -9999 -9999 -9999 -9999 -9999 -9999 -9999 -9999 -9999 -9999 -9999 -9999 -9999 -9999 -9999 -9999 -9999 -9999 -9999 -9999 -9999 -9999 -9999 -9999 -9999 -9999 -9999 -9999 -9999 -9999 -9999 -9999
30.8067111968994 30.78200340271 30.7195129394531 30.6035499572754 30.5552082061768 30.5351142883301 30.438835144043 30.4212322235107 30.4078693389893 30.3520946502686 30.3623104095459 30.350658416748 30.3469791412354 30.3806648254395 30.3839225769043 30.3636779785156 -9999 -9999 -9999 -9999 -9999 -9999 -9999 -9999 -9999 -9999 -9999 -9999 -9999 -9999 -9999 -9999 -9999 -9999 -9999 -9999 -9999 -9999 -9999 -9999 -9999 -9999 -9999 -9999 -9999 -9999 -9999 -9999 -9999 -9999 -9999 -9999 -9999 -9999 -9999 -9999 30.5718727111816
30.8217124938965 30.7890110015869 30.6899223327637 30.6298122406006 30.5061111450195 30.5023307800293 30.4739189147949 30.4055976867676 30.4094333648682 30.4006977081299 30.3529739379883 30.3929119110107 30.4113311767578 30.4347248077393 30.4276943206787 30.4392948150635 -9999 -9999 -9999 -9999 -9999 -9999 -9999 -9999 -9999 -9999 -9999 -9999 -9999 -9999 -9999 -9999 -9999 -9999 -9999 -9999 -9999 -9999 -9999 -9999 -9999 -9999 -9999 -9999 -9999 -9999 -9999 -9999 -9999 -9999 -9999 -9999 -9999 -9999 -9999 30.5249481201172 30.5572528839111
30.789831161499 30.7659969329834 30.7190570831299 30.6069774627686 30.5470905303955 30.5329971313477 30.4688720703125 30.4332466125488 30.4259281158447 30.4413394927979 30.4297370910645 30.4224720001221 30.4712753295898 30.4777984619141 30.4868602752686 -9999 -9999 -9999 -9999 -9999 -9999 -9999 -9999 -9999 -9999 -9999 -9999 -9999 -9999 -9999 -9999 -9999 -9999 -9999 -9999 -9999 -9999 -9999 -9999 -9999 -9999 -9999 -9999 -9999 -9999 -9999 -9999 -9999 -9999 -9999 -9999 -9999 -9999 -9999 30.5354461669922 30.544506072998 30.5485763549805
30.8025188446045 30.7498779296875 30.7168464660645 30.6092205047607 30.577938079834 30.5460166931152 30.4877758026123 30.4924373626709 30.4967098236084 30.5220012664795 30.55002784729 30.5652618408203 30.6323184967041 30.6371650695801 30.6729907989502 30.6772384643555 -9999 -9999 -9999 -9999 -9999 -9999 -9999 -9999 -9999 -9999 -9999 -9999 -9999 -9999 -9999 -9999 -9999 -9999 -9999 -9999 -9999 -9999 -9999 -9999 -9999 -9999 -9999 -9999 -9999 -9999 -9999 -9999 -9999 -9999 -9999 -9999 -9999 30.5238552093506 30.5363655090332 30.5346450805664 30.5670928955078
30.8400630950928 30.7851943969727 30.6945056915283 30.6373748779297 30.5166873931885 30.5280513763428 30.5103187561035 30.4768829345703 30.5261001586914 30.5404758453369 30.5634918212891 30.6232490539551 30.6646595001221 30.7321453094482 30.7121982574463 -9999 -9999 -9999 -9999 -9999 -9999 -9999 -9999 -9999 -9999 -9999 -9999 -9999 -9999 -9999 -9999 -9999 -9999 -9999 -9999 -9999 -9999 -9999 -9999 -9999 -9999 -9999 -9999 -9999 -9999 -9999 -9999 -9999 -9999 -9999 -9999 -9999 -9999 30.5140857696533 30.5305881500244 30.5121955871582 30.5676021575928
30.8148708343506 30.7551593780518 30.7219276428223 30.6121063232422 30.5913009643555 30.5484142303467 30.5172348022461 30.508695602417 30.5177993774414 30.5814399719238 30.6001262664795 30.6137027740479 30.7292022705078 30.7623596191406 30.7621326446533 -9999 -9999 -9999 -9999 -9999 -9999 -9999 -9999 -9999 -9999 -9999 -9999 -9999 -9999 -9999 -9999 -9999 -9999 -9999 -9999 -9999 -9999 -9999 -9999 -9999 -9999 -9999 -9999 -9999 -9999 -9999 -9999 -9999 -9999 -9999 -9999 30.5194396972656 30.5137538909912 30.5256118774414 30.5381126403809 30.557315826416 30.5609149932861
30.8280658721924 30.8023281097412 30.7402286529541 30.6293544769287 30.582691192627 30.5760765075684 30.5437316894531 30.5442428588867 30.5661087036133 30.6432571411133 30.691198348999 30.716796875 30.8224678039551 30.851282119751 30.8612747192383 -9999 -9999 -9999 -9999 -9999 -9999 -9999 -9999 -9999 -9999 -9999 -9999 -9999 -9999 -9999 -9999 -9999 -9999 -9999 -9999 -9999 -9999 -9999 -9999 -9999 -9999 -9999 -9999 -9999 -9999 -9999 -9999 -9999 -9999 -9999 -9999 30.5284290313721 30.52414894104 30.5379180908203 30.5465850830078 30.5584774017334 30.5864868164062
30.8658065795898 30.8347492218018 30.7216472625732 30.6603755950928 30.5486869812012 30.5700130462646 30.5618515014648 30.5255241394043 30.6001796722412 30.6395072937012 30.6963176727295 30.7694969177246 30.8192501068115 30.9629650115967 30.9018669128418 -9999 -9999 -9999 -9999 -9999 -9999 -9999 -9999 -9999 -9999 -9999 -9999 -9999 -9999 -9999 -9999 -9999 -9999 -9999 -9999 -9999 -9999 -9999 -9999 -9999 -9999 -9999 -9999 -9999 -9999 -9999 -9999 -9999 -9999 -9999 -9999 30.53879737854 30.4873676300049 30.5352039337158 30.5440673828125 30.5408458709717 30.6058864593506
