G_variables/Set1/RCP4_2050/Sur_sal_min.asc
NCOLS 229 
NROWS 147 
XLLCORNER -101.25 
YLLCORNER 14.3333333333333 
CELLSIZE 0.0833333333333333 
NODATA_value -9999 
[rows 78 to 103 of 147, columns 171 to 227 of 229]
35.3852043151855 35.3797950744629 35.3833160400391 35.3844909667969 35.3796272277832 35.3788375854492 35.3717613220215 35.3371353149414 35.3248176574707 35.3219451904297 35.3161010742188 35.3261642456055 35.3299446105957 35.3527450561523 35.3702621459961 35.3702278137207 35.3692245483398 35.3418502807617 35.3224220275879 35.2967643737793 35.2668151855469 35.2477798461914 35.2250442504883 35.2023506164551 -9999 -9999 -9999 -9999 -9999 -9999 -9999 -9999 -9999 -9999 -9999 -9999 -9999 -9999 -9999 -9999 -9999 -9999 -9999 -9999 -9999 -9999 -9999 -9999 -9999 -9999 -9999 -9999 -9999 -9999 -9999 -9999 -9999
35.3838539123535 35.3765296936035 35.3843879699707 35.3755340576172 35.3720245361328 35.3675689697266 35.352970123291 35.3354644775391 35.3214263916016 35.3160400390625 35.3131904602051 35.3191909790039 35.3275833129883 35.3489990234375 35.3632965087891 35.3713607788086 35.3669700622559 35.3505477905273 35.3240585327148 35.2989768981934 35.2708969116211 35.2532119750977 35.2254180908203 35.2062911987305 35.1929969787598 -9999 -9999 -9999 -9999 -9999 -9999 -9999 -9999 -9999 -9999 -9999 -9999 -9999 -9999 -9999 -9999 -9999 -9999 -9999 -9999 -9999 -9999 -9999 -9999 -9999 -9999 -9999 -9999 -9999 -9999 -9999 -9999
35.3795585632324 35.3762245178223 35.3713264465332 35.3657341003418 35.3628120422363 35.3514137268066 35.3404312133789 35.3303871154785 35.3097076416016 35.305980682373 35.3104972839355 35.319091796875 35.3236694335938 35.3436851501465 35.3604965209961 35.3593940734863 35.3545455932617 35.3498573303223 35.3352394104004 35.2998390197754 35.2755470275879 35.2646484375 35.2373161315918 35.2165107727051 35.2013397216797 35.2045097351074 -9999 -9999 -9999 -9999 -9999 -9999 -9999 -9999 -9999 -9999 -9999 -9999 -9999 -9999 -9999 -9999 -9999 -9999 -9999 -9999 -9999 -9999 -9999 -9999 -9999 -9999 -9999 -9999 -9999 -9999 -9999
35.3714485168457 35.3630104064941 35.3568420410156 35.3451652526855 35.3506889343262 35.342903137207 35.3321723937988 35.3072700500488 35.2914390563965 35.2846984863281 35.286060333252 35.2983169555664 35.3099594116211 35.3498191833496 35.3767280578613 35.3795127868652 35.3791427612305 35.3589935302734 35.3438110351562 35.3209762573242 35.2885475158691 35.2666664123535 35.2444877624512 35.2162437438965 35.207592010498 35.1949234008789 35.189525604248 -9999 -9999 -9999 -9999 -9999 -9999 -9999 -9999 -9999 -9999 -9999 -9999 -9999 -9999 -9999 -9999 -9999 -9999 -9999 -9999 -9999 -9999 -9999 -9999 -9999 -9999 -9999 -9999 -9999 -9999
35.3663558959961 35.3524017333984 35.3431854248047 35.3373222351074 35.3409233093262 35.3321113586426 35.3183250427246 35.3023872375488 35.2769584655762 35.2752990722656 35.2791061401367 35.2940483093262 35.3172874450684 35.3529472351074 35.3774795532227 35.3873023986816 35.3818016052246 35.3643913269043 35.3433837890625 35.3212661743164 35.287971496582 35.2678642272949 35.2325592041016 35.2109985351562 35.2005920410156 35.1932106018066 35.1978416442871 -9999 -9999 -9999 -9999 -9999 -9999 -9999 -9999 -9999 -9999 -9999 -9999 -9999 -9999 -9999 -9999 -9999 -9999 -9999 -9999 -9999 -9999 -9999 -9999 -9999 -9999 -9999 -9999 -9999 -9999
35.3665199279785 35.3469543457031 35.3332748413086 35.3294868469238 35.3173828125 35.3043899536133 35.2952270507812 35.284740447998 35.2755317687988 35.2749328613281 35.2918128967285 35.3139190673828 35.3240928649902 35.3472442626953 35.3708534240723 35.3711471557617 35.3728408813477 35.3678016662598 35.3514442443848 35.3195915222168 35.294361114502 35.274471282959 35.2371101379395 35.2045249938965 35.1994667053223 35.2001800537109 35.2017555236816 35.2086791992188 -9999 -9999 -9999 -9999 -9999 -9999 -9999 -9999 -9999 -9999 -9999 -9999 -9999 -9999 -9999 -9999 -9999 -9999 -9999 -9999 -9999 -9999 -9999 -9999 -9999 -9999 -9999 -9999 -9999
35.3647117614746 35.3393096923828 35.3265762329102 35.3223533630371 35.314697265625 35.2983779907227 35.2878227233887 35.2692565917969 35.2590713500977 35.2559585571289 35.2718505859375 35.3100471496582 35.3308067321777 35.3608245849609 35.3895072937012 35.395751953125 35.395133972168 35.3767127990723 35.3503837585449 35.3247108459473 35.2920455932617 35.2710647583008 35.2373466491699 35.1913795471191 35.1810760498047 35.1985740661621 35.2017669677734 35.2092132568359 35.2013397216797 35.196159362793 35.1901969909668 35.1857872009277 -9999 -9999 -9999 -9999 -9999 -9999 -9999 -9999 -9999 -9999 -9999 -9999 -9999 -9999 -9999 -9999 -9999 -9999 -9999 -9999 -9999 -9999 -9999 -9999 -9999
35.3550071716309 35.3372535705566 35.3241882324219 35.3147239685059 35.3102645874023 35.2924957275391 35.2835578918457 35.2658653259277 35.2511215209961 35.2558326721191 35.2686882019043 35.2985153198242 35.3242454528809 35.3589706420898 35.3908538818359 35.3984146118164 35.3963394165039 35.3796081542969 35.3535804748535 35.3244590759277 35.2973442077637 35.2745819091797 35.2457122802734 35.2204933166504 35.2116165161133 35.2068176269531 35.2094841003418 35.2099342346191 35.2013359069824 35.1998176574707 35.1802711486816 35.1792755126953 35.1656150817871 35.1569709777832 35.1587028503418 35.1626167297363 35.1658630371094 35.1818313598633 35.1865768432617 -9999 -9999 -9999 -9999 -9999 -9999 -9999 -9999 -9999 -9999 -9999 -9999 -9999 -9999 -9999 -9999 -9999 -9999
35.3638343811035 35.347785949707 35.317195892334 35.3125038146973 35.2992210388184 35.2844619750977 35.2736396789551 35.2667503356934 35.2616996765137 35.2590103149414 35.2784309387207 35.3043403625488 35.3157272338867 35.3487243652344 35.378547668457 35.3837776184082 35.3822822570801 35.3779945373535 35.3583526611328 35.3330116271973 35.3098907470703 35.2911682128906 35.2624969482422 35.2448272705078 35.2398872375488 35.2285575866699 35.2214660644531 35.2219047546387 35.2070007324219 35.1946868896484 35.1802062988281 35.1653671264648 35.144416809082 35.141284942627 35.137767791748 35.1307334899902 35.1310119628906 35.1436958312988 35.150146484375 35.1517524719238 35.1725158691406 35.1842918395996 35.1780548095703 -9999 -9999 -9999 -9999 -9999 -9999 -9999 -9999 -9999 -9999 -9999 -9999 -9999 -9999
35.3558082580566 35.3343658447266 35.3170356750488 35.3103179931641 35.2885322570801 35.2811737060547 35.265510559082 35.251392364502 35.2482032775879 35.2437591552734 35.2641830444336 35.2966995239258 35.3201599121094 35.3612480163574 35.3891181945801 35.3996734619141 35.4057998657227 35.3889312744141 35.3645629882812 35.3406028747559 35.3177947998047 35.3004837036133 35.2778663635254 35.2608413696289 35.2424201965332 35.2322158813477 35.2263984680176 35.2215805053711 35.2104911804199 35.1930122375488 35.1786155700684 35.1551856994629 35.1329116821289 35.1242866516113 35.1069679260254 35.0956878662109 35.0995788574219 35.1006813049316 35.112419128418 35.1218872070312 35.1433792114258 35.162914276123 35.1576919555664 35.1589736938477 -9999 -9999 -9999 -9999 -9999 -9999 -9999 -9999 -9999 -9999 -9999 -9999 -9999
35.3501586914062 35.3318748474121 35.3137168884277 35.3044128417969 35.2975769042969 35.2876853942871 35.2720489501953 35.2494049072266 35.238151550293 35.2470016479492 35.2640838623047 35.2958488464355 35.3201637268066 35.360912322998 35.392204284668 35.4026489257812 35.4065742492676 35.390926361084 35.3742828369141 35.343692779541 35.324291229248 35.3052368164062 35.2841682434082 35.2682838439941 35.2514305114746 35.2381057739258 35.2306289672852 35.2247734069824 35.2118797302246 35.1929588317871 35.1746940612793 35.1458015441895 35.1284027099609 35.1154747009277 35.0988502502441 35.0852737426758 35.0808296203613 35.0893630981445 35.0944442749023 35.1006622314453 35.1275253295898 35.1420669555664 35.1515159606934 35.1457748413086 35.1464958190918 -9999 -9999 -9999 -9999 -9999 -9999 -9999 -9999 -9999 -9999 -9999 -9999
35.3437461853027 35.3294982910156 35.3054084777832 35.3010406494141 35.2913246154785 35.2773246765137 35.2632522583008 35.2578544616699 35.2559204101562 35.2584991455078 35.2821578979492 35.3116874694824 35.3211402893066 35.3552131652832 35.3909645080566 35.3938674926758 35.3957290649414 35.3895034790039 35.3775749206543 35.3453025817871 35.3255653381348 35.3148994445801 35.2920837402344 35.2701644897461 35.25830078125 35.2439346313477 35.2317085266113 35.2291221618652 35.2132682800293 35.1864700317383 35.1746826171875 35.1427726745605 35.1220855712891 35.1159782409668 35.0939025878906 35.0807685852051 35.0791625976562 35.0826148986816 35.0795631408691 35.0828628540039 35.0993156433105 35.108268737793 35.1195487976074 35.1133079528809 35.1028327941895 35.0984230041504 -9999 -9999 -9999 -9999 -9999 -9999 -9999 -9999 -9999 -9999 -9999
35.3215599060059 35.3043251037598 35.2951393127441 35.2860107421875 35.2771301269531 35.267520904541 35.2459983825684 35.2405586242676 35.2453651428223 35.2513160705566 35.2762680053711 35.3124885559082 35.3344306945801 35.3734664916992 35.4035682678223 35.4140357971191 35.418514251709 35.4068717956543 35.3772468566895 35.3537254333496 35.3313674926758 35.314453125 35.2901153564453 35.2697868347168 35.2554702758789 35.2441482543945 35.235179901123 35.2279052734375 35.2142791748047 35.1985511779785 35.1611289978027 35.141357421875 35.1228218078613 35.1076278686523 35.0906600952148 35.0798492431641 35.0675849914551 35.0667419433594 35.0681457519531 35.0783767700195 35.0833740234375 35.081672668457 35.0922966003418 35.0807952880859 35.0614585876465 35.0555534362793 -9999 -9999 -9999 -9999 -9999 -9999 -9999 -9999 -9999 -9999 -9999
35.3132553100586 35.2964134216309 35.2785758972168 35.2815589904785 35.2664337158203 35.2531356811523 35.2426376342773 35.2402839660645 35.2426605224609 35.2545166015625 35.2787399291992 35.3169326782227 35.3400115966797 35.3771476745605 35.4077415466309 35.4173049926758 35.4204711914062 35.4017181396484 35.3844261169434 35.3552017211914 35.3285903930664 35.3093070983887 35.2850723266602 35.2700805664062 35.2539024353027 35.2435150146484 35.2342872619629 35.2267189025879 35.2134475708008 35.1871948242188 35.1679344177246 35.1389541625977 35.117603302002 35.1065139770508 35.0870246887207 35.07373046875 35.0681686401367 35.0658988952637 35.0694847106934 35.0651893615723 35.0771827697754 35.0666961669922 35.0650405883789 35.0672416687012 35.0398216247559 35.033374786377 35.035587310791 -9999 -9999 -9999 -9999 -9999 -9999 -9999 -9999 -9999 -9999
35.2828750610352 35.2852821350098 35.2690277099609 35.2672805786133 35.2632141113281 35.239875793457 35.2378158569336 35.245288848877 35.2580375671387 35.2622985839844 35.2954788208008 35.3301696777344 35.3418388366699 35.3750305175781 35.4045829772949 35.4052581787109 35.3995170593262 35.3952484130859 35.3826789855957 35.356876373291 35.3246574401855 35.3120460510254 35.2863655090332 35.2650604248047 35.2591972351074 35.2443389892578 35.2295112609863 35.2230987548828 35.1976356506348 35.1793632507324 35.1657829284668 35.1429710388184 35.1151008605957 35.1085090637207 35.0921363830566 35.0809326171875 35.0785675048828 35.0758018493652 35.0736083984375 35.0673828125 35.0504264831543 35.0416297912598 35.0444412231445 35.0284843444824 35.0208549499512 35.0084648132324 35.0015487670898 34.9976196289062 -9999 -9999 -9999 -9999 -9999 -9999 -9999 -9999 -9999
35.2657661437988 35.2615394592285 35.2642669677734 35.2543754577637 35.2553634643555 35.2361679077148 35.2326469421387 35.2298431396484 35.2441215515137 35.2573699951172 35.2818069458008 35.3247184753418 35.351188659668 35.3799591064453 35.4095306396484 35.4172973632812 35.408447265625 35.3995780944824 35.3819999694824 35.3557205200195 35.3239593505859 35.3031120300293 35.2756423950195 35.25830078125 35.2474708557129 35.2364616394043 35.2277069091797 35.221118927002 35.1973609924316 35.1818313598633 35.1609077453613 35.1450576782227 35.1199645996094 35.1062698364258 35.0972862243652 35.0871696472168 35.0819129943848 35.0766716003418 35.0741195678711 35.0750198364258 35.0492172241211 35.0337142944336 35.0337142944336 35.0229110717773 35.0074462890625 34.9935493469238 34.990894317627 34.9900207519531 34.9910736083984 -9999 -9999 -9999 -9999 -9999 -9999 -9999 -9999
35.253719329834 35.262451171875 35.2487487792969 35.2512969970703 35.2543144226074 35.2429962158203 35.2295532226562 35.2284164428711 35.2387619018555 35.2515411376953 35.281063079834 35.3319664001465 35.3556747436523 35.3807106018066 35.405086517334 35.4126510620117 35.4058418273926 35.3933372497559 35.3791313171387 35.3539619445801 35.3190422058105 35.299690246582 35.270191192627 35.2386932373047 35.2345924377441 35.2318000793457 35.2245788574219 35.2188148498535 35.1956405639648 35.178897857666 35.1638641357422 35.1450042724609 35.1193771362305 35.1127014160156 35.0982208251953 35.0896110534668 35.0806007385254 35.0761795043945 35.0784034729004 35.0688362121582 35.0456695556641 35.0304412841797 35.0304756164551 35.0186576843262 34.9993324279785 34.9924659729004 34.985107421875 34.973518371582 34.9778327941895 -9999 -9999 -9999 -9999 -9999 -9999 -9999 -9999
35.2407035827637 35.2487754821777 35.2537002563477 35.2445106506348 35.2478904724121 35.2375946044922 35.2348670959473 35.2413597106934 35.2416687011719 35.2490501403809 35.2865028381348 35.3231773376465 35.337230682373 35.3641395568848 35.3855934143066 35.3854217529297 35.3841857910156 35.3785018920898 35.3629417419434 35.3430213928223 35.311954498291 35.2988586425781 35.2688140869141 35.2367897033691 35.231273651123 35.2250061035156 35.2133255004883 35.2177391052246 35.1879844665527 35.1741790771484 35.1624755859375 35.1454544067383 35.1289978027344 35.1245651245117 35.1116104125977 35.0978698730469 35.0942535400391 35.0803260803223 35.0673828125 35.0628089904785 35.0489044189453 35.036994934082 35.0235328674316 35.0129241943359 35.0061340332031 34.999267578125 34.9937705993652 34.9848709106445 34.9872016906738 35.0101127624512 -9999 -9999 -9999 -9999 -9999 -9999 -9999
35.2290306091309 35.2483940124512 35.2621421813965 35.264965057373 35.2477378845215 35.2267723083496 35.227294921875 35.2220039367676 35.2302703857422 35.2328987121582 35.2520332336426 35.2861595153809 35.3135719299316 35.3360748291016 35.3658294677734 35.3735198974609 35.3673210144043 35.3698463439941 35.3494186401367 35.3307762145996 35.3113822937012 35.2873306274414 35.2665863037109 35.246711730957 35.2351150512695 35.2277412414551 35.2168235778809 35.2117652893066 35.1924171447754 35.1792602539062 35.1616096496582 35.1509780883789 35.1423454284668 35.1302680969238 35.115306854248 35.1066551208496 35.1008033752441 35.0722389221191 35.05908203125 35.0621490478516 35.0315780639648 35.0292434692383 35.0134811401367 35.0039443969727 35.0071182250977 34.99853515625 34.9897537231445 34.9983558654785 35.0026206970215 35.0047645568848 35.026668548584 -9999 -9999 -9999 -9999 -9999 -9999
35.2292518615723 35.2479248046875 35.2618293762207 35.2626457214355 35.2548713684082 35.2343826293945 35.2248420715332 35.2222900390625 35.2272415161133 35.2319145202637 35.2553253173828 35.2843360900879 35.2882385253906 35.3226661682129 35.3478317260742 35.3558502197266 35.3647270202637 35.3495597839355 35.3477745056152 35.3257637023926 35.2983207702637 35.2910385131836 35.2715606689453 35.2517356872559 35.241081237793 35.2309417724609 35.2187271118164 35.2147979736328 35.2040061950684 35.1800231933594 35.1719398498535 35.150993347168 35.1448249816895 35.1348037719727 35.1226501464844 35.1164321899414 35.1016235351562 35.0806312561035 35.067756652832 35.057933807373 35.0438613891602 35.0220794677734 35.0232963562012 35.0113296508789 35.0082931518555 35.0030937194824 34.9976959228516 35.0025520324707 35.0063819885254 35.0098648071289 35.0284805297852 -9999 -9999 -9999 -9999 -9999 -9999
35.2388076782227 35.2457160949707 35.2525482177734 35.2506370544434 35.2469902038574 35.2421379089355 35.2293586730957 35.2266654968262 35.2240943908691 35.2262954711914 35.2502555847168 35.2650184631348 35.2563247680664 35.2862014770508 35.3052024841309 35.3081817626953 35.321964263916 35.3233871459961 35.3110885620117 35.3015060424805 35.2927093505859 35.2866020202637 35.2751693725586 35.2577743530273 35.25 35.2361259460449 35.2227325439453 35.2150535583496 35.2011032104492 35.1886444091797 35.1681938171387 35.1472473144531 35.1340255737305 35.129810333252 35.1176681518555 35.1011505126953 35.0983009338379 35.0783386230469 35.05615234375 35.0504951477051 35.0419769287109 35.0341911315918 35.0238914489746 35.016040802002 35.007495880127 35.0044975280762 35.0064010620117 34.998779296875 34.9974479675293 35.0165252685547 35.0115699768066 35.0133323669434 -9999 -9999 -9999 -9999 -9999
35.2407264709473 35.2484703063965 35.2548980712891 35.2579765319824 35.2505264282227 35.2382354736328 35.2258262634277 35.2109756469727 35.2078819274902 35.2146339416504 35.2217712402344 35.2344627380371 35.2376022338867 35.2515830993652 35.2697525024414 35.2812843322754 35.2870101928711 35.2975425720215 35.2828025817871 35.2697105407715 35.2802124023438 35.2721328735352 35.2535629272461 35.2577781677246 35.2451324462891 35.2248344421387 35.2253112792969 35.2129211425781 35.1939735412598 35.1901397705078 35.1668701171875 35.1407051086426 35.1310081481934 35.1240768432617 35.104549407959 35.0929374694824 35.0842018127441 35.058177947998 35.0326652526855 35.0219535827637 35.0118751525879 35.0165519714355 35.0041542053223 34.9863319396973 34.9931983947754 34.9909439086914 34.975887298584 34.9770469665527 34.9765319824219 34.9668807983398 34.9780426025391 34.9820251464844 -9999 -9999 -9999 -9999 -9999
35.2383613586426 35.2454032897949 35.2554893493652 35.2565002441406 35.2483291625977 35.2345809936523 35.2292709350586 35.21435546875 35.2079048156738 35.2052536010742 35.2148666381836 35.2258949279785 35.2266578674316 35.2529678344727 35.2637939453125 35.2678833007812 35.2866249084473 35.2733154296875 35.2670593261719 35.2605209350586 35.2598457336426 35.2585334777832 35.248851776123 35.2447280883789 35.2425804138184 35.2254867553711 35.2200927734375 35.2126655578613 35.1955986022949 35.1831665039062 35.1691360473633 35.1520767211914 35.1364517211914 35.128231048584 35.114803314209 35.0923156738281 35.085750579834 35.0628623962402 35.0351867675781 35.0186653137207 35.0151329040527 35.0156593322754 35.0009765625 34.9850234985352 34.9866333007812 34.9831047058105 34.9753799438477 34.9704895019531 34.9643821716309 34.9656028747559 34.9616165161133 34.9615440368652 34.9647254943848 -9999 -9999 -9999 -9999
35.2529678344727 35.2443771362305 35.2474555969238 35.2467155456543 35.2391052246094 35.231372833252 35.2245254516602 35.2174491882324 35.2034378051758 35.2012557983398 35.2083549499512 35.2102508544922 35.209587097168 35.2264633178711 35.233455657959 35.2350006103516 35.2484817504883 35.2494735717773 35.2209892272949 35.2326889038086 35.2263069152832 35.224853515625 35.2300491333008 35.2205581665039 35.2124443054199 35.2133636474609 35.1971702575684 35.1931915283203 35.1892395019531 35.1715774536133 35.1576995849609 35.1444473266602 35.1266136169434 35.121337890625 35.1044158935547 35.0814933776855 35.0749549865723 35.0613098144531 35.0313606262207 35.0237236022949 35.0125350952148 34.988597869873 34.9648895263672 34.9690971374512 34.9608840942383 34.9592399597168 34.960620880127 34.9459953308105 34.9432640075684 34.9512214660645 34.9321174621582 34.9293060302734 34.9249420166016 34.8956298828125 -9999 -9999 -9999
35.2436904907227 35.2421035766602 35.2523002624512 35.2508506774902 35.2478904724121 35.2353897094727 35.2227249145508 35.2181663513184 35.1995048522949 35.1983222961426 35.1964988708496 35.1926193237305 35.2009963989258 35.2066688537598 35.2064323425293 35.2146415710449 35.214958190918 35.208869934082 35.2045860290527 35.1907272338867 35.189998626709 35.1892166137695 35.199779510498 35.1978034973145 35.1916198730469 35.1890602111816 35.1767692565918 35.1685256958008 35.1631546020508 35.1639137268066 35.1403770446777 35.129753112793 35.1206970214844 35.1098175048828 35.1097373962402 35.095531463623 35.0789794921875 35.063777923584 35.0294075012207 35.0171966552734 34.9970970153809 34.9626998901367 34.9533843994141 34.9407005310059 34.9308166503906 34.9342575073242 34.9336395263672 34.928840637207 34.9236221313477 34.9160385131836 34.9038734436035 34.9001274108887 34.8827857971191 34.8674240112305 -9999 -9999 -9999
35.2477989196777 35.2531089782715 35.2485198974609 35.2493515014648 35.2482795715332 35.2364082336426 35.2267036437988 35.211742401123 35.2033081054688 35.1945419311523 35.1944694519043 35.1898880004883 35.186897277832 35.2003555297852 35.2006988525391 35.197868347168 35.2011413574219 35.1943321228027 35.1819458007812 35.193058013916 35.1817474365234 35.1815986633301 35.1885566711426 35.1784896850586 35.1788215637207 35.1819038391113 35.1689643859863 35.1674194335938 35.1621055603027 35.1505241394043 35.1353912353516 35.1287956237793 35.1150093078613 35.1153182983398 35.1106605529785 35.0939331054688 35.0882415771484 35.0688400268555 35.0385589599609 35.0180435180664 34.9938888549805 34.970157623291 34.9412384033203 34.9419250488281 34.9305458068848 34.9206886291504 34.9274978637695 34.9142456054688 34.9037666320801 34.9084396362305 34.8946723937988 34.8813095092773 34.8686599731445 34.8411178588867 34.8201904296875 -9999 -9999
