G_variables/Set1/RCP4_2050/Sur_tem_min.asc
NCOLS 229 
NROWS 147 
XLLCORNER -101.25 
YLLCORNER 14.3333333333333 
CELLSIZE 0.0833333333333333 
NODATA_value -9999 
[rows 104 to 129 of 147, columns 171 to 227 of 229]
26.8387470245361 26.8434524536133 26.8415584564209 26.8424091339111 26.8716850280762 26.8786888122559 26.903528213501 26.9151954650879 26.9231185913086 26.935848236084 26.9536590576172 26.9792957305908 26.9798717498779 26.9584178924561 26.9495868682861 26.9463882446289 26.9676666259766 26.972074508667 26.9838581085205 26.9936370849609 27.0005130767822 27.0140838623047 27.0353450775146 27.0748519897461 27.082124710083 27.0646781921387 27.0686340332031 27.0651588439941 27.0828285217285 27.0854969024658 27.0845241546631 27.0945072174072 27.0953063964844 27.1059532165527 27.1259632110596 27.1399154663086 27.1426544189453 27.1405925750732 27.1197090148926 27.1134471893311 27.1321659088135 27.1186943054199 27.1084308624268 27.1105270385742 27.1058006286621 27.1148338317871 27.130687713623 27.1557369232178 27.1583614349365 27.1421813964844 27.1220207214355 27.113208770752 27.1087779998779 27.1021518707275 27.1021747589111 27.1113014221191 -9999
26.8489360809326 26.8400859832764 26.8369617462158 26.8478202819824 26.8716468811035 26.876708984375 26.896167755127 26.9042301177979 26.9237537384033 26.9388084411621 26.9567775726318 26.9848289489746 26.9874610900879 26.9627285003662 26.9511375427246 26.951566696167 26.9675254821777 26.9702587127686 26.988302230835 26.9984397888184 27.0070152282715 27.025951385498 27.0456676483154 27.0854320526123 27.0994739532471 27.0726356506348 27.0691452026367 27.0730781555176 27.075813293457 27.0775356292725 27.0949802398682 27.0989189147949 27.0928268432617 27.1105632781982 27.1205062866211 27.1413822174072 27.1485691070557 27.127368927002 27.1161670684814 27.1108837127686 27.1079406738281 27.1047592163086 27.1111545562744 27.1123580932617 27.1037750244141 27.117712020874 27.1304588317871 27.160852432251 27.1679649353027 27.1367568969727 27.119556427002 27.1185131072998 27.1064167022705 27.1035499572754 27.1126327514648 27.1155738830566 27.1090793609619
26.8241558074951 26.8325576782227 26.8307800292969 26.8582706451416 26.8682537078857 26.8765716552734 26.8965892791748 26.9051685333252 26.9180717468262 26.9364738464355 26.9500579833984 26.9646434783936 26.9689426422119 26.9657955169678 26.9592952728271 26.9685173034668 26.9806613922119 26.9843521118164 27.0028266906738 27.0139675140381 27.0228462219238 27.0415897369385 27.0554428100586 27.0730953216553 27.0859985351562 27.0797481536865 27.0727386474609 27.0773124694824 27.0862407684326 27.0847415924072 27.1019725799561 27.1008796691895 27.0980949401855 27.1078910827637 27.1182384490967 27.1262283325195 27.1324367523193 27.1181488037109 27.108341217041 27.099157333374 27.0987224578857 27.0967788696289 27.1041927337646 27.1065502166748 27.1026668548584 27.108512878418 27.1229476928711 27.130687713623 27.1395397186279 27.1242942810059 27.118034362793 27.125186920166 27.1155796051025 27.1140747070312 27.124641418457 27.1325664520264 27.1351280212402
26.8163890838623 26.8534069061279 26.8435134887695 26.8492641448975 26.8741073608398 26.8941059112549 26.8974494934082 26.9256935119629 26.9147605895996 26.9215297698975 26.9371013641357 26.9420700073242 26.9583206176758 26.9654941558838 26.9627456665039 26.9629421234131 26.9705257415771 26.9962387084961 27.0002555847168 27.0187244415283 27.0218906402588 27.0320777893066 27.0483303070068 27.0557308197021 27.0594272613525 27.0626888275146 27.0649452209473 27.0655117034912 27.0753879547119 27.088981628418 27.0958309173584 27.1004943847656 27.0967426300049 27.100341796875 27.1148529052734 27.1173248291016 27.1086025238037 27.1062164306641 27.0962047576904 27.0914039611816 27.0911407470703 27.0981559753418 27.0985584259033 27.0904312133789 27.0965938568115 27.1017360687256 27.1045589447021 27.117130279541 27.1223793029785 27.1241893768311 27.1204223632812 27.119119644165 27.120210647583 27.1226196289062 27.1240749359131 27.1280536651611 27.128776550293
26.8106250762939 26.8164291381836 26.821798324585 26.8426361083984 26.8473834991455 26.8661270141602 26.8973369598389 26.8953113555908 26.8984279632568 26.9108352661133 26.9173469543457 26.9218978881836 26.94504737854 26.9484977722168 26.9484825134277 26.9587726593018 26.9636726379395 26.9752407073975 26.9984703063965 27.0069026947021 27.0122623443604 27.026180267334 27.0343170166016 27.0368614196777 27.0460796356201 27.0470523834229 27.0507068634033 27.0583248138428 27.0581035614014 27.069995880127 27.081428527832 27.0863037109375 27.0860805511475 27.0913429260254 27.0997676849365 27.1006202697754 27.0919628143311 27.0902328491211 27.0822887420654 27.0809078216553 27.0789775848389 27.0860404968262 27.0813331604004 27.0834007263184 27.0849323272705 27.0943393707275 27.0951156616211 27.0987110137939 27.111213684082 27.1071109771729 27.1056232452393 27.1173229217529 27.1104316711426 27.1162338256836 -9999 -9999 -9999
26.7735481262207 26.7789859771729 26.7897682189941 26.8125514984131 26.8196239471436 26.8385238647461 26.8696479797363 26.8649559020996 26.8696918487549 26.8826007843018 26.8886585235596 26.8948059082031 26.9197101593018 26.925271987915 26.9312019348145 26.9434947967529 26.9492359161377 26.9630832672119 26.9863548278809 26.9986419677734 27.0025024414062 27.0151443481445 27.0223026275635 27.0223178863525 27.0312194824219 27.0336761474609 27.0348701477051 27.0443477630615 27.0481796264648 27.0559673309326 27.0650196075439 27.0703010559082 27.0696029663086 27.0735988616943 27.0788192749023 27.0788059234619 27.0695514678955 27.0679378509521 27.0655307769775 27.0599937438965 27.0587329864502 27.0677509307861 27.0638179779053 27.0678730010986 27.0685291290283 27.0725688934326 27.0740070343018 27.0802803039551 27.0931358337402 27.0879287719727 27.0919628143311 27.1059169769287 -9999 -9999 -9999 -9999 -9999
26.7455902099609 26.7633476257324 26.7787895202637 26.7898712158203 26.8088703155518 26.8154697418213 26.8320770263672 26.8695487976074 26.8713970184326 26.8769550323486 26.8938007354736 26.8924808502197 26.8927459716797 26.9192752838135 26.9123611450195 26.9185028076172 26.9447898864746 26.9464473724365 26.9613227844238 27.000804901123 26.9945659637451 27.000057220459 27.0245208740234 27.0115299224854 27.0163383483887 27.0362091064453 27.0278663635254 27.0311527252197 27.0485610961914 27.0339031219482 27.0396785736084 27.0563125610352 27.0497589111328 27.0497932434082 27.0578899383545 27.0552577972412 27.0609817504883 27.0614795684814 27.0617179870605 27.0616645812988 27.0607128143311 27.0406742095947 27.050874710083 27.0621776580811 27.0655632019043 27.0663585662842 27.0627708435059 27.0750675201416 27.0805835723877 -9999 -9999 -9999 -9999 -9999 -9999 -9999 -9999
26.7321701049805 26.7381782531738 26.7509803771973 26.773120880127 26.7811737060547 26.7917957305908 26.8172664642334 26.8423614501953 26.8455657958984 26.8582344055176 26.8617134094238 26.8626480102539 26.8713684082031 26.8798065185547 26.8836441040039 26.899881362915 26.9089794158936 26.9207382202148 26.9454803466797 26.963846206665 26.9674682617188 26.9810733795166 26.9844360351562 26.9859752655029 26.9945621490479 27.001293182373 27.0039749145508 27.0133876800537 27.0203685760498 27.0139179229736 27.0262794494629 27.0342693328857 27.032844543457 27.0363445281982 27.0387592315674 27.0388774871826 27.0467376708984 27.0474586486816 27.0489044189453 27.0514678955078 27.0524406433105 27.0319786071777 27.0439758300781 27.0523319244385 27.051794052124 27.0600070953369 -9999 -9999 -9999 -9999 -9999 -9999 -9999 -9999 -9999 -9999 -9999
26.6884860992432 26.6966018676758 26.7061710357666 26.7300109863281 26.7388401031494 26.747501373291 26.7784423828125 26.7976245880127 26.7987518310547 26.8098220825195 26.80983543396 26.812931060791 26.8291301727295 26.8309383392334 26.8415870666504 26.8612174987793 26.8677024841309 26.8754119873047 26.9017086029053 26.921875 26.9276275634766 26.9387264251709 26.9420585632324 26.9371585845947 26.948694229126 26.9596004486084 26.9649047851562 26.9764804840088 26.9803123474121 26.9791069030762 26.992488861084 27.0014362335205 27.0009994506836 27.0047492980957 27.0086574554443 27.0119724273682 27.0137538909912 27.0175628662109 27.0221385955811 27.0263824462891 27.0284938812256 27.0306663513184 27.0298500061035 27.030912399292 -9999 -9999 -9999 -9999 -9999 -9999 -9999 -9999 -9999 -9999 -9999 -9999 -9999
26.6520938873291 26.6731433868408 26.6932888031006 26.7075443267822 26.7266311645508 26.7345333099365 26.7551517486572 26.7589778900146 26.7793769836426 26.7803211212158 26.7754592895508 26.7857933044434 26.793098449707 26.8091449737549 26.827127456665 26.8388328552246 26.8411502838135 26.8584365844727 26.8763046264648 26.8840885162354 26.904239654541 26.9069232940674 26.9146575927734 26.9117679595947 26.9152030944824 26.9289264678955 26.9390869140625 26.9470348358154 26.9527759552002 26.9643135070801 26.9739398956299 26.9809112548828 26.995792388916 26.9968109130859 27.0015640258789 26.993221282959 26.9939193725586 27.0041027069092 27.0094909667969 27.0141410827637 27.0233459472656 -9999 -9999 -9999 -9999 -9999 -9999 -9999 -9999 -9999 -9999 -9999 -9999 -9999 -9999 -9999 -9999
26.6249961853027 26.6497955322266 26.6731719970703 26.6965770721436 26.710277557373 26.7148838043213 26.7428760528564 26.7456512451172 26.7578067779541 26.7652931213379 26.7603225708008 26.7444496154785 26.7610282897949 26.7828388214111 26.8018741607666 26.8243370056152 26.8260345458984 26.8349018096924 26.8607444763184 26.8653240203857 26.8772277832031 26.8878479003906 26.8823699951172 26.86842918396 26.8802185058594 26.9018287658691 26.9131870269775 26.9304122924805 26.9380474090576 26.9436054229736 26.9632434844971 26.966100692749 26.9764499664307 26.9823913574219 26.977165222168 26.9604187011719 26.9677619934082 26.9840183258057 26.9939632415771 -9999 -9999 -9999 -9999 -9999 -9999 -9999 -9999 -9999 -9999 -9999 -9999 -9999 -9999 -9999 -9999 -9999 -9999
26.5907325744629 26.6190624237061 26.6369380950928 26.657600402832 26.6665382385254 26.6718559265137 26.6897850036621 26.6916065216064 26.7192192077637 26.7267036437988 26.7213077545166 26.7027282714844 26.7175273895264 26.7420177459717 26.7603206634521 26.7828216552734 26.7894115447998 26.7959651947021 26.8085594177246 26.8101387023926 26.8325061798096 26.8423519134521 26.8345775604248 26.8200073242188 26.8326263427734 26.8583316802979 26.8724193572998 26.8902721405029 26.8961277008057 26.9015617370605 26.9162445068359 26.9192409515381 26.9386177062988 26.9449329376221 26.938850402832 26.9247283935547 -9999 -9999 -9999 -9999 -9999 -9999 -9999 -9999 -9999 -9999 -9999 -9999 -9999 -9999 -9999 -9999 -9999 -9999 -9999 -9999 -9999
26.6031227111816 26.6206245422363 26.6360569000244 26.6457042694092 26.6494941711426 26.6650543212891 26.675199508667 26.6773223876953 26.7094135284424 26.7098140716553 26.7103633880615 26.7128849029541 26.718599319458 26.7334308624268 26.7535381317139 26.7650337219238 26.7735958099365 26.785888671875 26.7881355285645 26.7920112609863 26.8210945129395 26.823055267334 26.8263339996338 26.8272705078125 26.8324489593506 26.847972869873 26.8639736175537 26.8750610351562 26.8816757202148 26.8875389099121 26.8922710418701 26.9099273681641 26.9153347015381 -9999 -9999 -9999 -9999 -9999 -9999 -9999 -9999 -9999 -9999 -9999 -9999 -9999 -9999 -9999 -9999 -9999 -9999 -9999 -9999 -9999 -9999 -9999 -9999
26.6129722595215 26.6242160797119 26.6315002441406 26.6451625823975 26.6467437744141 26.6533451080322 26.6716861724854 26.673641204834 26.6966438293457 26.7071571350098 26.7076740264893 26.7065105438232 26.7222385406494 26.7336273193359 26.7425327301025 26.7582168579102 26.7630214691162 26.769416809082 26.7782669067383 26.7802200317383 26.8047218322754 26.8164119720459 26.8194561004639 26.8200511932373 26.8336372375488 26.8405265808105 26.8491287231445 26.8544635772705 26.8631534576416 26.8675899505615 26.8796787261963 -9999 -9999 -9999 -9999 -9999 -9999 -9999 -9999 -9999 -9999 -9999 -9999 -9999 -9999 -9999 -9999 -9999 -9999 -9999 -9999 -9999 -9999 -9999 -9999 -9999 -9999
26.6047916412354 26.6079006195068 26.6125755310059 26.6237945556641 26.623119354248 26.6284027099609 26.6468162536621 26.6518535614014 26.6748104095459 26.6863822937012 26.6815929412842 26.6815700531006 26.7008037567139 26.709924697876 26.7166385650635 26.7299880981445 26.7322368621826 26.7340278625488 26.7414226531982 26.7454681396484 26.7668190002441 26.7802276611328 26.7838840484619 26.7859420776367 26.7951793670654 26.7990112304688 26.798189163208 26.8121318817139 -9999 -9999 -9999 -9999 -9999 -9999 -9999 -9999 -9999 -9999 -9999 -9999 -9999 -9999 -9999 -9999 -9999 -9999 -9999 -9999 -9999 -9999 -9999 -9999 -9999 -9999 -9999 -9999 -9999
26.6062335968018 26.6031188964844 26.61545753479 26.6164798736572 26.6112194061279 26.6278343200684 26.6381092071533 26.6422004699707 26.6526775360107 26.6783924102783 26.682201385498 26.6872940063477 26.6954803466797 26.7070999145508 26.714485168457 26.7168521881104 26.7206592559814 26.7269992828369 26.7255096435547 26.7272052764893 26.7414722442627 26.7650718688965 26.7704334259033 26.7754173278809 26.7723712921143 26.7831249237061 -9999 -9999 -9999 -9999 -9999 -9999 -9999 -9999 -9999 -9999 -9999 -9999 -9999 -9999 -9999 -9999 -9999 -9999 -9999 -9999 -9999 -9999 -9999 -9999 -9999 -9999 -9999 -9999 -9999 -9999 -9999
26.6154975891113 26.6175212860107 26.6162986755371 26.623161315918 26.6236267089844 26.6256275177002 26.6475219726562 26.6482315063477 26.6527786254883 26.683177947998 26.6831531524658 26.6876945495605 26.6991367340088 26.7058010101318 26.7074146270752 26.7159519195557 26.7169361114502 26.7183017730713 26.7342948913574 26.7369937896729 26.7392749786377 26.7426204681396 26.7451133728027 -9999 -9999 -9999 -9999 -9999 -9999 -9999 -9999 -9999 -9999 -9999 -9999 -9999 -9999 -9999 -9999 -9999 -9999 -9999 -9999 -9999 -9999 -9999 -9999 -9999 -9999 -9999 -9999 -9999 -9999 -9999 -9999 -9999 -9999
26.6165580749512 26.6157531738281 26.6142330169678 26.6171092987061 26.6174602508545 26.6165409088135 26.6377716064453 26.6417598724365 26.6446304321289 26.6579151153564 26.6775455474854 26.6789855957031 26.6892719268799 26.6934204101562 26.69504737854 26.7002277374268 26.6985740661621 26.6964492797852 26.7106647491455 26.7061004638672 -9999 -9999 -9999 -9999 -9999 -9999 -9999 -9999 -9999 -9999 -9999 -9999 -9999 -9999 -9999 -9999 -9999 -9999 -9999 -9999 -9999 -9999 -9999 -9999 -9999 -9999 -9999 -9999 -9999 -9999 -9999 -9999 -9999 -9999 -9999 -9999 -9999
26.6292209625244 26.6217632293701 26.6239356994629 26.619665145874 26.6118202209473 26.6226348876953 26.6339588165283 26.6398639678955 26.6488151550293 26.6533832550049 26.6717090606689 26.6829242706299 26.6864681243896 26.6891555786133 26.6942539215088 26.6937637329102 26.6860065460205 26.6923656463623 26.6973190307617 26.688362121582 -9999 -9999 -9999 -9999 -9999 -9999 -9999 -9999 -9999 -9999 -9999 -9999 -9999 -9999 -9999 -9999 -9999 -9999 -9999 -9999 -9999 -9999 -9999 -9999 -9999 -9999 -9999 -9999 -9999 -9999 -9999 -9999 -9999 -9999 -9999 -9999 -9999
26.6551628112793 26.6429595947266 26.6311912536621 26.6285057067871 26.6222248077393 26.6228141784668 26.641845703125 26.644832611084 26.6469593048096 26.6616630554199 26.6686267852783 26.6840343475342 26.6928806304932 26.6933536529541 26.694314956665 26.6923923492432 26.6909694671631 26.6882724761963 26.6930294036865 -9999 -9999 -9999 -9999 -9999 -9999 -9999 -9999 -9999 -9999 -9999 -9999 -9999 -9999 -9999 -9999 -9999 -9999 -9999 -9999 -9999 -9999 -9999 -9999 -9999 -9999 -9999 -9999 -9999 -9999 -9999 -9999 -9999 -9999 -9999 -9999 -9999 -9999
26.6922206878662 26.6582641601562 26.6405334472656 26.6348934173584 26.6274566650391 26.6158218383789 26.6325263977051 26.6430740356445 26.6488971710205 26.6641807556152 26.6709365844727 26.6802749633789 26.6954002380371 26.6940307617188 26.6917705535889 26.689058303833 26.6853008270264 26.6656856536865 -9999 -9999 -9999 -9999 -9999 -9999 -9999 -9999 -9999 -9999 -9999 -9999 -9999 -9999 -9999 -9999 -9999 -9999 -9999 -9999 -9999 -9999 -9999 -9999 -9999 -9999 -9999 -9999 -9999 -9999 -9999 -9999 -9999 -9999 -9999 -9999 -9999 -9999 -9999
26.684103012085 26.6532154083252 26.6439342498779 26.6361522674561 26.6138172149658 26.6246719360352 26.6311206817627 26.6297092437744 26.6554718017578 26.6621513366699 26.6705551147461 26.682466506958 26.6936149597168 26.6988506317139 26.6919536590576 26.6782836914062 26.6742420196533 -9999 -9999 -9999 -9999 -9999 -9999 -9999 -9999 -9999 -9999 -9999 -9999 -9999 -9999 -9999 -9999 -9999 -9999 -9999 -9999 -9999 -9999 -9999 -9999 -9999 -9999 -9999 -9999 -9999 -9999 -9999 -9999 -9999 -9999 -9999 -9999 -9999 -9999 -9999 -9999
26.6644973754883 26.6547031402588 26.6445293426514 26.6330661773682 26.6269035339355 26.6266250610352 26.639835357666 26.645206451416 26.6461505889893 26.669038772583 26.6721420288086 26.6789207458496 26.686243057251 26.6857128143311 26.686243057251 26.6829166412354 26.6780300140381 -9999 -9999 -9999 -9999 -9999 -9999 -9999 -9999 -9999 -9999 -9999 -9999 -9999 -9999 -9999 -9999 -9999 -9999 -9999 -9999 -9999 -9999 -9999 -9999 -9999 -9999 -9999 -9999 -9999 -9999 -9999 -9999 -9999 -9999 -9999 -9999 -9999 -9999 -9999 -9999
26.6605758666992 26.6553440093994 26.6520519256592 26.640510559082 26.6369037628174 26.634744644165 26.6478958129883 26.6512908935547 26.6538600921631 26.6720771789551 26.6771697998047 26.6796722412109 26.6889839172363 26.6844139099121 26.686580657959 26.6827411651611 -9999 -9999 -9999 -9999 -9999 -9999 -9999 -9999 -9999 -9999 -9999 -9999 -9999 -9999 -9999 -9999 -9999 -9999 -9999 -9999 -9999 -9999 -9999 -9999 -9999 -9999 -9999 -9999 -9999 -9999 -9999 -9999 -9999 -9999 -9999 -9999 -9999 -9999 -9999 -9999 -9999
26.65456199646 26.6558208465576 26.6405563354492 26.641056060791 26.6457328796387 26.640754699707 26.6505088806152 26.6637573242188 26.6584453582764 26.6629962921143 26.6891956329346 26.6816902160645 26.6826057434082 -9999 -9999 -9999 -9999 -9999 -9999 -9999 -9999 -9999 -9999 -9999 -9999 -9999 -9999 -9999 -9999 -9999 -9999 -9999 -9999 -9999 -9999 -9999 -9999 -9999 -9999 -9999 -9999 -9999 -9999 -9999 -9999 -9999 -9999 -9999 -9999 -9999 -9999 -9999 -9999 -9999 -9999 -9999 -9999
26.6493301391602 26.6407012939453 26.6372413635254 26.6383171081543 26.6375579833984 26.6401233673096 26.652458190918 26.6559391021729 26.660062789917 -9999 -9999 -9999 -9999 -9999 -9999 -9999 -9999 -9999 -9999 -9999 -9999 -9999 -9999 -9999 -9999 -9999 -9999 -9999 -9999 -9999 -9999 -9999 -9999 -9999 -9999 -9999 -9999 -9999 -9999 -9999 -9999 -9999 -9999 -9999 -9999 -9999 -9999 -9999 -9999 -9999 -9999 -9999 -9999 -9999 -9999 -9999 -9999
