G_variables/Set1/RCP4_2050/Sur_tem_max.asc
NCOLS 229 
NROWS 147 
XLLCORNER -101.25 
YLLCORNER 14.3333333333333 
CELLSIZE 0.0833333333333333 
NODATA_value -9999 
[rows 78 to 103 of 147, columns 57 to 113 of 229]
30.8857517242432 30.8897590637207 30.9196281433105 30.9880714416504 31.0161552429199 31.02783203125 31.0864276885986 31.0910911560059 31.1051750183105 31.134464263916 31.1387252807617 31.1472320556641 31.1563739776611 31.1593189239502 31.1566066741943 31.1687984466553 31.1684036254883 31.1688098907471 31.1832523345947 31.1709728240967 31.1731491088867 31.1841239929199 31.1887741088867 31.1919288635254 31.2084541320801 31.2041130065918 31.2037487030029 31.2038593292236 31.2010612487793 31.1972713470459 31.1954116821289 31.1883678436279 31.185718536377 31.1769618988037 31.1597137451172 31.1362800598145 31.1112270355225 31.1070613861084 31.097713470459 31.0862808227539 31.0709781646729 31.0735321044922 31.0720672607422 31.0724697113037 31.0718975067139 31.0679836273193 31.0664730072021 31.0476188659668 31.0409336090088 31.0431537628174 31.0409774780273 31.0303707122803 31.018217086792 31.0107078552246 30.9828987121582 30.9743099212646 30.9392032623291
30.8686466217041 30.8590278625488 30.8681678771973 30.9350318908691 30.9660491943359 30.977466583252 31.0382328033447 31.0448474884033 31.0643405914307 31.1009922027588 31.1062755584717 31.1202774047852 31.1225833892822 31.1229763031006 31.1266479492188 31.1316108703613 31.1366577148438 31.1368389129639 31.1449127197266 31.1335372924805 31.1322746276855 31.138298034668 31.1358051300049 31.139123916626 31.1526165008545 31.1516284942627 31.1507301330566 31.1536293029785 31.1542129516602 31.1550731658936 31.1458511352539 31.1448841094971 31.1479988098145 31.1398143768311 31.1323108673096 31.1312522888184 31.0894317626953 31.0864677429199 31.0814323425293 31.0689067840576 31.0617504119873 31.0562744140625 31.0489101409912 31.0509567260742 31.0426006317139 31.0347423553467 31.029956817627 31.0263614654541 31.0117301940918 31.0127639770508 31.0160808563232 31.0064010620117 31.0038242340088 30.9941253662109 30.9599590301514 30.9656944274902 30.9333267211914
30.8518543243408 30.8303184509277 30.8800659179688 30.9048290252686 30.9560127258301 30.9868240356445 31.0065021514893 31.0564193725586 31.0687808990479 31.0800151824951 31.106372833252 31.1165771484375 31.1080951690674 31.1285095214844 31.123291015625 31.1249675750732 31.1204738616943 31.1284160614014 31.133810043335 31.1466331481934 31.1229553222656 31.1179332733154 31.1063232421875 31.1232852935791 31.1288204193115 31.1218109130859 31.1332874298096 31.1340732574463 31.1206645965576 31.1393947601318 31.134578704834 31.1288890838623 31.1350517272949 31.1352043151855 31.1349563598633 31.1111602783203 31.0992107391357 31.0857028961182 31.0727348327637 31.0660266876221 31.0555324554443 31.0487289428711 31.0449028015137 31.0570449829102 31.032678604126 31.0290946960449 31.0394687652588 31.0110092163086 31.0075569152832 30.9996929168701 31.0009632110596 30.998893737793 31.0171661376953 30.9756298065186 30.9660320281982 30.9838924407959 30.9004249572754
30.82373046875 30.8476428985596 30.8753452301025 30.9077892303467 30.9370422363281 30.9475727081299 31.0107192993164 31.0252132415771 31.0407867431641 31.0831928253174 31.0929298400879 31.1001625061035 31.1175117492676 31.1063442230225 31.1066226959229 31.1198234558105 31.1221961975098 31.1192684173584 31.1235332489014 31.1238594055176 31.1190700531006 31.1056804656982 31.1095314025879 31.1098194122314 31.1131610870361 31.1149883270264 31.1175632476807 31.1241836547852 31.1246852874756 31.1132564544678 31.1234588623047 31.1257476806641 31.1240215301514 31.1292705535889 31.1178455352783 31.1021518707275 31.0885848999023 31.0856456756592 31.0660133361816 31.0530815124512 31.0488700866699 31.0337295532227 31.0193004608154 31.0232086181641 31.0230731964111 31.0092163085938 31.0009441375732 30.9972629547119 30.988410949707 30.9868831634521 30.9871120452881 30.9737129211426 30.97239112854 30.966911315918 30.9326210021973 30.9137268066406 30.894811630249
-9999 30.8076553344727 30.819652557373 30.8544692993164 30.8642864227295 30.8951606750488 30.9621295928955 30.9971580505371 31.0074501037598 31.0485877990723 31.0565128326416 31.0674781799316 31.0844287872314 31.0693759918213 31.0724010467529 31.0873622894287 31.0946636199951 31.0976333618164 31.0993213653564 31.0947170257568 31.0918674468994 31.0881843566895 31.0803699493408 31.0777320861816 31.0803184509277 31.0802536010742 31.0773372650146 31.0866794586182 31.0901927947998 31.0964813232422 31.108060836792 31.1066932678223 31.0990447998047 31.1022548675537 31.0957450866699 31.0861396789551 31.0744876861572 31.0724506378174 31.0485534667969 31.0353317260742 31.0241355895996 31.0194988250732 30.9949474334717 30.9852428436279 30.9836864471436 30.9675159454346 30.9544124603271 30.9528312683105 30.9459438323975 30.9392642974854 30.94016456604 30.9249706268311 30.9183101654053 30.9128799438477 30.8753070831299 30.854959487915 30.8368911743164
-9999 30.7663516998291 30.8067455291748 30.8399047851562 30.8457450866699 30.8984546661377 30.9299564361572 30.9966850280762 31.0073757171631 31.0252475738525 31.0555973052979 31.0602569580078 31.0652961730957 31.0714416503906 31.0641536712646 31.070032119751 31.0736637115479 31.1004428863525 31.1033401489258 31.1022129058838 31.0789909362793 31.0704250335693 31.0599765777588 31.0663032531738 31.069019317627 31.0569229125977 31.0698928833008 31.077018737793 31.0690422058105 31.1017551422119 31.1079082489014 31.1038570404053 31.0946483612061 31.0890407562256 31.0911636352539 31.073184967041 31.0668087005615 31.0862007141113 31.0350112915039 31.0257396697998 31.0203876495361 30.9967498779297 30.9837779998779 30.9804935455322 30.9642734527588 30.9551773071289 30.9296340942383 30.9300765991211 30.9310550689697 30.9361991882324 30.9162979125977 30.9086837768555 30.9307155609131 30.8813648223877 30.8670387268066 30.8712825775146 30.790355682373
-9999 30.7750778198242 30.80832862854 30.8248481750488 30.8466091156006 30.8565788269043 30.9358196258545 30.9541130065918 30.9754505157471 31.0247344970703 31.0322380065918 31.0410022735596 31.0600185394287 31.0615921020508 31.0482368469238 31.0661029815674 31.0779094696045 31.103307723999 31.1119594573975 31.080171585083 31.0519886016846 31.0596828460693 31.0560321807861 31.0585708618164 31.0589866638184 31.0615253448486 31.0661945343018 31.0790958404541 31.090145111084 31.1135025024414 31.1199111938477 31.0976943969727 31.0860252380371 31.0802307128906 31.0621337890625 31.0509147644043 31.0349941253662 31.0317611694336 31.0239009857178 31.0063152313232 31.0003089904785 30.9869995117188 30.951301574707 30.955099105835 30.9517765045166 30.9242649078369 30.9149303436279 30.9090042114258 30.8952770233154 30.894344329834 30.8946666717529 30.86962890625 30.8691024780273 30.8637046813965 30.8202419281006 30.8090915679932 30.7787704467773
-9999 -9999 30.779275894165 30.7986507415771 30.7903327941895 30.8063735961914 30.878833770752 30.9125499725342 30.9232940673828 30.9770545959473 31.0000247955322 31.0023994445801 31.0213775634766 31.0272464752197 31.0284519195557 31.0300998687744 31.0381374359131 31.0493316650391 31.0579528808594 31.0412998199463 31.017879486084 31.0290069580078 31.0376815795898 31.0276260375977 31.0374374389648 31.0471343994141 31.0479907989502 31.0608062744141 31.0699100494385 31.0760726928711 31.0774021148682 31.066068649292 31.0476131439209 31.0386772155762 31.0175495147705 31.0032997131348 30.9854850769043 30.9885749816895 30.9814319610596 30.9673728942871 30.9562911987305 30.9474830627441 30.9157161712646 30.9073944091797 30.8902549743652 30.8604869842529 30.8414840698242 30.8362617492676 30.8136806488037 30.8164863586426 30.8104839324951 30.7806186676025 30.776798248291 30.7725868225098 30.7301197052002 30.7151870727539 30.701473236084
-9999 -9999 30.7582759857178 30.7748966217041 30.7507076263428 30.805606842041 30.8417854309082 30.9168643951416 30.9229583740234 30.9457836151123 31.0040454864502 30.9966907501221 31.0016040802002 31.0166454315186 31.0210666656494 31.0086688995361 31.0101776123047 31.0259914398193 31.0285339355469 31.0377731323242 31.0239562988281 31.023323059082 31.0499267578125 31.0340213775635 31.0295886993408 31.0640869140625 31.0430469512939 31.049446105957 31.0902938842773 31.0574340820312 31.0518207550049 31.0641784667969 31.0339164733887 31.0202388763428 31.0050144195557 30.9882621765137 30.9745292663574 30.999490737915 30.9606018066406 30.9560985565186 30.9698581695557 30.923189163208 30.9099407196045 30.8989524841309 30.8594760894775 30.8455390930176 30.8320083618164 30.8016719818115 30.7914352416992 30.7904376983643 30.7710590362549 30.7529392242432 30.7382507324219 30.72190284729 30.7095127105713 30.6790351867676 30.6557369232178
-9999 -9999 30.7655467987061 30.7729663848877 30.7692565917969 30.8000965118408 30.8411540985107 30.857852935791 30.8851432800293 30.943531036377 30.9523086547852 30.962194442749 30.9947986602783 30.9944038391113 30.9966239929199 31.011137008667 30.9968643188477 31.0009708404541 31.0108242034912 31.0107116699219 31.0027236938477 31.0154933929443 31.0119800567627 31.008472442627 31.0100326538086 31.0184192657471 31.0199642181396 31.024730682373 31.0323657989502 31.0285339355469 31.018798828125 31.0181350708008 31.0078086853027 30.9844360351562 30.9788646697998 30.9709663391113 30.951623916626 30.9499950408936 30.943962097168 30.9219284057617 30.9198951721191 30.906270980835 30.8684730529785 30.8579883575439 30.8422813415527 30.793628692627 30.7836894989014 30.7765007019043 30.7452278137207 30.7415199279785 30.7409324645996 30.7109870910645 30.7080860137939 30.700080871582 30.6700305938721 30.6635608673096 30.6395416259766
-9999 -9999 -9999 -9999 30.7351627349854 30.7383060455322 30.7886199951172 30.765588760376 30.7778778076172 30.8389072418213 30.8513069152832 30.8722858428955 30.9110164642334 30.917781829834 30.9353046417236 30.9497661590576 30.9471340179443 30.9444160461426 30.9527626037598 30.9514331817627 30.9518070220947 30.9579067230225 30.9575672149658 30.9676742553711 30.9809017181396 30.9759902954102 30.9799976348877 30.9823207855225 30.9775123596191 30.974437713623 30.9630146026611 30.9513988494873 30.9454803466797 30.9244575500488 30.9097633361816 30.9045257568359 30.8841876983643 30.8698043823242 30.8640117645264 30.8383274078369 30.8365859985352 30.8142986297607 30.7753162384033 30.7449321746826 30.7330322265625 30.6836624145508 30.6694946289062 30.662483215332 30.6299915313721 30.6261692047119 30.6395587921143 30.6152801513672 30.6232261657715 30.624439239502 30.5997848510742 30.6004962921143 30.6004772186279
-9999 -9999 -9999 -9999 30.6763000488281 30.7318496704102 30.7381420135498 30.7502841949463 30.7692127227783 30.7949485778809 30.8803176879883 30.8580875396729 30.8767986297607 30.9591484069824 30.921049118042 30.9070644378662 30.9433650970459 30.9287757873535 30.9280128479004 30.9411487579346 30.9382991790771 30.932991027832 30.9391326904297 30.9530601501465 30.9585742950439 30.9491481781006 30.9568729400635 30.9558525085449 30.9549732208252 30.9450607299805 30.9354801177979 30.9092063903809 30.9147510528564 30.8999481201172 30.8803634643555 30.8759365081787 30.8609676361084 30.8603343963623 30.8333320617676 30.8139133453369 30.8130798339844 30.7673492431641 30.7514572143555 30.7413806915283 30.6814002990723 30.6554279327393 30.640209197998 30.6133518218994 30.6012744903564 30.5894184112549 30.5961990356445 30.5888748168945 30.5669784545898 30.5857753753662 30.5908279418945 30.5749683380127 30.5803985595703
-9999 -9999 -9999 -9999 -9999 30.6912078857422 30.716251373291 30.7196083068848 30.7402095794678 30.7587203979492 30.7736511230469 30.7877388000488 30.8459396362305 30.857608795166 30.8575954437256 30.8766593933105 30.8797264099121 30.8817558288574 30.9005317687988 30.9013404846191 30.8991794586182 30.920051574707 30.9215831756592 30.9290065765381 30.9459667205811 30.9513759613037 30.9365539550781 30.9375514984131 30.9323406219482 30.9276237487793 30.9103145599365 30.9014873504639 30.8828830718994 30.8632850646973 30.8566722869873 30.850944519043 30.8142070770264 30.8096904754639 30.8031673431396 30.7632579803467 30.7499866485596 30.738395690918 30.6814346313477 30.6582717895508 30.6389465332031 30.5914154052734 30.5840644836426 30.5705661773682 30.5581226348877 30.5586090087891 30.5515384674072 30.5597076416016 30.5533962249756 30.5582122802734 30.5693778991699 30.5592002868652 30.5597229003906
-9999 -9999 -9999 -9999 -9999 -9999 30.6433181762695 30.625316619873 30.633508682251 30.669563293457 30.6414375305176 30.6605091094971 30.7252731323242 30.7321929931641 30.7581825256348 30.7849617004395 30.7882919311523 30.8023681640625 30.8250389099121 30.8367462158203 30.8328247070312 30.8573455810547 30.8600120544434 30.8790607452393 30.9003143310547 30.90576171875 30.9069766998291 30.8884429931641 30.8819217681885 30.8777465820312 30.8618297576904 30.8437118530273 30.843713760376 30.8230533599854 30.8099822998047 30.8040904998779 30.7628402709961 30.7508010864258 30.7232894897461 30.6795406341553 30.6598815917969 30.6187324523926 30.5551834106445 30.50514793396 30.4871273040771 30.4367942810059 30.4256134033203 30.4291515350342 30.4269485473633 30.4320678710938 30.4659194946289 30.4869937896729 30.5114364624023 30.5178108215332 30.5342750549316 30.561279296875 30.5677242279053
-9999 -9999 -9999 -9999 -9999 -9999 30.606372833252 30.4701251983643 30.599588394165 30.6037273406982 30.5060138702393 30.6256256103516 30.6564102172852 30.6831912994385 30.7074604034424 30.7272796630859 30.7578392028809 30.7741470336914 30.7831611633301 30.7979068756104 30.8167209625244 30.8268432617188 30.8327827453613 30.8626918792725 30.8775119781494 30.9230251312256 30.8941612243652 30.86767578125 30.853609085083 30.8525848388672 30.8466415405273 30.8174057006836 30.8195953369141 30.8103122711182 30.7754364013672 30.7716503143311 30.7562675476074 30.6859073638916 30.6784954071045 30.6556911468506 30.5956802368164 30.5504093170166 30.5185794830322 30.4523391723633 30.4203948974609 30.3929653167725 30.3074188232422 30.3739166259766 30.3885078430176 30.3858394622803 30.4350147247314 30.4527072906494 30.4960250854492 30.5000648498535 30.5136108398438 30.5401248931885 30.5631103515625
-9999 -9999 -9999 -9999 -9999 -9999 -9999 -9999 30.573694229126 30.5944881439209 30.5926895141602 30.6131496429443 30.6481609344482 30.6589698791504 30.6574764251709 30.7208251953125 30.7262687683105 30.7289123535156 30.7722816467285 30.7769241333008 30.7810497283936 30.8242588043213 30.8299140930176 30.8389739990234 30.8694915771484 30.8767070770264 30.8744068145752 30.8767223358154 30.849271774292 30.8388423919678 30.8212070465088 30.8225708007812 30.8210849761963 30.8054180145264 30.7929458618164 30.7840404510498 30.7377414703369 30.7196960449219 30.69313621521 30.606372833252 30.5794563293457 30.5461273193359 30.4412975311279 30.4170761108398 30.3933124542236 30.3407573699951 30.3215847015381 30.3284797668457 30.3628978729248 30.3697357177734 30.3831672668457 30.4496746063232 30.4577350616455 30.4565696716309 30.5228958129883 30.5371799468994 30.5562438964844
-9999 -9999 -9999 -9999 -9999 -9999 -9999 30.5803813934326 30.5715255737305 -9999 30.5669689178467 30.5721817016602 30.5949459075928 30.6130523681641 30.6160621643066 30.6587905883789 30.6835460662842 30.6774921417236 30.7032890319824 30.7258739471436 30.7368354797363 30.7738494873047 30.7819175720215 30.7896423339844 30.8209800720215 30.8265438079834 30.8307762145996 30.8330268859863 30.8216686248779 30.8022403717041 30.7993850708008 30.8123302459717 30.828218460083 30.8124256134033 30.8075275421143 30.7932243347168 30.7455673217773 30.7056541442871 30.6791324615479 30.5705471038818 30.5343589782715 30.4506549835205 30.3349475860596 30.312292098999 30.2891254425049 30.2549934387207 30.2470169067383 30.2820148468018 30.3060436248779 30.3340530395508 30.3556499481201 30.3958854675293 30.4387912750244 30.4329643249512 30.5073585510254 30.5373783111572 30.5920295715332
-9999 -9999 -9999 -9999 -9999 -9999 -9999 -9999 -9999 -9999 -9999 -9999 -9999 -9999 -9999 -9999 30.6301727294922 30.6685218811035 30.6955051422119 30.6832084655762 30.7337303161621 30.7439403533936 30.7715835571289 30.7837409973145 30.800443649292 30.8594722747803 30.8284912109375 30.8182792663574 30.8061752319336 30.8152046203613 30.8056964874268 30.8261318206787 30.8248329162598 30.8245792388916 30.8263607025146 30.7844467163086 30.7676753997803 30.7488842010498 30.6516056060791 30.5956859588623 30.49778175354 30.4027156829834 30.3446159362793 30.2112293243408 30.2660064697266 30.224250793457 30.0591297149658 30.2243747711182 30.2839317321777 -9999 -9999 -9999 -9999 30.4601459503174 30.484884262085 30.5324764251709 30.6225070953369
-9999 -9999 -9999 -9999 -9999 -9999 -9999 -9999 -9999 -9999 -9999 -9999 -9999 -9999 -9999 -9999 -9999 30.6799468994141 30.6901512145996 30.7163887023926 30.7332248687744 30.7501983642578 30.7566795349121 30.7623348236084 30.7921047210693 30.7981853485107 30.7988586425781 30.8268871307373 30.812593460083 30.8131237030029 30.8417129516602 30.8257675170898 30.8300914764404 30.8365154266357 30.8259086608887 30.8172302246094 30.7561168670654 30.7371940612793 30.6979122161865 30.5598678588867 30.5215072631836 30.4628257751465 30.3621311187744 30.2924575805664 30.2654266357422 -9999 -9999 -9999 -9999 -9999 -9999 -9999 -9999 30.4811782836914 30.5471057891846 30.5752792358398 30.6093006134033
-9999 -9999 -9999 -9999 -9999 -9999 -9999 -9999 -9999 -9999 -9999 -9999 -9999 -9999 -9999 -9999 -9999 -9999 -9999 -9999 30.6979446411133 30.7180004119873 30.6896705627441 30.6938629150391 30.7206630706787 30.7363967895508 30.7408695220947 30.7799053192139 30.7977752685547 30.808162689209 30.8426361083984 30.8572597503662 30.8525009155273 30.8527374267578 30.854513168335 30.8197746276855 30.7776966094971 30.7536201477051 30.6822700500488 30.5814743041992 30.5167598724365 30.4516220092773 30.3779048919678 30.2997970581055 -9999 -9999 -9999 -9999 -9999 -9999 -9999 -9999 -9999 -9999 -9999 30.5959091186523 30.6668891906738
-9999 -9999 -9999 -9999 -9999 -9999 -9999 -9999 -9999 -9999 -9999 -9999 -9999 -9999 -9999 -9999 -9999 -9999 -9999 -9999 -9999 30.6889400482178 30.6539058685303 30.6856727600098 30.6951332092285 30.7040233612061 30.7400245666504 30.7435169219971 30.7702293395996 30.8140182495117 30.8400745391846 30.91965675354 30.8624134063721 30.8631401062012 30.9076442718506 30.8390827178955 -9999 -9999 -9999 -9999 30.5343971252441 -9999 -9999 -9999 -9999 -9999 -9999 -9999 -9999 -9999 -9999 -9999 -9999 -9999 -9999 -9999 -9999
-9999 -9999 -9999 -9999 -9999 -9999 -9999 -9999 -9999 -9999 -9999 -9999 -9999 -9999 -9999 -9999 -9999 -9999 -9999 -9999 -9999 -9999 30.6738357543945 30.6737251281738 30.6809577941895 30.6910438537598 30.6834964752197 30.7541904449463 30.7684726715088 30.7854537963867 30.8345966339111 30.8640403747559 30.869945526123 30.8537178039551 30.8623142242432 -9999 -9999 -9999 -9999 -9999 -9999 -9999 -9999 -9999 -9999 -9999 -9999 -9999 -9999 -9999 -9999 -9999 -9999 -9999 -9999 -9999 -9999
-9999 -9999 -9999 -9999 -9999 -9999 -9999 -9999 -9999 -9999 -9999 -9999 -9999 -9999 -9999 -9999 -9999 -9999 -9999 -9999 -9999 -9999 -9999 30.6432685852051 30.6546497344971 30.6617221832275 30.6713523864746 30.7174091339111 30.7539100646973 30.7828502655029 -9999 30.8629016876221 -9999 -9999 -9999 -9999 -9999 -9999 -9999 -9999 -9999 -9999 -9999 -9999 -9999 -9999 -9999 -9999 -9999 -9999 -9999 -9999 -9999 -9999 -9999 -9999 -9999
-9999 -9999 -9999 -9999 -9999 -9999 -9999 -9999 -9999 -9999 -9999 -9999 -9999 -9999 -9999 -9999 -9999 -9999 -9999 -9999 -9999 -9999 -9999 -9999 30.6373805999756 30.5426368713379 -9999 -9999 -9999 -9999 -9999 -9999 -9999 -9999 -9999 -9999 -9999 -9999 -9999 -9999 -9999 -9999 -9999 -9999 -9999 -9999 -9999 -9999 -9999 -9999 -9999 -9999 -9999 -9999 -9999 -9999 -9999
-9999 -9999 -9999 -9999 -9999 -9999 -9999 -9999 -9999 -9999 -9999 -9999 -9999 -9999 -9999 -9999 -9999 -9999 -9999 -9999 -9999 -9999 -9999 -9999 -9999 -9999 -9999 -9999 -9999 -9999 -9999 -9999 -9999 -9999 -9999 -9999 -9999 -9999 -9999 -9999 -9999 -9999 -9999 -9999 -9999 -9999 -9999 -9999 -9999 -9999 -9999 -9999 -9999 -9999 -9999 -9999 -9999
-9999 -9999 -9999 -9999 -9999 -9999 -9999 -9999 -9999 -9999 -9999 -9999 -9999 -9999 -9999 -9999 -9999 -9999 -9999 -9999 -9999 -9999 -9999 -9999 -9999 -9999 -9999 -9999 -9999 -9999 -9999 -9999 -9999 -9999 -9999 -9999 -9999 -9999 -9999 -9999 -9999 -9999 -9999 -9999 -9999 -9999 -9999 -9999 -9999 -9999 -9999 -9999 -9999 -9999 -9999 -9999 -9999
