G_variables/Set1/RCP4_2050/Sur_tem_max.asc
NCOLS 229 
NROWS 147 
XLLCORNER -101.25 
YLLCORNER 14.3333333333333 
CELLSIZE 0.0833333333333333 
NODATA_value -9999 
[rows 78 to 103 of 147, columns 171 to 227 of 229]
30.6574020385742 30.688756942749 30.7132682800293 30.7878704071045 30.8039684295654 30.834903717041 30.8904190063477 30.9275207519531 30.9580841064453 31.0040264129639 31.017894744873 31.0484371185303 31.1109371185303 31.1359710693359 31.1482849121094 31.1941890716553 31.2185974121094 31.2476081848145 31.2915782928467 31.3143882751465 31.3201160430908 31.3305168151855 31.3369064331055 31.3388175964355 -9999 -9999 -9999 -9999 -9999 -9999 -9999 -9999 -9999 -9999 -9999 -9999 -9999 -9999 -9999 -9999 -9999 -9999 -9999 -9999 -9999 -9999 -9999 -9999 -9999 -9999 -9999 -9999 -9999 -9999 -9999 -9999 -9999
30.6754341125488 30.696798324585 30.7190780639648 30.8106212615967 30.8272647857666 30.8520565032959 30.9206485748291 30.937427520752 30.9582424163818 31.0022621154785 31.014820098877 31.0372829437256 31.0950946807861 31.1066761016846 31.1237964630127 31.1684417724609 31.1837348937988 31.1974678039551 31.2656898498535 31.2745532989502 31.2876529693604 31.2992382049561 31.3065738677979 31.308952331543 31.3175601959229 -9999 -9999 -9999 -9999 -9999 -9999 -9999 -9999 -9999 -9999 -9999 -9999 -9999 -9999 -9999 -9999 -9999 -9999 -9999 -9999 -9999 -9999 -9999 -9999 -9999 -9999 -9999 -9999 -9999 -9999 -9999 -9999
30.6640548706055 30.7117671966553 30.7518196105957 30.7924880981445 30.8449401855469 30.8736877441406 30.9021320343018 30.9446277618408 30.9699745178223 30.9903316497803 31.0224857330322 31.0515651702881 31.0745143890381 31.1006336212158 31.1284160614014 31.1445388793945 31.1738662719727 31.1993236541748 31.2311706542969 31.2777996063232 31.2858600616455 31.2883548736572 31.3089656829834 31.3092555999756 31.3118343353271 31.3197956085205 -9999 -9999 -9999 -9999 -9999 -9999 -9999 -9999 -9999 -9999 -9999 -9999 -9999 -9999 -9999 -9999 -9999 -9999 -9999 -9999 -9999 -9999 -9999 -9999 -9999 -9999 -9999 -9999 -9999 -9999 -9999
30.6796722412109 30.7127380371094 30.7329864501953 30.8071880340576 30.8420562744141 30.8620128631592 30.915828704834 30.9384708404541 30.9563236236572 31.0000686645508 31.024242401123 31.0427494049072 31.0799083709717 31.0881671905518 31.1090602874756 31.1486511230469 31.1616706848145 31.1842060089111 31.2291355133057 31.2423191070557 31.270191192627 31.2862586975098 31.296028137207 31.2921943664551 31.3031005859375 31.3110179901123 31.3109359741211 -9999 -9999 -9999 -9999 -9999 -9999 -9999 -9999 -9999 -9999 -9999 -9999 -9999 -9999 -9999 -9999 -9999 -9999 -9999 -9999 -9999 -9999 -9999 -9999 -9999 -9999 -9999 -9999 -9999 -9999
30.683069229126 30.7232685089111 30.7428302764893 30.8113479614258 30.8297309875488 30.8518047332764 30.9096851348877 30.9346599578857 30.9528007507324 30.9957904815674 31.0084705352783 31.0292320251465 31.064302444458 31.0649242401123 31.0778579711914 31.1125335693359 31.1347026824951 31.1503887176514 31.1968765258789 31.2083187103271 31.2211627960205 31.2485160827637 31.2568550109863 31.2652339935303 31.2761840820312 31.2750682830811 31.2730522155762 -9999 -9999 -9999 -9999 -9999 -9999 -9999 -9999 -9999 -9999 -9999 -9999 -9999 -9999 -9999 -9999 -9999 -9999 -9999 -9999 -9999 -9999 -9999 -9999 -9999 -9999 -9999 -9999 -9999 -9999
30.6600036621094 30.7140712738037 30.758752822876 30.7959785461426 30.859302520752 30.8685722351074 30.896146774292 30.9401817321777 30.9620761871338 30.9811840057373 31.0117073059082 31.039234161377 31.0517139434814 31.0638885498047 31.0856685638428 31.0990257263184 31.1188488006592 31.1478462219238 31.1785926818848 31.205436706543 31.2186126708984 31.2305564880371 31.2577877044678 31.2765598297119 31.2799167633057 31.272403717041 31.2679481506348 31.2637844085693 -9999 -9999 -9999 -9999 -9999 -9999 -9999 -9999 -9999 -9999 -9999 -9999 -9999 -9999 -9999 -9999 -9999 -9999 -9999 -9999 -9999 -9999 -9999 -9999 -9999 -9999 -9999 -9999 -9999
30.6509590148926 30.71462059021 30.7418937683105 30.8095264434814 30.8300361633301 30.848804473877 30.9126300811768 30.9326496124268 30.9468688964844 30.9872016906738 31.010705947876 31.0307807922363 31.0577793121338 31.056770324707 31.0709457397461 31.0977306365967 31.1160411834717 31.1391792297363 31.1762771606445 31.1874122619629 31.2138843536377 31.2297706604004 31.2528476715088 31.2874050140381 31.2988014221191 31.2716369628906 31.2588768005371 31.259801864624 31.2616024017334 31.259449005127 31.270715713501 31.2707977294922 -9999 -9999 -9999 -9999 -9999 -9999 -9999 -9999 -9999 -9999 -9999 -9999 -9999 -9999 -9999 -9999 -9999 -9999 -9999 -9999 -9999 -9999 -9999 -9999 -9999
30.6782855987549 30.7069187164307 30.7400283813477 30.7931327819824 30.8211441040039 30.8369083404541 30.887056350708 30.9175109863281 30.9302005767822 30.9700775146484 30.9845066070557 31.0060386657715 31.0339221954346 31.0374927520752 31.0485286712646 31.0764064788818 31.0942134857178 31.1079044342041 31.1414470672607 31.1543292999268 31.1725406646729 31.1994304656982 31.2043914794922 31.221342086792 31.2328510284424 31.223295211792 31.2138481140137 31.2169456481934 31.218677520752 31.2209434509277 31.2314929962158 31.234395980835 31.2360725402832 31.2415561676025 31.2417526245117 31.2378883361816 31.2499237060547 31.2592506408691 31.270866394043 -9999 -9999 -9999 -9999 -9999 -9999 -9999 -9999 -9999 -9999 -9999 -9999 -9999 -9999 -9999 -9999 -9999 -9999
30.6763458251953 30.7157440185547 30.7513771057129 30.7755222320557 30.8205299377441 30.8373947143555 30.8730697631836 30.9126033782959 30.9334678649902 30.952278137207 30.9884643554688 31.0049648284912 31.0182704925537 31.0436038970947 31.0528602600098 31.060827255249 31.0797538757324 31.101224899292 31.1235847473145 31.1407241821289 31.15283203125 31.1765880584717 31.1913528442383 31.1917781829834 31.1949367523193 31.1934814453125 31.1973876953125 31.1916179656982 31.2104873657227 31.2110939025879 31.2142238616943 31.2247257232666 31.2172679901123 31.2297515869141 31.2374858856201 31.239538192749 31.2449855804443 31.2652530670166 31.2662467956543 31.2626876831055 31.2963638305664 31.2960796356201 31.2897090911865 -9999 -9999 -9999 -9999 -9999 -9999 -9999 -9999 -9999 -9999 -9999 -9999 -9999 -9999
30.6897373199463 30.7135543823242 30.7223091125488 30.7699222564697 30.7971897125244 30.8152465820312 30.8744850158691 30.8981056213379 30.9097995758057 30.9438018798828 30.9616737365723 30.9748859405518 31.0124988555908 31.0220546722412 31.0351982116699 31.0605506896973 31.0689468383789 31.0873279571533 31.1147899627686 31.1308650970459 31.1355094909668 31.1498603820801 31.1581268310547 31.1619243621826 31.1680335998535 31.1696376800537 31.1701622009277 31.1785469055176 31.1787223815918 31.1944847106934 31.2018299102783 31.196231842041 31.1975364685059 31.208080291748 31.209300994873 31.2125911712646 31.2283821105957 31.2342147827148 31.2363243103027 31.2503471374512 31.2545051574707 31.27317237854 31.2740116119385 31.2584686279297 -9999 -9999 -9999 -9999 -9999 -9999 -9999 -9999 -9999 -9999 -9999 -9999 -9999
30.6843433380127 30.7007122039795 30.7004833221436 30.7513828277588 30.7676601409912 30.7737445831299 30.8387184143066 30.8636226654053 30.8790626525879 30.9163246154785 30.9268131256104 30.9470062255859 30.98561668396 30.9959144592285 31.0106735229492 31.0356559753418 31.0468883514404 31.0566501617432 31.0888404846191 31.1018104553223 31.0995006561279 31.1084976196289 31.11057472229 31.1052875518799 31.11647605896 31.1187305450439 31.1175861358643 31.1265621185303 31.1275634765625 31.1257400512695 31.1449966430664 31.1529235839844 31.1483993530273 31.1591777801514 31.1642761230469 31.1662464141846 31.1820068359375 31.1875839233398 31.1898059844971 31.201244354248 31.2053203582764 31.1918506622314 31.2005252838135 31.2055606842041 31.2108821868896 -9999 -9999 -9999 -9999 -9999 -9999 -9999 -9999 -9999 -9999 -9999 -9999
30.669412612915 30.693567276001 30.7112312316895 30.7288551330566 30.7537975311279 30.775110244751 30.8150177001953 30.8553886413574 30.8764247894287 30.892162322998 30.9129333496094 30.9387245178223 30.9620323181152 30.9875335693359 30.994556427002 31.009593963623 31.0299549102783 31.0517921447754 31.0753555297852 31.0868358612061 31.0795478820801 31.0832538604736 31.0852203369141 31.0880870819092 31.0931930541992 31.0927391052246 31.0840911865234 31.0853977203369 31.0928745269775 31.1091461181641 31.1219253540039 31.1304187774658 31.1251468658447 31.1266937255859 31.1454429626465 31.1526374816895 31.1588439941406 31.1719856262207 31.1579933166504 31.1625823974609 31.180591583252 31.1732501983643 31.1734771728516 31.1750793457031 31.1780128479004 31.1848850250244 -9999 -9999 -9999 -9999 -9999 -9999 -9999 -9999 -9999 -9999 -9999
30.6763305664062 30.6947383880615 30.6944694519043 30.736328125 30.7540035247803 30.7599639892578 30.8312740325928 30.8420276641846 30.8554267883301 30.8914413452148 30.9063148498535 30.9176692962646 30.9482288360596 30.9612922668457 30.9768238067627 31.0046234130859 31.0177707672119 31.0299453735352 31.0603771209717 31.0704116821289 31.0657978057861 31.0694942474365 31.0714550018311 31.0665168762207 31.0628299713135 31.0619277954102 31.0605278015137 31.0595798492432 31.0649948120117 31.0736122131348 31.0952529907227 31.0986709594727 31.0983734130859 31.1090850830078 31.111349105835 31.1165828704834 31.1264877319336 31.1314868927002 31.1301021575928 31.1398887634277 31.1401176452637 31.13889503479 31.1296100616455 31.1352996826172 31.1421699523926 31.1576728820801 -9999 -9999 -9999 -9999 -9999 -9999 -9999 -9999 -9999 -9999 -9999
30.6620044708252 30.6684112548828 30.6807670593262 30.7160892486572 30.7294616699219 30.7437419891357 30.7993831634521 30.8265590667725 30.8311805725098 30.8673515319824 30.8827304840088 30.8934364318848 30.9250354766846 30.935640335083 30.9520950317383 30.9825592041016 30.9920806884766 30.9944038391113 31.0210227966309 31.0377769470215 31.0357208251953 31.0389442443848 31.0386142730713 31.0286159515381 31.0232620239258 31.0176448822021 31.0126800537109 31.0103187561035 31.0144195556641 31.0104923248291 31.0261859893799 31.0379848480225 31.0394878387451 31.0508193969727 31.0539379119873 31.0532932281494 31.0650177001953 31.0683040618896 31.0694561004639 31.0776290893555 31.0781059265137 31.0604305267334 31.0562553405762 31.0663223266602 31.0763301849365 31.0919666290283 31.0981330871582 -9999 -9999 -9999 -9999 -9999 -9999 -9999 -9999 -9999 -9999
30.6438407897949 30.6610012054443 30.6850299835205 30.6987590789795 30.7183723449707 30.7614479064941 30.7787628173828 30.8001708984375 30.8324489593506 30.8424606323242 30.8646545410156 30.8872222900391 30.9006080627441 30.9180507659912 30.9417533874512 30.9660739898682 30.9847660064697 30.9863090515137 31.0074291229248 31.0224094390869 31.0245151519775 31.0153274536133 31.0108394622803 31.0055294036865 31.0026454925537 30.9942569732666 30.9922904968262 30.9964942932129 30.9874019622803 30.9942855834961 31.0018882751465 30.9979419708252 31.0205402374268 31.0101261138916 31.0147800445557 31.0190200805664 31.0235366821289 31.0345439910889 31.0376434326172 31.0475635528564 31.0325965881348 31.0393028259277 31.0337963104248 31.0235023498535 31.0527400970459 31.0469264984131 31.0436878204346 31.0626697540283 -9999 -9999 -9999 -9999 -9999 -9999 -9999 -9999 -9999
30.6465263366699 30.6565475463867 30.6669445037842 30.7148609161377 30.7225475311279 30.7432270050049 30.7863750457764 30.8059902191162 30.8134899139404 30.8477153778076 30.8619117736816 30.8709297180176 30.9012622833252 30.9122333526611 30.9296760559082 30.9538173675537 30.9663963317871 30.9756298065186 30.9989490509033 31.0064945220947 31.008171081543 31.0047206878662 31.0082454681396 31.005199432373 30.9953536987305 30.9900798797607 30.9851951599121 30.9757766723633 30.975305557251 30.9780941009521 30.9867248535156 30.9913673400879 30.9848690032959 30.9928512573242 30.9934253692627 30.994083404541 31.008171081543 31.0099086761475 31.0140075683594 31.0232582092285 31.0220394134521 31.0202484130859 31.0248012542725 31.0268859863281 31.019079208374 31.033130645752 31.033727645874 31.0383186340332 31.0526428222656 -9999 -9999 -9999 -9999 -9999 -9999 -9999 -9999
30.6268920898438 30.640531539917 30.6659450531006 30.7097225189209 30.7279090881348 30.7354297637939 30.7805061340332 30.7917041778564 30.8084869384766 30.8419036865234 30.8515148162842 30.8535938262939 30.8828811645508 30.8995895385742 30.9119186401367 30.9330387115479 30.9485092163086 30.9541187286377 30.9726943969727 30.9797286987305 30.9771537780762 30.9773426055908 30.9812774658203 30.9914684295654 30.9760208129883 30.9597206115723 30.9476299285889 30.9357833862305 30.9332962036133 30.9338550567627 30.9424915313721 30.9434928894043 30.9381828308105 30.9440441131592 30.9463291168213 30.945426940918 30.9597911834717 30.9596252441406 30.9658355712891 30.9773845672607 30.9774188995361 30.9772033691406 30.9813919067383 30.9831600189209 30.9752864837646 30.9873657226562 30.9850769042969 30.986946105957 31.0007019042969 -9999 -9999 -9999 -9999 -9999 -9999 -9999 -9999
30.6175384521484 30.637321472168 30.6723136901855 30.699426651001 30.7345867156982 30.7494068145752 30.7504558563232 30.7661247253418 30.8169326782227 30.8316135406494 30.8507690429688 30.8656463623047 30.8699474334717 30.8959465026855 30.9088821411133 30.9224166870117 30.9562568664551 30.9561996459961 30.954610824585 30.9644794464111 30.964319229126 30.9695072174072 30.9705848693848 30.975269317627 30.9693126678467 30.9441623687744 30.9371891021729 30.9239196777344 30.9042015075684 30.9166145324707 30.911111831665 30.8979606628418 30.92258644104 30.9222679138184 30.9055500030518 30.9338607788086 30.9390277862549 30.9271659851074 30.9581184387207 30.9637336730957 30.9428005218506 30.9528179168701 30.9483261108398 30.9423084259033 30.9629669189453 30.966438293457 30.9594268798828 30.9765968322754 30.9821472167969 30.9851703643799 -9999 -9999 -9999 -9999 -9999 -9999 -9999
30.6352024078369 30.6448001861572 30.6640872955322 30.7064228057861 30.727933883667 30.7350902557373 30.7625102996826 30.7784767150879 30.7979030609131 30.8387413024902 30.84596824646 30.8591861724854 30.8749389648438 30.8891487121582 30.8980922698975 30.9245758056641 30.9343891143799 30.9454860687256 30.9493350982666 30.9479579925537 30.947847366333 30.9458599090576 30.9500370025635 30.9511375427246 30.9385166168213 30.9322910308838 30.9249744415283 30.9068508148193 30.9072322845459 30.9064407348633 30.9020957946777 30.9039459228516 30.9072761535645 30.9177684783936 30.9201259613037 30.919225692749 30.9342231750488 30.9417095184326 30.9443683624268 30.946382522583 30.9434700012207 30.9442691802979 30.9541244506836 30.9532852172852 30.9435348510742 30.9668502807617 30.9667091369629 30.9640483856201 30.9686660766602 30.9681053161621 30.9681415557861 -9999 -9999 -9999 -9999 -9999 -9999
30.6427268981934 30.652925491333 30.672435760498 30.7146854400635 30.7341213226318 30.7256107330322 30.7691097259521 30.7915878295898 30.799488067627 30.8271884918213 30.8343086242676 30.8439064025879 30.8794746398926 30.8866939544678 30.8939895629883 30.9105472564697 30.9158420562744 30.9288845062256 30.9297695159912 30.9269714355469 30.9219532012939 30.9159698486328 30.9172420501709 30.9157218933105 30.9030170440674 30.8973236083984 30.8940162658691 30.8849029541016 30.8821659088135 30.8857097625732 30.8897762298584 30.8865280151367 30.8861904144287 30.894079208374 30.8885688781738 30.8856163024902 30.9037189483643 30.9078769683838 30.9082813262939 30.9221115112305 30.924108505249 30.9228839874268 30.9280319213867 30.915620803833 30.9175987243652 30.924144744873 30.9234638214111 30.9228248596191 30.9227485656738 30.9213905334473 30.9179725646973 -9999 -9999 -9999 -9999 -9999 -9999
30.6375331878662 30.6562480926514 30.6872024536133 30.7014694213867 30.735050201416 30.7408390045166 30.7624454498291 30.7966747283936 30.8063354492188 30.8162212371826 30.8334922790527 30.8496913909912 30.8777503967285 30.8874626159668 30.8977279663086 30.9043464660645 30.9108810424805 30.9181728363037 30.9311962127686 30.9210109710693 30.905933380127 30.90966796875 30.8982696533203 30.8995819091797 30.8941173553467 30.8733539581299 30.8829364776611 30.8842887878418 30.8735027313232 30.8813285827637 30.8868885040283 30.88600730896 30.8884162902832 30.8886795043945 30.8952388763428 30.8893051147461 30.8921070098877 30.9061641693115 30.9076175689697 30.9123497009277 30.9303855895996 30.9187641143799 30.9064388275146 30.9128856658936 30.9123306274414 30.9118671417236 30.9195919036865 30.9120540618896 30.916540145874 30.905216217041 30.9099617004395 30.9099979400635 -9999 -9999 -9999 -9999 -9999
30.6496906280518 30.6672229766846 30.6726760864258 30.7158432006836 30.7369537353516 30.7319259643555 30.7842922210693 30.7869396209717 30.8009548187256 30.8242835998535 30.8301200866699 30.8462924957275 30.8799667358398 30.8892478942871 30.8943939208984 30.9015998840332 30.9073467254639 30.9145183563232 30.922794342041 30.9184741973877 30.9086627960205 30.8961143493652 30.894624710083 30.890344619751 30.8798999786377 30.8757438659668 30.875789642334 30.874813079834 30.8731689453125 30.8759670257568 30.8823394775391 30.881555557251 30.8797721862793 30.8841247558594 30.8862171173096 30.8792266845703 30.8875026702881 30.8896980285645 30.8951435089111 30.9062900543213 30.9118251800537 30.9063320159912 30.8974590301514 30.8947715759277 30.8954238891602 30.8959522247314 30.8957748413086 30.8920707702637 30.8984928131104 30.8957405090332 30.8958225250244 30.8998336791992 -9999 -9999 -9999 -9999 -9999
30.6499290466309 30.6542892456055 30.6735172271729 30.7166481018066 30.7308006286621 30.7532825469971 30.7797069549561 30.8039932250977 30.8083972930908 30.8311405181885 30.8402462005615 30.849552154541 30.8628902435303 30.8667850494385 30.8671112060547 30.8721351623535 30.8760967254639 30.9015102386475 30.9004707336426 30.9046230316162 30.894495010376 30.8884048461914 30.8806476593018 30.8786926269531 30.8680782318115 30.8656253814697 30.8655471801758 30.8648929595947 30.8625202178955 30.8675231933594 30.864128112793 30.8517436981201 30.8497753143311 30.8538417816162 30.8477897644043 30.8486499786377 30.8511180877686 30.8522262573242 30.8522491455078 30.8614730834961 30.8624744415283 30.8653678894043 30.8650207519531 30.8564224243164 30.856164932251 30.8567199707031 30.8538494110107 30.8503799438477 30.8486213684082 30.8444366455078 30.8423366546631 30.8454113006592 30.8437805175781 -9999 -9999 -9999 -9999
30.6598052978516 30.6523990631104 30.6879901885986 30.7069435119629 30.7369976043701 30.7533645629883 30.7833461761475 30.8172397613525 30.8194255828857 30.8280220031738 30.8475646972656 30.8473682403564 30.8533248901367 30.8651256561279 30.8638496398926 30.8703746795654 30.8736991882324 30.8757381439209 30.894474029541 30.8885402679443 30.882963180542 30.8824005126953 30.8812084197998 30.8664131164551 30.8679351806641 30.8566513061523 30.8607978820801 30.8613777160645 30.8627586364746 30.8599548339844 30.8411960601807 30.8459033966064 30.8413753509521 30.8384838104248 30.8321533203125 30.8349132537842 30.8332099914551 30.8390865325928 30.839038848877 30.8407249450684 30.8467636108398 30.8488121032715 30.8407897949219 30.8405094146729 30.8388729095459 30.8368625640869 30.8392219543457 30.8313541412354 30.824104309082 30.8177108764648 30.8223457336426 30.8233108520508 30.8229026794434 30.8305225372314 -9999 -9999 -9999
30.6801090240479 30.6768627166748 30.6758308410645 30.7204360961914 30.7248935699463 30.7479610443115 30.7965812683105 30.809154510498 30.8105449676514 30.8308448791504 30.8290271759033 30.8351268768311 30.8428993225098 30.8479900360107 30.8580074310303 30.8664379119873 30.8669548034668 30.8615875244141 30.873514175415 30.8795337677002 30.8790435791016 30.8757762908936 30.86155128479 30.8578414916992 30.8492469787598 30.8471221923828 30.8598499298096 30.8539428710938 30.8542938232422 30.8362197875977 30.8324089050293 30.8361415863037 30.8320865631104 30.8272399902344 30.8128967285156 30.8107147216797 30.8127059936523 30.8182640075684 30.8247013092041 30.8298683166504 30.8305149078369 30.8224716186523 30.8141326904297 30.8258991241455 30.8248386383057 30.8175582885742 30.8022766113281 30.7984180450439 30.7946586608887 30.7923965454102 30.8029117584229 30.8070812225342 30.8070297241211 30.7867832183838 -9999 -9999 -9999
30.6886615753174 30.7054042816162 30.6938800811768 30.7373905181885 30.7369365692139 30.7470092773438 30.7952785491943 30.7982406616211 30.7973079681396 30.816499710083 30.8210697174072 30.8270359039307 30.8337783813477 30.8362693786621 30.8386116027832 30.8430309295654 30.8436298370361 30.8496723175049 30.8616619110107 30.8546867370605 30.8556804656982 30.851978302002 30.8518390655518 30.8469142913818 30.838659286499 30.8433933258057 30.8423519134521 30.8353862762451 30.8287239074707 30.8235034942627 30.8195285797119 30.8155078887939 30.8014087677002 30.7934608459473 30.7829399108887 30.7779731750488 30.7781810760498 30.7801208496094 30.7812900543213 30.7866115570068 30.7834606170654 30.7830085754395 30.7753372192383 30.7739772796631 30.7719821929932 30.7686824798584 30.7560138702393 30.7486877441406 30.7463073730469 30.7420101165771 30.7428302764893 30.7464275360107 30.7338600158691 30.734203338623 30.7399101257324 -9999 -9999
