G_variables/Set1/RCP4_2050/Sur_sal_min.asc
NCOLS 229 
NROWS 147 
XLLCORNER -101.25 
YLLCORNER 14.3333333333333 
CELLSIZE 0.0833333333333333 
NODATA_value -9999 
[rows 78 to 103 of 147, columns 57 to 113 of 229]
33.5970230102539 33.7156181335449 33.7235221862793 33.8331604003906 34.0876541137695 34.5267066955566 34.7086029052734 34.9682273864746 35.2672576904297 35.3534622192383 35.3955688476562 35.4655075073242 35.4561004638672 35.4403991699219 35.4651298522949 35.4649658203125 35.4778289794922 35.4825210571289 35.4748153686523 35.4072723388672 35.3605766296387 35.3429832458496 35.2884788513184 35.2939720153809 35.264533996582 35.199104309082 35.1845893859863 35.151050567627 35.0894927978516 35.0519409179688 34.9823799133301 34.8660850524902 34.7696189880371 34.6879196166992 34.5510063171387 34.4859313964844 34.4751129150391 34.4071960449219 34.298095703125 34.2112426757812 33.9152374267578 33.6805076599121 33.580696105957 33.4430541992188 33.4746170043945 33.482250213623 33.5339088439941 33.6910209655762 33.7603950500488 33.8551406860352 33.9566688537598 33.9722366333008 33.958122253418 33.9740943908691 34.0131378173828 34.0898818969727 34.2290344238281
33.5372314453125 33.6435432434082 33.6367492675781 33.6896095275879 34.0062561035156 34.3430213928223 34.6064872741699 34.9145050048828 35.1624031066895 35.3092384338379 35.3669166564941 35.3871726989746 35.4496841430664 35.433837890625 35.4487953186035 35.4726371765137 35.4797248840332 35.4958763122559 35.4743995666504 35.4140968322754 35.3735542297363 35.3209800720215 35.2860794067383 35.2628974914551 35.247486114502 35.1965637207031 35.1629638671875 35.1436500549316 35.0914459228516 35.0423545837402 34.9981155395508 34.8757553100586 34.7706642150879 34.7044715881348 34.5726280212402 34.4962615966797 34.4508094787598 34.4103088378906 34.3011703491211 34.1285629272461 33.8815422058105 33.6129341125488 33.4809913635254 33.3979682922363 33.3736915588379 33.4145622253418 33.5015678405762 33.588981628418 33.705680847168 33.833667755127 33.9023628234863 33.9333267211914 33.9406547546387 33.9246215820312 33.9675102233887 34.0685997009277 34.2005348205566
33.2563629150391 33.549732208252 33.2568588256836 33.3239135742188 33.8537101745605 34.1597595214844 34.2893676757812 34.688419342041 34.9602317810059 35.0264854431152 35.2162132263184 35.3233871459961 35.3431968688965 35.430248260498 35.448112487793 35.4575576782227 35.4836730957031 35.4659461975098 35.4567756652832 35.4207878112793 35.337760925293 35.3165168762207 35.2647972106934 35.1966514587402 35.1861305236816 35.1583671569824 35.106803894043 35.0934677124023 35.0563430786133 34.9752769470215 34.9520568847656 34.8609771728516 34.7513313293457 34.7151489257812 34.6122627258301 34.4913444519043 34.4613304138184 34.3208923339844 34.0954551696777 34.0170860290527 33.783016204834 33.5006980895996 33.4409370422363 33.3639450073242 33.2725219726562 33.2908782958984 33.4266128540039 33.5114860534668 33.5647010803223 33.7095031738281 33.7807006835938 33.7884979248047 33.8686676025391 33.9091033935547 33.9279747009277 34.0767707824707 34.1910285949707
33.1001510620117 33.0984802246094 33.018726348877 33.076732635498 33.3365669250488 33.8852729797363 34.1379699707031 34.442813873291 34.736515045166 34.8570022583008 34.9909973144531 35.1901321411133 35.2120933532715 35.2258644104004 35.3778266906738 35.3911323547363 35.3522109985352 35.428466796875 35.4122047424316 35.2869110107422 35.2700462341309 35.223461151123 35.1037101745605 35.0945854187012 35.0738487243652 35.0133781433105 35.0292663574219 35.0009880065918 34.9574890136719 34.9541053771973 34.9026947021484 34.7866325378418 34.7171821594238 34.6402320861816 34.5334548950195 34.4686813354492 34.410831451416 34.2446746826172 34.0830039978027 33.9398574829102 33.5664482116699 33.2949638366699 33.1612167358398 33.0209121704102 33.0836067199707 33.1162567138672 33.1921157836914 33.3584823608398 33.4537239074707 33.5478820800781 33.6894607543945 33.7114067077637 33.7457847595215 33.8169174194336 33.8479461669922 33.9686508178711 34.1173324584961
-9999 32.8636817932129 32.8226623535156 32.9782447814941 33.2246742248535 33.6269454956055 33.9716377258301 34.3573608398438 34.5705871582031 34.7155723571777 34.9129791259766 35.0227012634277 35.1065826416016 35.1774482727051 35.2578544616699 35.3008766174316 35.3007469177246 35.3313331604004 35.3232574462891 35.2421760559082 35.1881637573242 35.1577758789062 35.0661773681641 35.0149917602539 35.003288269043 34.976318359375 34.9619331359863 34.9588394165039 34.939453125 34.8901748657227 34.8505249023438 34.7694511413574 34.6757850646973 34.6067199707031 34.5106391906738 34.4214019775391 34.3347702026367 34.2131805419922 34.043025970459 33.8355178833008 33.5251731872559 33.2147331237793 33.057487487793 32.9695014953613 32.96923828125 33.0196876525879 33.1440658569336 33.2625694274902 33.358528137207 33.5007820129395 33.5843086242676 33.6677131652832 33.7196083068848 33.7457275390625 33.8478736877441 33.9674377441406 34.1010780334473
-9999 32.7238731384277 32.6661949157715 32.8467864990234 33.1344528198242 33.3803024291992 33.5320243835449 34.0480499267578 34.3199348449707 34.3933982849121 34.662281036377 34.8006362915039 34.8410720825195 35.0130729675293 35.0508270263672 35.0662727355957 35.1522750854492 35.1020164489746 35.0983352661133 35.1206359863281 35.0351982116699 35.0168533325195 34.992317199707 34.8918151855469 34.8819046020508 34.8960189819336 34.8526153564453 34.8461799621582 34.841495513916 34.7651519775391 34.7424812316895 34.6916084289551 34.5687789916992 34.5360679626465 34.4456634521484 34.2796173095703 34.2411880493164 34.0542678833008 33.7803497314453 33.679141998291 33.4159545898438 33.0999794006348 33.0108184814453 32.957389831543 32.860294342041 32.8857002258301 33.0488739013672 33.1250534057617 33.1789970397949 33.3388252258301 33.4564361572266 33.4852752685547 33.6446685791016 33.7663345336914 33.8091659545898 33.9972953796387 34.1104545593262
-9999 32.261775970459 32.010311126709 32.1246871948242 32.5881538391113 32.9440956115723 33.2277946472168 33.4508666992188 33.965030670166 34.1220321655273 34.2250480651855 34.5056838989258 34.591381072998 34.6479263305664 34.7828483581543 34.8169097900391 34.8387756347656 34.8822212219238 34.8678283691406 34.860279083252 34.8667793273926 34.8173637390137 34.7506370544434 34.7469635009766 34.7289047241211 34.6976699829102 34.7287445068359 34.7169532775879 34.6798439025879 34.6767044067383 34.632984161377 34.5293502807617 34.4631080627441 34.4005508422852 34.2885627746582 34.1921119689941 34.1208419799805 33.9273643493652 33.7141609191895 33.5170135498047 33.0928382873535 32.8225212097168 32.6597518920898 32.4893455505371 32.6155662536621 32.6648368835449 32.6473350524902 32.8629455566406 32.9563484191895 32.9969215393066 33.2575759887695 33.3109970092773 33.3956069946289 33.6594429016113 33.7292785644531 33.8220863342285 34.0438232421875
-9999 -9999 31.9586200714111 32.0364570617676 32.4610939025879 32.7954025268555 32.8961753845215 33.2684745788574 33.565544128418 33.885684967041 34.0953483581543 34.2300224304199 34.4044723510742 34.5502281188965 34.5818138122559 34.6549224853516 34.7595634460449 34.7297439575195 34.7629318237305 34.7968788146973 34.7207336425781 34.7154655456543 34.7072486877441 34.6483154296875 34.6379127502441 34.6521987915039 34.6362686157227 34.6266098022461 34.6361198425293 34.5917778015137 34.5549392700195 34.4879837036133 34.3748626708984 34.3174896240234 34.2458839416504 34.108585357666 34.001537322998 33.8735122680664 33.6184196472168 33.3674430847168 33.0214538574219 32.6878547668457 32.5062637329102 32.4049797058105 32.4518623352051 32.458381652832 32.5478096008301 32.6716384887695 32.7658576965332 32.8976402282715 33.0513458251953 33.2018699645996 33.3285713195801 33.4963340759277 33.645092010498 33.7817420959473 33.9634971618652
-9999 -9999 32.1926231384277 32.2179946899414 32.1486320495605 32.3570251464844 32.451587677002 32.6708374023438 33.0745887756348 33.2074203491211 33.7314682006836 33.9031181335449 33.9754524230957 34.268928527832 34.3364219665527 34.3666000366211 34.503719329834 34.5151443481445 34.5270843505859 34.5918655395508 34.5555648803711 34.5462837219238 34.575553894043 34.5246734619141 34.5064506530762 34.5363006591797 34.4939918518066 34.487850189209 34.4914207458496 34.4196624755859 34.3994102478027 34.3525199890137 34.2365264892578 34.2042541503906 34.1197242736816 33.9188652038574 33.8722763061523 33.6473159790039 33.3010940551758 33.1820030212402 32.8938941955566 32.4933700561523 32.4103622436523 32.3268623352051 32.1430435180664 32.1538696289062 32.3300132751465 32.3525199890137 32.3990058898926 32.6676902770996 32.7927894592285 32.8542823791504 33.1839370727539 33.3301239013672 33.4001197814941 33.664134979248 33.7505569458008
-9999 -9999 32.0775108337402 32.0474166870117 31.5840892791748 31.3685436248779 31.4266128540039 32.0037536621094 32.2426376342773 32.453987121582 32.6110382080078 33.3478660583496 33.4673919677734 33.4706420898438 33.9508171081543 34.0111503601074 34.0056838989258 34.2818565368652 34.2947654724121 34.2859725952148 34.3901824951172 34.3734436035156 34.3605575561523 34.389461517334 34.3690223693848 34.3490257263184 34.354606628418 34.3586959838867 34.3149948120117 34.2898597717285 34.2527198791504 34.1624565124512 34.1149444580078 34.0530776977539 33.9240455627441 33.8320579528809 33.7374610900879 33.3767547607422 33.1130523681641 32.8949089050293 32.2074356079102 31.9807682037354 31.8287162780762 31.3436012268066 31.5613574981689 31.59547996521 31.2715644836426 31.6600608825684 31.7494354248047 31.5503234863281 32.1460037231445 32.2613334655762 32.2256507873535 32.861946105957 32.9939346313477 32.9939346313477 33.4055290222168
-9999 -9999 -9999 -9999 31.4522323608398 31.2212047576904 31.2507266998291 31.7672653198242 31.7806148529053 31.8668022155762 32.2939224243164 32.6837577819824 33.0558662414551 33.2444000244141 33.4634246826172 33.755485534668 33.8647384643555 33.9645652770996 34.1552619934082 34.2055473327637 34.1977996826172 34.2906265258789 34.3088531494141 34.2801704406738 34.298999786377 34.3069953918457 34.2709159851074 34.2551689147949 34.2681579589844 34.2012596130371 34.1520309448242 34.1121978759766 34.0083923339844 33.9426536560059 33.873119354248 33.7310829162598 33.5198631286621 33.287971496582 32.9577331542969 32.5172271728516 32.0367202758789 31.6776371002197 31.3426780700684 31.1088943481445 31.1146373748779 31.0315036773682 30.9906616210938 31.1237468719482 31.1461067199707 31.2452335357666 31.544189453125 31.7720527648926 31.9601249694824 32.3021240234375 32.638801574707 32.8008308410645 32.9879264831543
-9999 -9999 -9999 -9999 31.4161891937256 31.3257331848145 31.5035171508789 31.171106338501 31.1586151123047 31.2291736602783 31.4167785644531 31.7539463043213 31.9162673950195 32.627857208252 32.8495826721191 32.9711837768555 33.4781723022461 33.6034965515137 33.6755409240723 33.9718399047852 34.0006484985352 34.0404815673828 34.169563293457 34.1552276611328 34.159797668457 34.1899795532227 34.1363143920898 34.1323165893555 34.1189002990723 34.0302085876465 34.0066757202148 33.9604797363281 33.8234062194824 33.7961845397949 33.6844367980957 33.367748260498 33.2808265686035 32.9561996459961 32.2976417541504 32.1076202392578 31.6807231903076 30.9450130462646 30.7986698150635 30.6877098083496 30.1757869720459 30.1525726318359 30.4134044647217 30.1086692810059 30.1195602416992 30.5944805145264 30.5691738128662 30.669490814209 31.3333396911621 31.5186862945557 31.6577968597412 32.281566619873 32.3344764709473
-9999 -9999 -9999 -9999 -9999 30.8645801544189 30.9877986907959 30.8036422729492 30.2322406768799 30.1544418334961 30.7576427459717 31.1253547668457 31.2777976989746 31.8100605010986 32.4237442016602 32.5531044006348 32.6640892028809 33.1325263977051 33.2297439575195 33.4664077758789 33.8036918640137 33.8356704711914 33.9007759094238 34.0155372619629 34.0186653137207 34.0187835693359 34.040699005127 34.0270614624023 33.9552879333496 33.900032043457 33.8600311279297 33.7261772155762 33.6679458618164 33.6091384887695 33.3587608337402 33.1641159057617 33.0181846618652 32.3321876525879 31.7941761016846 31.4557456970215 30.4804553985596 29.9517574310303 29.6988391876221 29.2160949707031 29.1527976989746 29.1074275970459 29.1928730010986 29.3865814208984 29.3978118896484 29.6082878112793 29.8108673095703 29.8996715545654 30.4278163909912 30.9633293151855 31.0995216369629 31.2556476593018 31.6778831481934
-9999 -9999 -9999 -9999 -9999 -9999 30.8957538604736 30.6569900512695 29.9272327423096 29.9945297241211 30.8765163421631 30.9755039215088 31.1276512145996 31.6696014404297 32.0982437133789 32.2649612426758 32.5221672058105 32.9413757324219 33.014762878418 33.3355445861816 33.4853706359863 33.7095336914062 33.8325271606445 33.8671417236328 33.9338264465332 33.9727783203125 33.9536933898926 33.9352951049805 33.9145965576172 33.82177734375 33.7299880981445 33.6783828735352 33.5573768615723 33.3864936828613 33.2605018615723 32.9905433654785 32.5789451599121 32.1406555175781 31.4707298278809 30.8648681640625 30.1983642578125 29.412971496582 29.0681858062744 28.8994426727295 28.5259590148926 28.5150394439697 28.8823204040527 28.7519721984863 28.8484287261963 29.4397411346436 29.6600589752197 29.7310256958008 30.2710132598877 30.5475521087646 30.7490043640137 31.0674438476562 31.3175849914551
-9999 -9999 -9999 -9999 -9999 -9999 30.9012641906738 30.5794315338135 30.4383983612061 30.4837760925293 30.6848087310791 31.173770904541 31.4119262695312 31.406078338623 32.1352424621582 32.2913780212402 32.2362632751465 32.687744140625 32.7655868530273 32.8946304321289 33.184741973877 33.2762031555176 33.598705291748 33.6878547668457 33.7142448425293 33.8136253356934 33.7958717346191 33.7757759094238 33.7788276672363 33.6352005004883 33.594181060791 33.5008735656738 33.2274894714355 33.1550216674805 32.883358001709 32.2937850952148 32.1082077026367 31.4703636169434 30.5024490356445 30.2143993377686 29.5574893951416 28.6264190673828 28.4477310180664 28.2229537963867 28.166675567627 28.1745262145996 27.9480857849121 28.763500213623 28.9286003112793 28.8214683532715 29.5479030609131 30.0657596588135 29.909351348877 30.6046562194824 30.8094291687012 30.4481468200684 30.9485530853271
-9999 -9999 -9999 -9999 -9999 -9999 -9999 -9999 30.6762523651123 30.7079963684082 31.163969039917 30.9877777099609 31.1995410919189 31.3596286773682 31.5884895324707 32.1411018371582 32.1333465576172 32.2614212036133 32.2754249572754 32.8774375915527 33.0790901184082 33.1645736694336 33.3935012817383 33.4242858886719 33.4682388305664 33.538028717041 33.6925926208496 33.6797180175781 33.5324592590332 33.4623908996582 33.4008369445801 33.2016448974609 33.0336151123047 32.9170951843262 32.6646957397461 32.1050910949707 31.7856979370117 31.4326877593994 30.0044212341309 29.7599277496338 28.9419212341309 28.0799140930176 27.931224822998 27.7227611541748 27.4581508636475 27.6124744415283 27.7401428222656 28.1832523345947 28.6741924285889 28.8687801361084 29.0080146789551 29.8171844482422 29.947229385376 30.1836643218994 30.479133605957 30.3087768554688 30.4901866912842
-9999 -9999 -9999 -9999 -9999 -9999 -9999 30.816032409668 30.8068332672119 -9999 30.9750995635986 31.0518798828125 31.2493190765381 31.3785762786865 31.4502410888672 32.1064109802246 32.1049499511719 32.1605377197266 32.2350311279297 32.6798362731934 32.919979095459 33.0429992675781 33.090747833252 33.3115882873535 33.3319129943848 33.4567337036133 33.5061874389648 33.5258865356445 33.4821662902832 33.3522033691406 33.2546424865723 33.1241035461426 32.8690338134766 32.7770385742188 32.5913963317871 31.960147857666 31.8145866394043 30.8145046234131 30.1514797210693 29.6042728424072 28.8411750793457 27.9769096374512 27.8476066589355 27.6346874237061 27.3711986541748 27.3576831817627 27.6512031555176 27.8325347900391 28.0804996490479 28.8429908752441 28.6506233215332 29.1501235961914 30.075008392334 29.8904037475586 30.3158054351807 30.2619934082031 30.1119079589844
-9999 -9999 -9999 -9999 -9999 -9999 -9999 -9999 -9999 -9999 -9999 -9999 -9999 -9999 -9999 -9999 32.1538734436035 32.455810546875 32.565055847168 32.7054214477539 32.827751159668 32.9596633911133 32.8942451477051 32.9283981323242 32.9576644897461 33.1975059509277 33.203426361084 33.2130699157715 33.228515625 33.0886383056641 33.0214233398438 32.8430061340332 32.6348075866699 32.5685234069824 32.1538276672363 31.9862804412842 31.8429927825928 30.9560203552246 30.5051746368408 29.8301391601562 28.9577541351318 28.5849742889404 28.1289653778076 28.0302219390869 27.6374435424805 27.6355934143066 27.6974849700928 27.816577911377 28.0509910583496 -9999 -9999 -9999 -9999 29.8840999603271 30.3006782531738 30.2829418182373 30.2581481933594
-9999 -9999 -9999 -9999 -9999 -9999 -9999 -9999 -9999 -9999 -9999 -9999 -9999 -9999 -9999 -9999 -9999 32.4479217529297 32.6656875610352 32.4616889953613 32.5935020446777 32.5557670593262 32.5525016784668 32.6814460754395 32.7104606628418 32.7362442016602 32.9618072509766 32.9742889404297 32.881591796875 32.8840370178223 32.8431053161621 32.7278366088867 32.5642127990723 32.522518157959 32.0828704833984 31.9766712188721 31.9405555725098 31.1449146270752 30.6485214233398 29.7222805023193 29.124963760376 28.8579006195068 28.3211231231689 28.1666431427002 27.7711048126221 -9999 -9999 -9999 -9999 -9999 -9999 -9999 -9999 29.8444652557373 30.2946243286133 30.3025894165039 30.3111534118652
-9999 -9999 -9999 -9999 -9999 -9999 -9999 -9999 -9999 -9999 -9999 -9999 -9999 -9999 -9999 -9999 -9999 -9999 -9999 -9999 32.4680519104004 32.4803581237793 32.4689788818359 32.4162559509277 32.4792366027832 32.6027183532715 32.7112083435059 32.7364730834961 32.7822227478027 32.6977844238281 32.6345291137695 32.709644317627 32.5416984558105 32.5087738037109 32.435375213623 31.9969043731689 31.9304351806641 31.2304840087891 30.9174842834473 29.9288654327393 29.2557506561279 29.0261554718018 28.4730892181396 28.3679370880127 -9999 -9999 -9999 -9999 -9999 -9999 -9999 -9999 -9999 -9999 -9999 30.3132400512695 30.3141670227051
-9999 -9999 -9999 -9999 -9999 -9999 -9999 -9999 -9999 -9999 -9999 -9999 -9999 -9999 -9999 -9999 -9999 -9999 -9999 -9999 -9999 32.4297523498535 32.3565788269043 32.2985877990723 32.3537216186523 32.2978782653809 32.3773918151855 32.4199295043945 32.3270416259766 32.6815872192383 32.6315040588379 32.5459747314453 32.6669692993164 32.5031280517578 32.4540367126465 31.9762954711914 -9999 -9999 -9999 -9999 29.7534847259521 -9999 -9999 -9999 -9999 -9999 -9999 -9999 -9999 -9999 -9999 -9999 -9999 -9999 -9999 -9999 -9999
-9999 -9999 -9999 -9999 -9999 -9999 -9999 -9999 -9999 -9999 -9999 -9999 -9999 -9999 -9999 -9999 -9999 -9999 -9999 -9999 -9999 -9999 32.240306854248 32.0413589477539 32.0038223266602 32.1365280151367 32.0412712097168 32.0607795715332 32.1735458374023 32.3883323669434 32.5047149658203 32.4547538757324 32.4584274291992 32.2868118286133 32.025749206543 -9999 -9999 -9999 -9999 -9999 -9999 -9999 -9999 -9999 -9999 -9999 -9999 -9999 -9999 -9999 -9999 -9999 -9999 -9999 -9999 -9999 -9999
-9999 -9999 -9999 -9999 -9999 -9999 -9999 -9999 -9999 -9999 -9999 -9999 -9999 -9999 -9999 -9999 -9999 -9999 -9999 -9999 -9999 -9999 -9999 31.9886932373047 31.9492588043213 32.043571472168 31.9649124145508 31.9107856750488 32.1033782958984 32.2070579528809 -9999 32.4300079345703 -9999 -9999 -9999 -9999 -9999 -9999 -9999 -9999 -9999 -9999 -9999 -9999 -9999 -9999 -9999 -9999 -9999 -9999 -9999 -9999 -9999 -9999 -9999 -9999 -9999
-9999 -9999 -9999 -9999 -9999 -9999 -9999 -9999 -9999 -9999 -9999 -9999 -9999 -9999 -9999 -9999 -9999 -9999 -9999 -9999 -9999 -9999 -9999 -9999 32.0727310180664 32.1211128234863 -9999 -9999 -9999 -9999 -9999 -9999 -9999 -9999 -9999 -9999 -9999 -9999 -9999 -9999 -9999 -9999 -9999 -9999 -9999 -9999 -9999 -9999 -9999 -9999 -9999 -9999 -9999 -9999 -9999 -9999 -9999
-9999 -9999 -9999 -9999 -9999 -9999 -9999 -9999 -9999 -9999 -9999 -9999 -9999 -9999 -9999 -9999 -9999 -9999 -9999 -9999 -9999 -9999 -9999 -9999 -9999 -9999 -9999 -9999 -9999 -9999 -9999 -9999 -9999 -9999 -9999 -9999 -9999 -9999 -9999 -9999 -9999 -9999 -9999 -9999 -9999 -9999 -9999 -9999 -9999 -9999 -9999 -9999 -9999 -9999 -9999 -9999 -9999
-9999 -9999 -9999 -9999 -9999 -9999 -9999 -9999 -9999 -9999 -9999 -9999 -9999 -9999 -9999 -9999 -9999 -9999 -9999 -9999 -9999 -9999 -9999 -9999 -9999 -9999 -9999 -9999 -9999 -9999 -9999 -9999 -9999 -9999 -9999 -9999 -9999 -9999 -9999 -9999 -9999 -9999 -9999 -9999 -9999 -9999 -9999 -9999 -9999 -9999 -9999 -9999 -9999 -9999 -9999 -9999 -9999
