G_variables/Set1/RCP4_2050/Sur_tem_min.asc
NCOLS 229 
NROWS 147 
XLLCORNER -101.25 
YLLCORNER 14.3333333333333 
CELLSIZE 0.0833333333333333 
NODATA_value -9999 
[rows 78 to 103 of 147, columns 57 to 113 of 229]
22.9131717681885 22.9360980987549 22.9828319549561 23.0706176757812 23.0989170074463 23.1190624237061 23.2015705108643 23.2085666656494 23.2156162261963 23.2887668609619 23.2955303192139 23.2998485565186 23.3451747894287 23.3354396820068 23.3282737731934 23.3320827484131 23.3377380371094 23.3384971618652 23.3665180206299 23.372594833374 23.3785991668701 23.4033889770508 23.4097385406494 23.410774230957 23.4122428894043 23.4184913635254 23.4181613922119 23.4399261474609 23.4441680908203 23.4481220245361 23.4841613769531 23.4921684265137 23.4936752319336 23.5237083435059 23.5278720855713 23.5219688415527 23.5373630523682 23.5271320343018 23.5331497192383 23.5541400909424 23.5491847991943 23.5476512908936 23.5456562042236 23.5473651885986 23.5429191589355 23.5517177581787 23.5467548370361 23.536039352417 23.5192718505859 23.4865646362305 23.4855308532715 23.4976539611816 23.4914093017578 23.4831562042236 23.4798851013184 23.4708728790283 23.4476451873779
22.888256072998 22.8819141387939 22.9035053253174 22.9850406646729 23.017484664917 23.0443058013916 23.1352138519287 23.1479740142822 23.2028179168701 23.2647895812988 23.2790260314941 23.2924556732178 23.351863861084 23.3523693084717 23.3456840515137 23.3374347686768 23.3271942138672 23.326322555542 23.3350658416748 23.3304347991943 23.3353710174561 23.3571643829346 23.3623180389404 23.353141784668 23.3911190032959 23.3969955444336 23.4000129699707 23.4244117736816 23.4491004943848 23.4550857543945 23.4900074005127 23.4946918487549 23.5173473358154 23.5521945953369 23.5437526702881 23.5513172149658 23.5287952423096 23.5269069671631 23.5311393737793 23.5534915924072 23.5476055145264 23.5532913208008 23.5662841796875 23.5623779296875 23.5675277709961 23.5808811187744 23.5896549224854 23.58984375 23.5488128662109 23.5451717376709 23.5563812255859 23.5707817077637 23.5632610321045 23.5678329467773 23.5625247955322 23.546724319458 23.5341529846191
22.8573474884033 22.8312072753906 22.9070167541504 22.935977935791 22.9447975158691 23.0429573059082 23.082727432251 23.1629505157471 23.2065830230713 23.2411880493164 23.3166275024414 23.299617767334 23.3473644256592 23.3901901245117 23.3507633209229 23.3398246765137 23.3298797607422 23.3254680633545 23.3210010528564 23.3134880065918 23.3289203643799 23.3379783630371 23.3609180450439 23.3632202148438 23.3567771911621 23.3695259094238 23.3920917510986 23.403772354126 23.4286441802979 23.4571971893311 23.4718780517578 23.5030994415283 23.5274562835693 23.5413112640381 23.5593147277832 23.5417251586914 23.534761428833 23.5258445739746 23.5463542938232 23.5530490875244 23.5698833465576 23.5686721801758 23.5673484802246 23.5632724761963 23.583568572998 23.5846862792969 23.5763607025146 23.5934715270996 23.563196182251 23.569185256958 23.584020614624 23.5776405334473 23.5892562866211 23.5939311981201 23.5850849151611 23.593448638916 23.5471687316895
22.8375129699707 22.8643131256104 22.9020843505859 22.938570022583 22.9683990478516 22.990255355835 23.0938587188721 23.1295547485352 23.1607398986816 23.2474727630615 23.2684020996094 23.3013248443604 23.329568862915 23.3514423370361 23.3459224700928 23.3325977325439 23.3294658660889 23.318904876709 23.3084087371826 23.3164863586426 23.319896697998 23.3249893188477 23.3390941619873 23.337028503418 23.3499450683594 23.3503303527832 23.3632774353027 23.4055633544922 23.4131469726562 23.4135875701904 23.4752254486084 23.501823425293 23.5105571746826 23.5583724975586 23.5401954650879 23.537296295166 23.5546970367432 23.5529861450195 23.550838470459 23.5709819793701 23.5732746124268 23.5768566131592 23.598295211792 23.59006690979 23.5865631103516 23.6149921417236 23.5972709655762 23.5972232818604 23.6038818359375 23.6023006439209 23.5905876159668 23.6161918640137 23.6084842681885 23.6046829223633 23.6129589080811 23.6037292480469 23.5933895111084
-9999 22.8377857208252 22.8496627807617 22.8887882232666 22.9023303985596 22.9295673370361 23.0396194458008 23.0827903747559 23.1024856567383 23.2030353546143 23.2483901977539 23.2863216400146 23.3182678222656 23.3515319824219 23.3441066741943 23.3276519775391 23.3130474090576 23.3076591491699 23.2930488586426 23.2899799346924 23.2924308776855 23.3084239959717 23.3021869659424 23.3033809661865 23.3151798248291 23.3103904724121 23.3223667144775 23.3691444396973 23.3766765594482 23.411376953125 23.4800281524658 23.492431640625 23.5218296051025 23.5719680786133 23.5760593414307 23.568208694458 23.5849170684814 23.5876598358154 23.5828914642334 23.6037921905518 23.6130867004395 23.6174354553223 23.6361541748047 23.6436729431152 23.6373863220215 23.6675624847412 23.6606101989746 23.6618251800537 23.6724700927734 23.6879367828369 23.6822147369385 23.7007942199707 23.6951446533203 23.6853713989258 23.6963005065918 23.6867351531982 23.6762084960938
-9999 22.799222946167 22.8426475524902 22.8786373138428 22.8504486083984 22.9523639678955 22.9957218170166 23.0376586914062 23.114818572998 23.182544708252 23.288200378418 23.2876014709473 23.3054370880127 23.3669891357422 23.3384780883789 23.3193168640137 23.2728824615479 23.2962265014648 23.2907695770264 23.2520236968994 23.2932472229004 23.2940216064453 23.279146194458 23.2997055053711 23.2905139923096 23.2469596862793 23.3258171081543 23.3441429138184 23.3449287414551 23.4234275817871 23.4578895568848 23.5112113952637 23.5403270721436 23.5601844787598 23.5895366668701 23.5881500244141 23.5805912017822 23.5838966369629 23.6022090911865 23.6111927032471 23.6174468994141 23.6492290496826 23.6516571044922 23.6470222473145 23.6683597564697 23.6725177764893 23.6523513793945 23.6980438232422 23.6810855865479 23.7026386260986 23.7234516143799 23.7195129394531 23.7326908111572 23.7093563079834 23.7089653015137 23.7379360198975 23.6874160766602
-9999 22.8236675262451 22.8524951934814 22.8732414245605 22.9026870727539 22.9257202148438 23.0080013275146 23.022985458374 23.0746021270752 23.1827583312988 23.2232265472412 23.2517929077148 23.31174659729 23.3190956115723 23.3252391815186 23.3224964141846 23.3083667755127 23.3049163818359 23.2909202575684 23.2960414886475 23.2984771728516 23.298957824707 23.2960224151611 23.2936267852783 23.3019561767578 23.2969455718994 23.3118915557861 23.3696384429932 23.389331817627 23.4053707122803 23.4908790588379 23.5060558319092 23.5293083190918 23.5891056060791 23.5841426849365 23.5798511505127 23.6067523956299 23.6132335662842 23.607967376709 23.6349220275879 23.6414432525635 23.6684799194336 23.6973247528076 23.678352355957 23.6734390258789 23.7160511016846 23.6783390045166 23.6888771057129 23.7291774749756 23.7406330108643 23.7335338592529 23.7574577331543 23.7430953979492 23.7159461975098 23.7211837768555 23.7327270507812 23.7268009185791
-9999 -9999 22.8572483062744 22.8701591491699 22.8754463195801 22.8863048553467 22.9670066833496 22.9982986450195 23.0229091644287 23.1426906585693 23.1902503967285 23.2136554718018 23.2822017669678 23.3135414123535 23.3143920898438 23.3279399871826 23.3276691436768 23.3219699859619 23.3140869140625 23.3124504089355 23.3127002716064 23.3118953704834 23.3078899383545 23.2972450256348 23.3186283111572 23.329761505127 23.3410186767578 23.4008369445801 23.4318103790283 23.4496288299561 23.5349884033203 23.5482025146484 23.5776233673096 23.6382656097412 23.6357593536377 23.6359214782715 23.6607666015625 23.667272567749 23.6643733978271 23.6884117126465 23.7044448852539 23.7133235931396 23.7484302520752 23.7352619171143 23.7482166290283 23.7958126068115 23.7768936157227 23.7807521820068 23.8391304016113 23.8251724243164 23.820291519165 23.8550262451172 23.8424282073975 23.8276615142822 23.8211898803711 23.8077507019043 23.7944450378418
-9999 -9999 22.8611698150635 22.8644542694092 22.8297462463379 22.8991012573242 22.9256172180176 22.9389209747314 23.0385894775391 23.0970211029053 23.1529922485352 23.2195720672607 23.2590808868408 23.341438293457 23.3164596557617 23.3257141113281 23.3298988342285 23.3349094390869 23.3271942138672 23.3038558959961 23.3256168365479 23.3181533813477 23.2979927062988 23.3199844360352 23.3154373168945 23.2855682373047 23.3690166473389 23.3952865600586 23.4124755859375 23.4931297302246 23.5269641876221 23.5672492980957 23.6148681640625 23.6371612548828 23.6549034118652 23.6659679412842 23.6649131774902 23.6651458740234 23.6880378723145 23.6939010620117 23.6906757354736 23.7353553771973 23.7453994750977 23.7296886444092 23.7886161804199 23.8044471740723 23.7770748138428 23.8288307189941 23.8479518890381 23.8645095825195 23.8696002960205 23.8729343414307 23.8966846466064 23.8731651306152 23.8627128601074 23.8776454925537 23.8040218353271
-9999 -9999 22.8641185760498 22.8679695129395 22.8651580810547 22.9000949859619 22.9381675720215 22.953426361084 23.0166187286377 23.1203594207764 23.1453380584717 23.189001083374 23.2788028717041 23.2971725463867 23.3013706207275 23.3351650238037 23.35276222229 23.342586517334 23.3435935974121 23.3405914306641 23.3308429718018 23.3382396697998 23.325231552124 23.3286514282227 23.3552513122559 23.3548564910889 23.3743572235107 23.4447612762451 23.4765872955322 23.4948177337646 23.5800857543945 23.6086559295654 23.6221752166748 23.6662311553955 23.6800804138184 23.6841468811035 23.7074489593506 23.7051219940186 23.7116985321045 23.7312202453613 23.7319793701172 23.7445640563965 23.7881813049316 23.7831916809082 23.79807472229 23.825174331665 23.8408794403076 23.8474617004395 23.9048404693604 23.9228019714355 23.901195526123 23.9224224090576 23.9131412506104 23.9133911132812 23.8935642242432 23.8772048950195 23.8490009307861
-9999 -9999 -9999 -9999 22.8831367492676 22.9009265899658 22.9516716003418 22.9737796783447 23.0125274658203 23.1130123138428 23.1347999572754 23.177604675293 23.26881980896 23.285852432251 23.3147163391113 23.3567142486572 23.3893909454346 23.3872470855713 23.3907661437988 23.38844871521 23.382740020752 23.3822917938232 23.3830337524414 23.395092010498 23.4325866699219 23.4460124969482 23.457088470459 23.5292816162109 23.5654373168945 23.5803241729736 23.6640090942383 23.7001934051514 23.7130928039551 23.7572002410889 23.7820587158203 23.7879772186279 23.8081207275391 23.819580078125 23.8173484802246 23.8365325927734 23.8336658477783 23.8530731201172 23.8998413085938 23.9135341644287 23.9235439300537 23.9523887634277 23.9663105010986 23.9719085693359 24.0304222106934 24.0243759155273 24.0093841552734 24.0197772979736 23.9961929321289 23.9759216308594 23.9509754180908 23.919605255127 23.9016666412354
-9999 -9999 -9999 -9999 22.8400001525879 22.916540145874 22.9607410430908 22.9393348693848 23.0413551330566 23.0801200866699 23.1107444763184 23.2020854949951 23.24440574646 23.306978225708 23.3318786621094 23.3716354370117 23.4129276275635 23.401819229126 23.4000663757324 23.3966636657715 23.4027805328369 23.3991298675537 23.4051418304443 23.432596206665 23.443359375 23.4453563690186 23.5044212341309 23.5355663299561 23.5940380096436 23.6364612579346 23.6660423278809 23.7222213745117 23.7646217346191 23.7702388763428 23.8050994873047 23.8343143463135 23.8283233642578 23.8288917541504 23.8615703582764 23.8573474884033 23.8343334197998 23.9015293121338 23.9193229675293 23.9125823974609 23.9817295074463 23.9709243774414 23.9957389831543 24.0329189300537 24.0490951538086 24.0709533691406 24.0571136474609 24.0388412475586 24.0773143768311 24.002405166626 23.9915866851807 24.0196170806885 23.9061088562012
-9999 -9999 -9999 -9999 -9999 22.9391593933105 22.9762344360352 23.0041542053223 23.0570983886719 23.1216468811035 23.1399841308594 23.1885757446289 23.2803802490234 23.3087635040283 23.3220748901367 23.394437789917 23.3999996185303 23.3969955444336 23.4205989837646 23.4198398590088 23.4026031494141 23.4266986846924 23.4305667877197 23.4359092712402 23.4862518310547 23.5018081665039 23.5075778961182 23.5850028991699 23.6209392547607 23.6360111236572 23.7256336212158 23.759162902832 23.7654361724854 23.8393211364746 23.8600101470947 23.8691501617432 23.8902835845947 23.8893642425537 23.8919353485107 23.9288291931152 23.9265956878662 23.9361000061035 23.9912872314453 24.0026245117188 23.9824638366699 24.0414352416992 24.0467777252197 24.0682926177979 24.0862255096436 24.085376739502 24.0968933105469 24.0682506561279 24.0575389862061 24.0354404449463 23.9816226959229 23.9582614898682 23.9301357269287
-9999 -9999 -9999 -9999 -9999 -9999 23.0229816436768 23.0406017303467 23.0876178741455 23.1574096679688 23.1892280578613 23.2075042724609 23.2955436706543 23.3132381439209 23.3434772491455 23.4170665740967 23.4252700805664 23.4432373046875 23.4705333709717 23.4864559173584 23.4719772338867 23.4983005523682 23.5035820007324 23.5210151672363 23.5735549926758 23.5807361602783 23.607494354248 23.6759223937988 23.7152614593506 23.7322521209717 23.8249378204346 23.8334636688232 23.8799114227295 23.9605331420898 23.9918899536133 24.0000247955322 24.0200481414795 24.0223999023438 24.0295944213867 24.0652275085449 24.0674934387207 24.0739250183105 24.1314029693604 24.1384792327881 24.1117153167725 24.1681957244873 24.1704349517822 24.1627140045166 24.1711483001709 24.1705188751221 24.1440200805664 24.1107063293457 24.0714664459229 24.0474109649658 23.9873886108398 23.9651069641113 23.9445056915283
-9999 -9999 -9999 -9999 -9999 -9999 23.0441093444824 23.08664894104 23.1219520568848 23.182201385498 23.1987266540527 23.2493724822998 23.2816677093506 23.3508911132812 23.3894634246826 23.4104022979736 23.4651355743408 23.465425491333 23.4724445343018 23.4887008666992 23.4969367980957 23.5100002288818 23.5229930877686 23.5593490600586 23.576789855957 23.6017742156982 23.6561088562012 23.6752300262451 23.7171459197998 23.7868423461914 23.8238945007324 23.8691825866699 23.9388103485107 23.9792041778564 24.0570335388184 24.0482044219971 24.0401554107666 24.0955619812012 24.0944194793701 24.1008777618408 24.1311225891113 24.1414108276367 24.1651706695557 24.2327995300293 24.1812210083008 24.1988716125488 24.3054790496826 24.211555480957 24.1947460174561 24.2735576629639 24.1623764038086 24.1274566650391 24.0968017578125 24.0512771606445 24.0110740661621 23.9495315551758 23.9361438751221
-9999 -9999 -9999 -9999 -9999 -9999 -9999 -9999 23.1397190093994 23.1907157897949 23.2058563232422 23.2564640045166 23.3096675872803 23.3267135620117 23.3725757598877 23.4366703033447 23.4495639801025 23.4516067504883 23.5008335113525 23.5069236755371 23.5005550384521 23.5473690032959 23.5536136627197 23.5662384033203 23.6240653991699 23.6340675354004 23.6585540771484 23.7401275634766 23.7425327301025 23.7760238647461 23.8773765563965 23.9019775390625 23.9444179534912 24.0432052612305 24.0489044189453 24.0566539764404 24.0961132049561 24.1008586883545 24.1176891326904 24.148775100708 24.1516189575195 24.1632499694824 24.1934452056885 24.1757354736328 24.1904392242432 24.2098617553711 24.2305526733398 24.2078762054443 24.1813087463379 24.1865272521973 24.1630744934082 24.1077556610107 24.0940685272217 24.0675067901611 24.0139427185059 23.985294342041 23.9668941497803
-9999 -9999 -9999 -9999 -9999 -9999 -9999 23.1375331878662 23.1546516418457 -9999 23.2152881622314 23.2753238677979 23.3108654022217 23.3615570068359 23.3878612518311 23.4349956512451 23.473596572876 23.4958934783936 23.5270462036133 23.5580139160156 23.5716018676758 23.6166038513184 23.6273765563965 23.6395034790039 23.6974487304688 23.7080669403076 23.7288513183594 23.8093357086182 23.8095397949219 23.8377990722656 23.9494876861572 23.9900379180908 24.0379905700684 24.1253623962402 24.1449203491211 24.1545257568359 24.1936111450195 24.2085914611816 24.2074680328369 24.2463436126709 24.2447624206543 24.2419376373291 24.269739151001 24.2529716491699 24.2427291870117 24.2525863647461 24.2291088104248 24.200216293335 24.1904525756836 24.1627254486084 24.1447887420654 24.1028251647949 24.0818157196045 24.0685138702393 24.0235843658447 24.0045967102051 23.9941139221191
-9999 -9999 -9999 -9999 -9999 -9999 -9999 -9999 -9999 -9999 -9999 -9999 -9999 -9999 -9999 -9999 23.4944343566895 23.5051403045654 23.5411243438721 23.5759887695312 23.607271194458 23.6252727508545 23.682653427124 23.6880187988281 23.7048587799072 23.753475189209 23.7854976654053 23.809886932373 23.8547496795654 23.9033622741699 23.9528884887695 24.0877685546875 24.0917453765869 24.1287899017334 24.2497863769531 24.2096328735352 24.2097549438477 24.2799453735352 24.2527122497559 24.2536029815674 24.2982482910156 24.2756881713867 24.2762756347656 24.316915512085 24.2507057189941 24.2497482299805 24.2174186706543 24.2093868255615 24.1812152862549 -9999 -9999 -9999 -9999 24.0475425720215 24.0491046905518 24.0011119842529 23.9977226257324
-9999 -9999 -9999 -9999 -9999 -9999 -9999 -9999 -9999 -9999 -9999 -9999 -9999 -9999 -9999 -9999 -9999 23.5507888793945 23.5580730438232 23.5865173339844 23.6215934753418 23.6609382629395 23.6759071350098 23.6850280761719 23.7410259246826 23.7474250793457 23.766809463501 23.851993560791 23.8508949279785 23.8913421630859 24.0040111541748 24.0491905212402 24.066577911377 24.1619815826416 24.1998805999756 24.1931571960449 24.2308578491211 24.2400531768799 24.2462062835693 24.2672367095947 24.2663326263428 24.2816524505615 24.2790184020996 24.2646217346191 24.2543926239014 -9999 -9999 -9999 -9999 -9999 -9999 -9999 -9999 24.068868637085 24.0499744415283 24.0265636444092 24.0106468200684
-9999 -9999 -9999 -9999 -9999 -9999 -9999 -9999 -9999 -9999 -9999 -9999 -9999 -9999 -9999 -9999 -9999 -9999 -9999 -9999 23.6620845794678 23.7012977600098 23.7263050079346 23.7424049377441 23.7973041534424 23.8010845184326 23.809398651123 23.8969402313232 23.9140472412109 23.9365749359131 24.0420780181885 24.0629405975342 24.1078071594238 24.1690521240234 24.1974086761475 24.2094020843506 24.2383975982666 24.2488021850586 24.2625713348389 24.2782878875732 24.2803611755371 24.2809543609619 24.2700328826904 24.2656707763672 -9999 -9999 -9999 -9999 -9999 -9999 -9999 -9999 -9999 -9999 -9999 24.0411052703857 24.0422878265381
-9999 -9999 -9999 -9999 -9999 -9999 -9999 -9999 -9999 -9999 -9999 -9999 -9999 -9999 -9999 -9999 -9999 -9999 -9999 -9999 -9999 23.7328624725342 23.7183227539062 23.7670288085938 23.7786731719971 23.7613773345947 23.8433418273926 23.8565044403076 23.8933620452881 23.9767761230469 24.0133743286133 24.0978126525879 24.1094799041748 24.1706523895264 24.2227020263672 24.2122039794922 -9999 -9999 -9999 -9999 24.2901058197021 -9999 -9999 -9999 -9999 -9999 -9999 -9999 -9999 -9999 -9999 -9999 -9999 -9999 -9999 -9999 -9999
-9999 -9999 -9999 -9999 -9999 -9999 -9999 -9999 -9999 -9999 -9999 -9999 -9999 -9999 -9999 -9999 -9999 -9999 -9999 -9999 -9999 -9999 23.7517948150635 23.7765502929688 23.8079166412354 23.8247375488281 23.8270740509033 23.8952388763428 23.9361667633057 23.9589138031006 24.0111751556396 24.0657691955566 24.1114654541016 24.1341876983643 24.1819934844971 -9999 -9999 -9999 -9999 -9999 -9999 -9999 -9999 -9999 -9999 -9999 -9999 -9999 -9999 -9999 -9999 -9999 -9999 -9999 -9999 -9999 -9999
-9999 -9999 -9999 -9999 -9999 -9999 -9999 -9999 -9999 -9999 -9999 -9999 -9999 -9999 -9999 -9999 -9999 -9999 -9999 -9999 -9999 -9999 -9999 23.8078308105469 23.8219814300537 23.8443050384521 23.8598747253418 23.9110908508301 23.9453029632568 23.975191116333 -9999 24.0668392181396 -9999 -9999 -9999 -9999 -9999 -9999 -9999 -9999 -9999 -9999 -9999 -9999 -9999 -9999 -9999 -9999 -9999 -9999 -9999 -9999 -9999 -9999 -9999 -9999 -9999
-9999 -9999 -9999 -9999 -9999 -9999 -9999 -9999 -9999 -9999 -9999 -9999 -9999 -9999 -9999 -9999 -9999 -9999 -9999 -9999 -9999 -9999 -9999 -9999 23.8335361480713 23.8580150604248 -9999 -9999 -9999 -9999 -9999 -9999 -9999 -9999 -9999 -9999 -9999 -9999 -9999 -9999 -9999 -9999 -9999 -9999 -9999 -9999 -9999 -9999 -9999 -9999 -9999 -9999 -9999 -9999 -9999 -9999 -9999
-9999 -9999 -9999 -9999 -9999 -9999 -9999 -9999 -9999 -9999 -9999 -9999 -9999 -9999 -9999 -9999 -9999 -9999 -9999 -9999 -9999 -9999 -9999 -9999 -9999 -9999 -9999 -9999 -9999 -9999 -9999 -9999 -9999 -9999 -9999 -9999 -9999 -9999 -9999 -9999 -9999 -9999 -9999 -9999 -9999 -9999 -9999 -9999 -9999 -9999 -9999 -9999 -9999 -9999 -9999 -9999 -9999
-9999 -9999 -9999 -9999 -9999 -9999 -9999 -9999 -9999 -9999 -9999 -9999 -9999 -9999 -9999 -9999 -9999 -9999 -9999 -9999 -9999 -9999 -9999 -9999 -9999 -9999 -9999 -9999 -9999 -9999 -9999 -9999 -9999 -9999 -9999 -9999 -9999 -9999 -9999 -9999 -9999 -9999 -9999 -9999 -9999 -9999 -9999 -9999 -9999 -9999 -9999 -9999 -9999 -9999 -9999 -9999 -9999
