G_variables/Set1/RCP4_2050/Sur_tem_max.asc
NCOLS 229 
NROWS 147 
XLLCORNER -101.25 
YLLCORNER 14.3333333333333 
CELLSIZE 0.0833333333333333 
NODATA_value -9999 
[rows 0 to 25 of 147, columns 114 to 170 of 229]
-9999 -9999 -9999 -9999 -9999 -9999 -9999 -9999 -9999 -9999 -9999 -9999 -9999 -9999 -9999 -9999 -9999 -9999 -9999 -9999 -9999 -9999 -9999 -9999 -9999 -9999 -9999 -9999 -9999 -9999 -9999 -9999 -9999 -9999 -9999 -9999 -9999 -9999 -9999 -9999 -9999 -9999 -9999 -9999 -9999 -9999 -9999 -9999 -9999 -9999 -9999 -9999 -9999 -9999 -9999 -9999 -9999
-9999 -9999 -9999 -9999 -9999 -9999 -9999 -9999 -9999 -9999 -9999 -9999 -9999 -9999 -9999 -9999 -9999 -9999 -9999 -9999 -9999 -9999 -9999 -9999 -9999 -9999 -9999 -9999 -9999 -9999 -9999 -9999 -9999 -9999 -9999 -9999 -9999 -9999 -9999 -9999 -9999 -9999 -9999 -9999 -9999 -9999 -9999 -9999 -9999 -9999 -9999 -9999 -9999 -9999 -9999 -9999 -9999
-9999 -9999 -9999 -9999 -9999 -9999 -9999 -9999 -9999 -9999 -9999 -9999 -9999 -9999 -9999 -9999 -9999 -9999 -9999 -9999 -9999 -9999 -9999 -9999 -9999 -9999 -9999 -9999 -9999 -9999 -9999 -9999 -9999 -9999 -9999 -9999 -9999 -9999 -9999 -9999 -9999 -9999 -9999 -9999 -9999 -9999 -9999 -9999 -9999 -9999 -9999 -9999 -9999 -9999 -9999 -9999 31.663444519043
-9999 -9999 -9999 -9999 -9999 -9999 -9999 -9999 -9999 -9999 -9999 -9999 -9999 -9999 -9999 -9999 -9999 -9999 -9999 -9999 -9999 -9999 -9999 -9999 -9999 -9999 -9999 -9999 -9999 -9999 -9999 -9999 -9999 -9999 -9999 -9999 -9999 -9999 -9999 -9999 -9999 -9999 -9999 -9999 -9999 -9999 -9999 -9999 -9999 -9999 -9999 -9999 -9999 -9999 31.6887187957764 31.6880569458008 31.6800689697266
-9999 -9999 -9999 -9999 -9999 -9999 -9999 -9999 -9999 -9999 -9999 -9999 -9999 -9999 -9999 -9999 -9999 -9999 -9999 -9999 -9999 -9999 -9999 -9999 -9999 -9999 -9999 -9999 -9999 -9999 -9999 -9999 -9999 -9999 -9999 -9999 -9999 -9999 -9999 -9999 -9999 -9999 -9999 -9999 -9999 -9999 -9999 -9999 -9999 -9999 -9999 -9999 -9999 31.6867370605469 31.6838264465332 31.6854019165039 31.6898708343506
-9999 -9999 -9999 -9999 -9999 -9999 -9999 -9999 -9999 -9999 -9999 -9999 -9999 -9999 -9999 -9999 -9999 -9999 -9999 -9999 -9999 -9999 -9999 -9999 -9999 -9999 -9999 -9999 -9999 -9999 -9999 -9999 -9999 -9999 -9999 -9999 -9999 -9999 -9999 -9999 -9999 -9999 -9999 -9999 -9999 -9999 -9999 -9999 -9999 -9999 -9999 31.6912841796875 31.6810626983643 31.6868476867676 31.6851711273193 31.6884021759033 31.6889762878418
-9999 -9999 -9999 -9999 -9999 -9999 -9999 -9999 -9999 -9999 -9999 -9999 -9999 -9999 -9999 -9999 -9999 -9999 -9999 -9999 -9999 -9999 -9999 -9999 -9999 -9999 -9999 -9999 -9999 -9999 -9999 -9999 -9999 -9999 -9999 -9999 -9999 -9999 -9999 -9999 -9999 -9999 -9999 -9999 -9999 -9999 -9999 -9999 -9999 -9999 31.7052364349365 31.6890659332275 31.6885948181152 31.6983051300049 31.6984004974365 31.7029972076416 31.699987411499
-9999 -9999 -9999 -9999 -9999 -9999 -9999 -9999 -9999 -9999 -9999 -9999 -9999 -9999 -9999 -9999 -9999 -9999 -9999 -9999 -9999 -9999 -9999 -9999 -9999 -9999 -9999 -9999 -9999 -9999 -9999 -9999 -9999 -9999 -9999 -9999 -9999 -9999 -9999 -9999 -9999 -9999 -9999 -9999 -9999 -9999 -9999 -9999 31.7187423706055 31.7126960754395 31.7192535400391 31.706428527832 31.7021923065186 31.7021770477295 31.7103881835938 31.7101440429688 31.7111129760742
-9999 -9999 -9999 -9999 -9999 -9999 -9999 -9999 -9999 -9999 -9999 -9999 -9999 -9999 -9999 -9999 -9999 -9999 -9999 -9999 -9999 -9999 -9999 -9999 -9999 -9999 -9999 -9999 -9999 -9999 -9999 -9999 -9999 -9999 -9999 -9999 -9999 -9999 -9999 -9999 -9999 -9999 -9999 -9999 -9999 -9999 -9999 31.7150344848633 31.7254123687744 31.7272548675537 31.7231998443604 31.7109889984131 31.6915836334229 31.7048797607422 31.7128105163574 31.6916961669922 31.7110996246338
-9999 -9999 -9999 -9999 -9999 -9999 -9999 -9999 -9999 -9999 -9999 -9999 -9999 -9999 -9999 -9999 -9999 -9999 -9999 -9999 -9999 -9999 -9999 -9999 -9999 -9999 -9999 -9999 -9999 -9999 -9999 -9999 -9999 -9999 -9999 -9999 -9999 -9999 -9999 -9999 -9999 -9999 -9999 31.7189712524414 31.7219638824463 31.719633102417 31.7189483642578 31.7318878173828 31.7289600372314 31.7374362945557 31.7317085266113 31.7198371887207 31.7202816009521 31.720609664917 31.7220287322998 31.7313346862793 31.7342357635498
31.5057029724121 31.5082054138184 31.5103797912598 31.5225143432617 31.5263633728027 31.5311107635498 -9999 -9999 -9999 -9999 -9999 -9999 -9999 -9999 -9999 -9999 -9999 -9999 -9999 -9999 -9999 -9999 -9999 -9999 -9999 -9999 -9999 -9999 -9999 -9999 -9999 -9999 -9999 -9999 -9999 -9999 -9999 -9999 -9999 31.6914978027344 31.704381942749 31.7100048065186 31.72190284729 31.7268352508545 31.7287311553955 31.7322883605957 31.7323684692383 31.7310047149658 31.7362976074219 31.7468166351318 31.7449779510498 31.7383079528809 31.7452907562256 31.7443256378174 31.7451591491699 31.7476348876953 31.7458763122559
31.5162467956543 31.5210609436035 31.5203266143799 31.5281276702881 31.5457439422607 31.5493946075439 31.5609703063965 31.5901260375977 31.5793075561523 31.5830936431885 31.5973358154297 31.5801792144775 31.5750160217285 31.5721530914307 -9999 -9999 -9999 -9999 -9999 -9999 -9999 -9999 -9999 -9999 -9999 -9999 -9999 -9999 -9999 -9999 -9999 -9999 -9999 -9999 -9999 -9999 31.6309108734131 31.6590003967285 31.6801948547363 31.6888313293457 31.7172470092773 31.7158069610596 31.7214679718018 31.7354068756104 31.7289848327637 31.7348556518555 31.7373847961426 31.7386341094971 31.7367191314697 31.7232265472412 31.7542819976807 31.7479000091553 31.7646369934082 31.7534866333008 31.7545528411865 31.7649612426758 31.7529697418213
31.5267429351807 31.5282878875732 31.5366077423096 31.5452289581299 31.5529975891113 31.5602188110352 31.5703353881836 31.5829029083252 31.5859928131104 31.5881729125977 31.5902881622314 31.5870685577393 31.5772895812988 31.5711288452148 31.5816879272461 31.5706481933594 31.5687026977539 -9999 31.5655536651611 31.5678081512451 31.56907081604 31.5677051544189 31.5762844085693 31.581262588501 31.5713157653809 31.5682563781738 31.5804843902588 31.5697536468506 31.5689640045166 31.5728378295898 31.5756912231445 31.5774803161621 31.5811614990234 31.5926818847656 31.6014671325684 31.6093273162842 31.635082244873 31.6656761169434 31.6825923919678 31.7116012573242 31.7118511199951 31.7191276550293 31.732852935791 31.7371978759766 31.7388648986816 31.7362594604492 31.735481262207 31.7347640991211 31.738883972168 31.7362003326416 31.748628616333 31.759162902832 31.7657299041748 31.765869140625 31.7700157165527 31.7701168060303 31.7652206420898
31.5292339324951 31.5404510498047 31.5427055358887 31.5555763244629 31.5577716827393 31.5563831329346 31.568078994751 31.5751533508301 31.5810127258301 31.5855979919434 31.5855140686035 31.584810256958 31.5767040252686 31.5859661102295 31.5812091827393 31.5792770385742 31.5783367156982 31.5757331848145 31.5743541717529 31.5782623291016 31.5889072418213 31.583948135376 31.5938396453857 31.592264175415 31.5860176086426 31.5846347808838 31.5820369720459 31.5812358856201 31.5786876678467 31.5770130157471 31.5775737762451 31.5806179046631 31.5841255187988 31.5991992950439 31.6066093444824 31.6136722564697 31.6407699584961 31.6666011810303 31.6816825866699 31.7112140655518 31.7220802307129 31.7210693359375 31.7353172302246 31.7405433654785 31.7447071075439 31.7480773925781 31.7496643066406 31.7528266906738 31.7544593811035 31.7559375762939 31.7547225952148 31.7687835693359 31.7762680053711 31.7786655426025 31.7825546264648 31.7855529785156 31.7817001342773
31.5334587097168 31.5485572814941 31.5411701202393 31.5462474822998 31.5508632659912 31.5624332427979 31.5702495574951 31.5838394165039 31.5882053375244 31.5923252105713 31.5996646881104 31.5908546447754 31.5890216827393 31.5904083251953 31.5775833129883 31.5794696807861 31.5731620788574 31.5781707763672 31.5896873474121 31.5973892211914 31.5941352844238 31.5986824035645 31.6245803833008 31.5992565155029 31.5940723419189 31.6010417938232 31.5867671966553 31.5898017883301 31.5745143890381 31.5832595825195 31.5866222381592 31.5784435272217 31.5933609008789 31.6020946502686 31.605411529541 31.6253395080566 31.6373310089111 31.6605663299561 31.6818866729736 31.7041645050049 31.7258682250977 31.7304573059082 31.736722946167 31.7499351501465 31.7487850189209 31.7509670257568 31.7613277435303 31.7568397521973 31.7579822540283 31.7521438598633 31.7584190368652 31.7715759277344 31.7950897216797 31.7788143157959 31.7776031494141 31.7815227508545 31.7680892944336
31.5326633453369 31.5367755889893 31.538631439209 31.5451259613037 31.5481948852539 31.5517635345459 31.5592269897461 31.5670948028564 31.5728816986084 31.5754566192627 31.5776100158691 31.5893383026123 31.5827465057373 31.5764274597168 31.5739192962646 31.5736312866211 31.5758514404297 31.5769157409668 31.5844631195068 31.589391708374 31.5949230194092 31.5987796783447 31.6056041717529 31.6042137145996 31.5934257507324 31.5963153839111 31.5916385650635 31.5896472930908 31.5880527496338 31.5879669189453 31.5858917236328 31.5878353118896 31.5922050476074 31.6119537353516 31.6195335388184 31.6263828277588 31.646821975708 31.6623344421387 31.6782283782959 31.7058773040771 31.7236804962158 31.7283382415771 31.7414131164551 31.7427654266357 31.7448692321777 31.7523002624512 31.7547855377197 31.7553291320801 31.756706237793 31.7582416534424 31.7575626373291 31.7703018188477 31.7783451080322 31.7766246795654 31.7729816436768 31.771484375 31.7677135467529
31.5322933197021 31.5342102050781 31.5352478027344 31.5416679382324 31.5437793731689 31.5459842681885 31.5536556243896 31.5627994537354 31.5682735443115 31.5744647979736 31.5759029388428 31.5729942321777 31.5668029785156 31.5611953735352 31.556999206543 31.5607280731201 31.5625305175781 31.5663795471191 31.5719795227051 31.5862140655518 31.5928630828857 31.5985260009766 31.6068115234375 31.6063137054443 31.597635269165 31.5984973907471 31.5964698791504 31.5955219268799 31.5949897766113 31.5945510864258 31.592809677124 31.5983409881592 31.6022434234619 31.6190509796143 31.6277980804443 31.6337032318115 31.6519832611084 31.6673793792725 31.6781845092773 31.7045192718506 31.7157917022705 31.7217674255371 31.7346019744873 31.7390727996826 31.7406845092773 31.7451648712158 31.74880027771 31.7508659362793 31.75465965271 31.7549724578857 31.7520580291748 31.7599582672119 31.7687568664551 31.7686901092529 31.7704010009766 31.7664794921875 31.7663269042969
31.5287494659424 31.5344390869141 31.5355319976807 31.538854598999 31.5366306304932 31.5482959747314 31.5533752441406 31.5594463348389 31.5704383850098 31.5774803161621 31.5846977233887 31.5721206665039 31.5657730102539 31.562406539917 31.5490550994873 31.5575904846191 31.5514163970947 31.5602779388428 31.5676765441895 31.5845737457275 31.5911636352539 31.5985164642334 31.6107654571533 31.6014938354492 31.6018447875977 31.6031131744385 31.5936317443848 31.5993766784668 31.5963973999023 31.5974159240723 31.5989093780518 31.6019039154053 31.614164352417 31.6197338104248 31.6332340240479 31.6447830200195 31.6521320343018 31.6729068756104 31.6871757507324 31.7005233764648 31.7258853912354 31.7256336212158 31.7314281463623 31.7462387084961 31.7386455535889 31.742359161377 31.7587661743164 31.7509593963623 31.7533321380615 31.7566890716553 31.7529811859131 31.7536773681641 31.7546119689941 31.7617282867432 31.7660217285156 31.7844390869141 31.7564868927002
31.5303630828857 31.5379276275635 31.538969039917 31.5431690216064 31.5443305969238 31.5475196838379 31.5524196624756 31.5579929351807 31.5673770904541 31.5748119354248 31.5740032196045 31.5707778930664 31.5650634765625 31.5658206939697 31.5611801147461 31.5553646087646 31.5555572509766 31.5597343444824 31.5645904541016 31.575101852417 31.5849075317383 31.5912761688232 31.5949115753174 31.5937576293945 31.5993385314941 31.6001968383789 31.5989875793457 31.594310760498 31.5942897796631 31.6026039123535 31.603982925415 31.6083450317383 31.611307144165 31.6238994598389 31.6312942504883 31.6401195526123 31.6564083099365 31.675802230835 31.6826477050781 31.7041282653809 31.7096691131592 31.7176074981689 31.7304782867432 31.7339630126953 31.7358016967773 31.7404937744141 31.7446823120117 31.743745803833 31.7423992156982 31.7424697875977 31.7382850646973 31.7401142120361 31.7478561401367 31.7548542022705 31.7639751434326 31.7620239257812 31.7479915618896
31.5414276123047 31.541748046875 31.5400886535645 31.5432720184326 31.540075302124 31.5420074462891 31.5479564666748 31.5510158538818 31.5562534332275 31.5640907287598 31.5686435699463 31.5676956176758 31.5701141357422 31.5667057037354 31.563627243042 31.5527877807617 31.5514850616455 31.5528545379639 31.5580711364746 31.5634517669678 31.5712928771973 31.5826377868652 31.5863780975342 31.589017868042 31.598705291748 31.5979785919189 31.5981407165527 31.5928287506104 31.59255027771 31.5958385467529 31.602954864502 31.6071834564209 31.6114025115967 31.6221408843994 31.6328811645508 31.638240814209 31.6486701965332 31.6597175598145 31.669563293457 31.6943912506104 31.7004013061523 31.7039070129395 31.7162952423096 31.7203979492188 31.7235622406006 31.7270469665527 31.7294483184814 31.7301445007324 31.7251682281494 31.728816986084 31.7222461700439 31.7211322784424 31.7252140045166 31.7259120941162 31.7431106567383 31.7438697814941 31.7417316436768
31.5431995391846 31.547924041748 31.5475025177002 31.5437049865723 31.5304927825928 31.5412769317627 31.5450744628906 31.5380268096924 31.5533828735352 31.5603199005127 31.5741748809814 31.5664024353027 31.5700378417969 31.5697288513184 31.5607204437256 31.5529708862305 31.5421581268311 31.5477905273438 31.5532512664795 31.5469303131104 31.5645389556885 31.5767879486084 31.5835266113281 31.5852394104004 31.588680267334 31.5969581604004 31.5965042114258 31.5906581878662 31.5781307220459 31.5906829833984 31.5987606048584 31.6053791046143 31.6083126068115 31.6218929290771 31.6363830566406 31.6361618041992 31.6466541290283 31.6647453308105 31.6656055450439 31.6813373565674 31.6995315551758 31.6926574707031 31.6989574432373 31.7166557312012 31.7045345306396 31.7207202911377 31.7291622161865 31.7226867675781 31.7213726043701 31.7286415100098 31.7173652648926 31.7096786499023 31.6933155059814 31.713191986084 31.7349834442139 31.7560729980469 31.7412948608398
31.5509052276611 31.551212310791 31.5516910552979 31.5486946105957 31.5427761077881 31.5434970855713 31.5406951904297 31.5455799102783 31.5527973175049 31.5606918334961 31.5658187866211 31.5661849975586 31.5700416564941 31.5676860809326 31.564582824707 31.5507640838623 31.5488662719727 31.5507221221924 31.5515651702881 31.5546169281006 31.5609073638916 31.5744743347168 31.5838508605957 31.5862979888916 31.5890064239502 31.5987510681152 31.5944137573242 31.5892715454102 31.5886764526367 31.5893936157227 31.5863456726074 31.5896053314209 31.6023178100586 31.6175327301025 31.6212940216064 31.6274490356445 31.6433601379395 31.6474533081055 31.6588268280029 31.6659889221191 31.6791019439697 31.6836166381836 31.6857681274414 31.6896915435791 31.6948719024658 31.695499420166 31.6907863616943 31.6885719299316 31.6930198669434 31.6903743743896 31.6856269836426 31.6821365356445 31.692253112793 31.694486618042 31.7054710388184 31.7107315063477 31.727970123291
31.5567264556885 31.5553150177002 31.5549278259277 31.5526237487793 31.551700592041 31.5421772003174 31.541711807251 31.5415458679199 31.5480365753174 31.5562496185303 31.5586242675781 31.5604076385498 31.5589199066162 31.5647449493408 31.5647201538086 31.5507755279541 31.5480098724365 31.5478210449219 31.5444869995117 31.5483322143555 31.5560398101807 31.5765838623047 31.5829429626465 31.58909034729 31.5996704101562 31.5993728637695 31.5976409912109 31.5943450927734 31.5912399291992 31.5846080780029 31.5843696594238 31.5848560333252 31.589822769165 31.6068706512451 31.6126022338867 31.6137237548828 31.6284027099609 31.6351432800293 31.6373500823975 31.6466102600098 31.6606712341309 31.6581649780273 31.6648406982422 31.666898727417 31.671443939209 31.6743450164795 31.6732959747314 31.6727313995361 31.6733016967773 31.6719055175781 31.6683921813965 31.661449432373 31.6610622406006 31.6472434997559 31.6515827178955 31.6614875793457 31.6659679412842
31.5600090026855 31.5685005187988 31.5608367919922 31.5588760375977 31.5519599914551 31.5479907989502 31.5410747528076 31.5350074768066 31.5472278594971 31.5548706054688 31.5624027252197 31.5583076477051 31.5586490631104 31.5658931732178 31.5597972869873 31.5575180053711 31.5446186065674 31.5442657470703 31.5421028137207 31.5294666290283 31.554349899292 31.5733757019043 31.5790824890137 31.5926380157471 31.5985641479492 31.6084022521973 31.5943717956543 31.5912342071533 31.570011138916 31.5834674835205 31.5823974609375 31.5701885223389 31.5864906311035 31.5954990386963 31.5973434448242 31.6086082458496 31.6168003082275 31.6281204223633 31.6247711181641 31.6367874145508 31.6401844024658 31.6422481536865 31.6524448394775 31.6612529754639 31.6605796813965 31.6610469818115 31.6657257080078 31.6626930236816 31.6641635894775 31.6687316894531 31.6512908935547 31.6438426971436 31.6390781402588 31.6395950317383 31.6380996704102 31.6372814178467 31.6524429321289
31.561279296875 31.5677852630615 31.5666065216064 31.5657978057861 31.5633335113525 31.5615997314453 31.5609531402588 31.5613403320312 31.5648155212402 31.5620040893555 31.5650672912598 31.5670909881592 31.5651397705078 31.5598812103271 31.5593585968018 31.5516128540039 31.5486755371094 31.5439147949219 31.543888092041 31.5446891784668 31.5508899688721 31.5721111297607 31.5825576782227 31.5882663726807 31.5973415374756 31.5990505218506 31.5963268280029 31.5882606506348 31.5853748321533 31.5909156799316 31.5847816467285 31.5844478607178 31.5893115997314 31.582820892334 31.5869884490967 31.5955600738525 31.6003513336182 31.6030712127686 31.6106739044189 31.6095676422119 31.614839553833 31.6220073699951 31.629711151123 31.633451461792 31.6401348114014 31.6406898498535 31.6401653289795 31.6380615234375 31.6376266479492 31.6324882507324 31.6271533966064 31.6186561584473 31.6155529022217 31.6207046508789 31.6247978210449 31.6232852935791 31.6293125152588
31.5608406066895 31.5627326965332 31.565013885498 31.5656776428223 31.5669059753418 31.5644435882568 31.5627899169922 31.560791015625 31.5654678344727 31.5635585784912 31.5564651489258 31.5568733215332 31.558349609375 31.5541114807129 31.5533218383789 31.5469055175781 31.5473403930664 31.5467643737793 31.5453052520752 31.55224609375 31.5545063018799 31.5842666625977 31.5958480834961 31.6014499664307 31.6097812652588 31.6122074127197 31.6097545623779 31.6015205383301 31.5988674163818 31.5999984741211 31.5921878814697 31.5918884277344 31.5881805419922 31.5872917175293 31.5851211547852 31.5862979888916 31.5902709960938 31.5830745697021 31.5835189819336 31.5816345214844 31.5835838317871 31.5854263305664 31.5977764129639 31.6035423278809 31.5994415283203 31.6052570343018 31.616491317749 31.6164646148682 31.6118202209473 31.6103477478027 31.6076335906982 31.5969676971436 31.5926532745361 31.5916976928711 31.5984210968018 31.5948867797852 31.5818862915039
