G_variables/Set1/RCP4_2050/Sur_tem_min.asc
NCOLS 229 
NROWS 147 
XLLCORNER -101.25 
YLLCORNER 14.3333333333333 
CELLSIZE 0.0833333333333333 
NODATA_value -9999 
[rows 26 to 51 of 147, columns 57 to 113 of 229]
-9999 -9999 -9999 -9999 -9999 -9999 -9999 -9999 -9999 -9999 -9999 -9999 -9999 -9999 -9999 -9999 -9999 -9999 -9999 -9999 -9999 -9999 -9999 -9999 -9999 -9999 -9999 -9999 -9999 22.696418762207 22.697660446167 22.7006912231445 22.6921806335449 22.6838035583496 22.6566028594971 22.6836795806885 22.6762599945068 22.6776866912842 22.7044658660889 22.7303142547607 22.7855014801025 22.7136001586914 22.6914386749268 22.6817264556885 22.6093597412109 22.5648899078369 22.506139755249 22.4641380310059 22.4343566894531 22.3743076324463 22.3601589202881 22.3417167663574 22.3095684051514 22.2883281707764 22.2742519378662 22.249626159668 22.2312488555908
-9999 -9999 -9999 -9999 -9999 -9999 -9999 -9999 -9999 -9999 -9999 -9999 -9999 -9999 -9999 -9999 -9999 -9999 -9999 -9999 -9999 -9999 -9999 -9999 -9999 -9999 -9999 -9999 22.700159072876 22.7065925598145 22.7116947174072 22.7092456817627 22.7029552459717 22.70188331604 22.6939258575439 22.6863708496094 22.700834274292 22.7042560577393 22.7177238464355 22.7384395599365 22.7417125701904 22.7296848297119 22.6839199066162 22.6717548370361 22.6443634033203 22.5479297637939 22.5144443511963 22.499641418457 22.4216594696045 22.4030437469482 22.3906307220459 22.3336238861084 22.3200645446777 22.3159427642822 22.2786636352539 22.2663669586182 22.2543869018555
-9999 -9999 -9999 -9999 -9999 -9999 -9999 -9999 -9999 -9999 -9999 -9999 -9999 -9999 -9999 -9999 -9999 -9999 -9999 -9999 -9999 -9999 -9999 -9999 -9999 -9999 -9999 -9999 22.7219161987305 22.725133895874 22.7290134429932 22.7307472229004 22.7286338806152 22.7265357971191 22.7264022827148 22.7295475006104 22.7369918823242 22.7389392852783 22.7554187774658 22.7638721466064 22.7566528320312 22.7283935546875 22.6937446594238 22.6651802062988 22.6461601257324 22.5887584686279 22.5441131591797 22.5135116577148 22.458459854126 22.4344520568848 22.4000034332275 22.3691539764404 22.3573436737061 22.3377876281738 22.3137683868408 22.2955799102783 22.2736034393311
-9999 -9999 -9999 -9999 -9999 -9999 -9999 -9999 -9999 -9999 -9999 -9999 -9999 -9999 -9999 -9999 -9999 -9999 -9999 -9999 -9999 -9999 -9999 -9999 -9999 -9999 -9999 22.7170867919922 22.7506275177002 22.7394256591797 22.7404766082764 22.7502517700195 22.7347984313965 22.7302570343018 22.7231121063232 22.7393951416016 22.7534465789795 22.776834487915 22.7669277191162 22.7763538360596 22.8412342071533 22.7231693267822 22.6942119598389 22.7098751068115 22.6376724243164 22.6064796447754 22.5623512268066 22.5225639343262 22.4797630310059 22.4344234466553 22.396671295166 22.3846969604492 22.3710517883301 22.3481483459473 22.3338794708252 22.3062438964844 22.2783889770508
-9999 -9999 -9999 -9999 -9999 -9999 -9999 -9999 -9999 -9999 -9999 -9999 -9999 -9999 -9999 -9999 -9999 -9999 -9999 -9999 -9999 -9999 -9999 -9999 -9999 -9999 -9999 22.7437744140625 22.749418258667 22.7523212432861 22.7641277313232 22.760326385498 22.7539615631104 22.7554092407227 22.7528667449951 22.75390625 22.7772235870361 22.7803859710693 22.7939910888672 22.7877159118652 22.7836647033691 22.7392635345459 22.7014904022217 22.6862602233887 22.6488952636719 22.6021213531494 22.5719242095947 22.528507232666 22.4675598144531 22.4414234161377 22.4164524078369 22.3781299591064 22.3623371124268 22.3474445343018 22.3240852355957 22.3050365447998 22.2850666046143
22.6642379760742 22.6772155761719 22.6826858520508 22.7397556304932 -9999 -9999 -9999 -9999 -9999 -9999 -9999 -9999 -9999 -9999 -9999 -9999 -9999 -9999 -9999 -9999 -9999 -9999 -9999 -9999 -9999 -9999 22.7721366882324 22.7744636535645 22.7783889770508 22.7839851379395 22.7920627593994 22.7969207763672 22.7935638427734 22.7984046936035 22.8010311126709 22.8003902435303 22.8233947753906 22.8230934143066 22.8183784484863 22.8100757598877 22.803897857666 22.7766494750977 22.7216606140137 22.6940593719482 22.6811866760254 22.603328704834 22.5881538391113 22.5634574890137 22.4796905517578 22.4707489013672 22.4583415985107 22.4003887176514 22.3956661224365 22.3770446777344 22.3373317718506 22.3270626068115 22.3123035430908
22.6805572509766 22.7795391082764 22.7265491485596 22.7224140167236 22.7441062927246 22.7541618347168 22.7490158081055 22.7182540893555 22.7599658966064 -9999 -9999 -9999 -9999 -9999 -9999 -9999 -9999 -9999 -9999 -9999 -9999 -9999 -9999 -9999 -9999 -9999 22.7857646942139 22.7996520996094 22.7955627441406 22.7990989685059 22.8015804290771 22.8029613494873 22.8193302154541 22.8097515106201 22.819860458374 22.8189334869385 22.8238220214844 22.8193454742432 22.8225002288818 22.819803237915 22.8361167907715 22.7716178894043 22.7445850372314 22.7116222381592 22.6565608978271 22.6327419281006 22.56764793396 22.5439128875732 22.5066986083984 22.4610195159912 22.4393043518066 22.4264736175537 22.3985595703125 22.3666324615479 22.3479976654053 22.3138370513916 22.3080768585205
22.7138671875 22.7088794708252 22.7306308746338 22.7477741241455 22.7466945648193 22.7547836303711 22.764009475708 22.7623271942139 22.7644367218018 22.7725696563721 22.7691555023193 22.7687091827393 22.7799739837646 -9999 -9999 -9999 -9999 -9999 -9999 -9999 -9999 -9999 -9999 -9999 -9999 22.7800140380859 22.7915744781494 22.8135433197021 22.8171939849854 22.8206462860107 22.8288269042969 22.8303146362305 22.8273773193359 22.8381900787354 22.8268775939941 22.8182411193848 22.8246231079102 22.8313884735107 22.8314971923828 22.8074054718018 22.8021564483643 22.7863750457764 22.7191219329834 22.7037601470947 22.6824245452881 22.6085777282715 22.5830039978027 22.5719013214111 22.4913291931152 22.4687557220459 22.4573078155518 22.4118499755859 22.3954811096191 22.3880748748779 22.3396472930908 22.3313293457031 22.3185882568359
22.7953643798828 22.786153793335 22.7720508575439 22.7872543334961 22.7896881103516 22.7876243591309 22.8003368377686 22.8050231933594 22.8056507110596 22.8081588745117 22.8092594146729 22.8031635284424 22.8094825744629 22.8059005737305 22.8001251220703 22.7890186309814 22.7731151580811 22.7694034576416 -9999 -9999 -9999 -9999 -9999 -9999 -9999 22.81418800354 22.8215789794922 22.8444690704346 22.8530731201172 22.8563690185547 22.8655738830566 22.8686218261719 22.8706169128418 22.8748474121094 22.8766956329346 22.8544025421143 22.8585319519043 22.8392333984375 22.8325042724609 22.8014392852783 22.7931270599365 22.7733535766602 22.7146835327148 22.6938667297363 22.6798667907715 22.6196002960205 22.6064682006836 22.59299659729 22.5117053985596 22.4834480285645 22.4650821685791 22.4121685028076 22.4024868011475 22.3958301544189 22.350004196167 22.3414840698242 22.3318042755127
22.8086318969727 22.8057250976562 22.8017749786377 22.7996635437012 22.7888469696045 22.7996234893799 22.8131237030029 22.8191261291504 22.8243846893311 22.823371887207 22.8515872955322 22.8337497711182 22.8204345703125 22.819637298584 22.8115577697754 22.7998485565186 22.7569770812988 22.7795238494873 22.7903423309326 22.7730903625488 22.7983589172363 22.8067092895508 22.8087882995605 -9999 -9999 22.8345031738281 22.8445167541504 22.853931427002 22.8731155395508 22.8822002410889 22.8762760162354 22.8883647918701 22.8808441162109 22.8873195648193 22.915454864502 22.8920669555664 22.8863086700439 22.8987236022949 22.8501815795898 22.8308563232422 22.8192100524902 22.7777919769287 22.7379875183105 22.7022132873535 22.6632289886475 22.6389083862305 22.6059093475342 22.5699844360352 22.541524887085 22.4885063171387 22.451114654541 22.4310550689697 22.387659072876 22.3708744049072 22.3610725402832 22.3238620758057 22.3268432617188
22.8181228637695 22.8237152099609 22.8204517364502 22.8057231903076 22.80495262146 22.80299949646 22.8280372619629 22.8306484222412 22.8321170806885 22.836799621582 22.8463973999023 22.8456630706787 22.8342208862305 22.8296642303467 22.8242683410645 22.8062191009521 22.7950572967529 22.7943134307861 22.8005847930908 22.8010921478271 22.807165145874 22.8210105895996 22.8239059448242 22.8325004577637 22.8322143554688 22.8400363922119 22.8433399200439 22.8663749694824 22.8703422546387 22.8771476745605 22.8837985992432 22.8791236877441 22.884952545166 22.8926887512207 22.9029636383057 22.8962211608887 22.8820343017578 22.8745346069336 22.8591861724854 22.8086204528809 22.7976531982422 22.7861328125 22.7183399200439 22.6890163421631 22.6774196624756 22.6204681396484 22.5924205780029 22.5834083557129 22.5233211517334 22.5154323577881 22.477596282959 22.419361114502 22.4101409912109 22.3929862976074 22.3614521026611 22.3548679351807 22.3423290252686
22.870044708252 22.8555564880371 22.8539752960205 22.8520755767822 22.8451080322266 22.8481216430664 22.8659019470215 22.867733001709 22.8739318847656 22.8913803100586 22.8841285705566 22.8800354003906 22.8702774047852 22.8640365600586 22.8559818267822 22.845890045166 22.8487281799316 22.8421115875244 22.8382015228271 22.8361701965332 22.8387660980225 22.8462734222412 22.8521480560303 22.8621559143066 22.8604984283447 22.868766784668 22.8824481964111 22.8966693878174 22.9002704620361 22.9103717803955 22.923942565918 22.9243144989014 22.9122848510742 22.9262580871582 22.9223728179932 22.9063148498535 22.887321472168 22.8684577941895 22.8541088104248 22.7987403869629 22.7829074859619 22.7711238861084 22.7242488861084 22.7157440185547 22.6838207244873 22.6306114196777 22.6185665130615 22.6034660339355 22.5426349639893 22.5219764709473 22.515251159668 22.4431266784668 22.4385738372803 22.4262790679932 22.385591506958 22.3712406158447 22.3677768707275
22.8854007720947 22.8408451080322 22.8646430969238 22.8662223815918 22.8465843200684 22.8629207611084 22.8693962097168 22.8849067687988 22.879487991333 22.8946762084961 22.9070472717285 22.8985404968262 22.8815212249756 22.8775157928467 22.8649635314941 22.8727703094482 22.8745937347412 22.8512306213379 22.8476047515869 22.8541946411133 22.8534450531006 22.8471412658691 22.8539524078369 22.8706321716309 22.8679141998291 22.8851413726807 22.902042388916 22.9018535614014 22.9125862121582 22.9304218292236 22.9377841949463 22.9432964324951 22.9351863861084 22.9299564361572 22.9478931427002 22.9040260314941 22.8872699737549 22.8697681427002 22.8375148773193 22.8056316375732 22.7623558044434 22.7483043670654 22.7358837127686 22.7175045013428 22.6846904754639 22.6490993499756 22.6316471099854 22.5876884460449 22.5678596496582 22.5275402069092 22.5053119659424 22.4745712280273 22.4243869781494 22.4278793334961 22.4143543243408 22.3696365356445 22.3725471496582
22.8953495025635 22.8824882507324 22.8785076141357 22.8813419342041 22.8753223419189 22.876953125 22.8855743408203 22.8819198608398 22.883279800415 22.9024925231934 22.9017639160156 22.9013214111328 22.8933410644531 22.8763561248779 22.8712692260742 22.8735809326172 22.8613700866699 22.8477935791016 22.8396492004395 22.8487358093262 22.8467903137207 22.8508243560791 22.862850189209 22.8690509796143 22.8773155212402 22.8875999450684 22.9020366668701 22.9213275909424 22.930248260498 22.9506587982178 22.963207244873 22.9519481658936 22.9432201385498 22.9255199432373 22.915111541748 22.9046669006348 22.8625812530518 22.8429908752441 22.8273124694824 22.7833709716797 22.7679557800293 22.7445030212402 22.7125015258789 22.7100257873535 22.6904048919678 22.6334781646729 22.6119632720947 22.6048164367676 22.5536251068115 22.5459156036377 22.5256977081299 22.471321105957 22.457612991333 22.4617004394531 22.4285182952881 22.4053993225098 22.3941307067871
22.9397220611572 22.9320602416992 22.9307975769043 22.9241027832031 22.9224433898926 22.9261112213135 22.9295978546143 22.9085731506348 22.8994522094727 22.9045391082764 22.9201889038086 22.9186859130859 22.9134006500244 22.9028720855713 22.9122467041016 22.8998908996582 22.8814182281494 22.8572731018066 22.848331451416 22.8583641052246 22.8676166534424 22.8775215148926 22.8801193237305 22.8884925842285 22.8972511291504 22.9090042114258 22.9162330627441 22.9498176574707 22.9714069366455 23.007194519043 23.0181846618652 22.981517791748 22.9576282501221 22.9333267211914 22.9089889526367 22.8872127532959 22.8501567840576 22.8313484191895 22.8164920806885 22.7744884490967 22.7575168609619 22.7395286560059 22.7100315093994 22.7085666656494 22.7085151672363 22.6719093322754 22.6468830108643 22.6332263946533 22.5838947296143 22.575101852417 22.5546493530273 22.5116806030273 22.5142307281494 22.5313911437988 22.5003185272217 22.4655055999756 22.4550628662109
22.9526958465576 22.9474334716797 22.9457855224609 22.9346942901611 22.9345874786377 22.9381141662598 22.932653427124 22.9213829040527 22.9025726318359 22.9078369140625 22.9210796356201 22.9149799346924 22.9342594146729 22.9360504150391 22.9160270690918 22.9067935943604 22.8974590301514 22.8726234436035 22.8660297393799 22.8686923980713 22.8759880065918 22.8837089538574 22.8825817108154 22.8949432373047 22.897087097168 22.9195594787598 22.9296569824219 22.9519233703613 22.9834175109863 23.0024547576904 23.0055637359619 22.999927520752 22.9582557678223 22.9355087280273 22.91428565979 22.8857383728027 22.8529491424561 22.8163375854492 22.8021640777588 22.7824935913086 22.7417106628418 22.7342853546143 22.727071762085 22.7162551879883 22.6998996734619 22.690242767334 22.6701412200928 22.6385688781738 22.6040058135986 22.5650901794434 22.5417556762695 22.5367755889893 22.5289840698242 22.523021697998 22.5131969451904 22.4748954772949 22.4590930938721
22.9661808013916 22.962833404541 22.9618701934814 22.9484062194824 22.9510860443115 22.9477100372314 22.9343318939209 22.929479598999 22.9217567443848 22.9196796417236 22.9208374023438 22.9200839996338 22.9372043609619 22.9309978485107 22.9240303039551 22.9156303405762 22.8933238983154 22.8844032287598 22.8727340698242 22.8764743804932 22.8804950714111 22.8800811767578 22.8874454498291 22.8927593231201 22.9071598052979 22.9219589233398 22.9345741271973 22.9538383483887 22.9718227386475 22.9742870330811 22.9765701293945 22.9670276641846 22.95583152771 22.9309940338135 22.9086227416992 22.89137840271 22.8466300964355 22.8321762084961 22.810791015625 22.7837505340576 22.7634696960449 22.7532386779785 22.7312335968018 22.7180442810059 22.7144641876221 22.6779327392578 22.6743221282959 22.6532707214355 22.5989284515381 22.5897197723389 22.5711765289307 22.5335903167725 22.5338764190674 22.5215034484863 22.4942665100098 22.4849071502686 22.4716091156006
23.0084552764893 23.0101165771484 23.007604598999 23.0027484893799 22.9896144866943 22.9818801879883 22.9648818969727 22.9561500549316 22.9438800811768 22.9386291503906 22.931921005249 22.9293251037598 22.9473648071289 22.9377918243408 22.9353828430176 22.9295959472656 22.9111042022705 22.9057903289795 22.8974552154541 22.8937969207764 22.8994007110596 22.8972053527832 22.9062633514404 22.9146118164062 22.9260711669922 22.9357872009277 22.9561042785645 22.9735279083252 22.9801979064941 22.9851531982422 22.9861106872559 22.969165802002 22.9571228027344 22.932897567749 22.9176731109619 22.9033546447754 22.8604602813721 22.8467540740967 22.8365116119385 22.8145122528076 22.8017749786377 22.794677734375 22.7719841003418 22.7611103057861 22.7540302276611 22.7164840698242 22.7114238739014 22.6979846954346 22.6446914672852 22.6242389678955 22.6234760284424 22.5834579467773 22.5808982849121 22.5659255981445 22.5401153564453 22.5365428924561 22.533670425415
23.0252590179443 23.0442638397217 23.0198631286621 23.0174198150635 23.0283889770508 22.9902801513672 22.9688816070557 22.9518623352051 22.9438152313232 22.9335651397705 22.9146862030029 22.9295291900635 22.94602394104 22.9438381195068 22.9290103912354 22.9266929626465 22.9162464141846 22.9036865234375 22.8910713195801 22.8755798339844 22.8899574279785 22.8930644989014 22.889310836792 22.9226016998291 22.9226512908936 22.9275035858154 22.9697761535645 22.9852542877197 22.9995136260986 22.9986991882324 22.9951953887939 22.9895076751709 22.9640846252441 22.9435329437256 22.8896560668945 22.8937492370605 22.8670806884766 22.8217124938965 22.8297557830811 22.8212242126465 22.8007659912109 22.7947978973389 22.7844524383545 22.7597579956055 22.7519931793213 22.739725112915 22.7006053924561 22.6893367767334 22.6572799682617 22.6191425323486 22.6073780059814 22.5984878540039 22.5770092010498 22.5584049224854 22.5575981140137 22.5487480163574 22.5447292327881
23.0269870758057 23.028434753418 23.0267276763916 23.0136528015137 23.0122909545898 23.0041980743408 22.9699840545654 22.9628143310547 22.9556465148926 22.9322700500488 22.9273853302002 22.9399642944336 22.9449825286865 22.9360179901123 22.9348602294922 22.9317836761475 22.9155502319336 22.9111480712891 22.9006462097168 22.8961181640625 22.8969955444336 22.9075756072998 22.9113178253174 22.9258213043213 22.9416465759277 22.9606075286865 22.9735546112061 22.9956798553467 23.0051422119141 23.0071659088135 23.0063381195068 22.9891204833984 22.9788951873779 22.9541893005371 22.9411239624023 22.9135036468506 22.8793411254883 22.8548755645752 22.848560333252 22.8302726745605 22.8201427459717 22.8144416809082 22.7954216003418 22.7866630554199 22.7767429351807 22.7461090087891 22.7307472229004 22.7138824462891 22.6615924835205 22.6322154998779 22.6268157958984 22.5994529724121 22.5932140350342 22.5816059112549 22.5678424835205 22.5605049133301 22.5599632263184
23.039644241333 23.0391292572021 23.0339431762695 23.0285739898682 23.0263614654541 23.0209369659424 23.0004711151123 22.9927921295166 22.9786548614502 22.9543056488037 22.9469566345215 22.9380340576172 22.9509506225586 22.9420757293701 22.9385204315186 22.9358577728271 22.9188137054443 22.9232044219971 22.9334239959717 22.9339351654053 22.9451427459717 22.9577732086182 22.9613552093506 22.9783687591553 22.9910717010498 23.0040378570557 23.0145530700684 23.0357723236084 23.040340423584 23.0411052703857 23.0450649261475 23.0274505615234 23.0199165344238 23.0002136230469 22.9896335601807 22.9769725799561 22.940315246582 22.9278926849365 22.9183216094971 22.9006519317627 22.8966159820557 22.888599395752 22.8533401489258 22.8441524505615 22.8380184173584 22.8082256317139 22.7944965362549 22.7840557098389 22.7207813262939 22.7137031555176 22.7025699615479 22.6718692779541 22.6633739471436 22.6533718109131 22.6318778991699 22.6285667419434 22.6289443969727
23.0437984466553 23.0215148925781 23.0344161987305 23.0354194641113 23.0307064056396 23.0210990905762 23.0125865936279 22.9953269958496 22.9804267883301 22.9661750793457 22.9337825775146 22.9497089385986 22.9581832885742 22.9438552856445 22.9422206878662 22.9249382019043 22.9087505340576 22.9249134063721 22.9422855377197 22.9321575164795 22.9589881896973 22.966064453125 22.9564151763916 22.9943885803223 23.0014533996582 23.0061435699463 23.0378246307373 23.0488414764404 23.0554599761963 23.0590934753418 23.0580558776855 23.0278778076172 23.0300712585449 23.0151233673096 23.0069732666016 22.9775791168213 22.966646194458 22.9359264373779 22.9305744171143 22.9243354797363 22.9226264953613 22.8916645050049 22.8642635345459 22.8614101409912 22.8446006774902 22.8350582122803 22.8126373291016 22.7997379302979 22.7686443328857 22.7266578674316 22.7137985229492 22.6985015869141 22.6631832122803 22.6671123504639 22.6588478088379 22.6272125244141 22.6464195251465
23.0491981506348 23.0486660003662 23.0518646240234 23.0505313873291 23.0497341156006 23.0297794342041 23.0159873962402 23.0111541748047 23.0010471343994 22.97580909729 22.9754238128662 22.971019744873 22.9664478302002 22.9623374938965 22.9655933380127 22.9406490325928 22.9357070922852 22.9548721313477 22.9679355621338 22.9693164825439 22.9731769561768 23.0009365081787 23.0037937164307 23.0127506256104 23.037784576416 23.0532283782959 23.0617446899414 23.0823669433594 23.0870704650879 23.0819606781006 23.082426071167 23.0700645446777 23.0509300231934 23.035285949707 23.0199337005615 22.9983253479004 22.9860973358154 22.9711666107178 22.9454174041748 22.9288063049316 22.9170207977295 22.9098529815674 22.8958053588867 22.867395401001 22.8707542419434 22.8506774902344 22.8351230621338 22.8298301696777 22.781774520874 22.7664623260498 22.7399787902832 22.7054176330566 22.699426651001 22.6951770782471 22.6735191345215 22.6619491577148 22.6635818481445
23.0942344665527 23.0687694549561 23.0709762573242 23.0709362030029 23.0714111328125 23.0693778991699 23.0572834014893 23.0485382080078 23.0332260131836 23.0299530029297 23.0182857513428 23.0140609741211 23.0070114135742 23.0014038085938 23.0040397644043 23.0067291259766 22.9990749359131 23.0073566436768 23.0234909057617 23.0343799591064 23.0407333374023 23.0659999847412 23.0792236328125 23.0827808380127 23.1096172332764 23.1242141723633 23.1300754547119 23.1450691223145 23.1531791687012 23.1579875946045 23.151439666748 23.1232509613037 23.1119785308838 23.0983333587646 23.0854015350342 23.0666637420654 23.0522937774658 23.0347003936768 23.0215892791748 22.9932518005371 22.9803295135498 22.9694671630859 22.9567070007324 22.9540023803711 22.9543113708496 22.9317111968994 22.9229736328125 22.909158706665 22.8638000488281 22.8580112457275 22.8481502532959 22.791618347168 22.7842140197754 22.7790050506592 22.7638492584229 22.7625999450684 22.7604179382324
23.0944271087646 23.0862464904785 23.0837726593018 23.087984085083 23.0914669036865 23.0872459411621 23.0831356048584 23.0762596130371 23.044454574585 23.0316829681396 23.0347919464111 23.0242252349854 23.0237293243408 22.9949245452881 23.0281162261963 23.0239181518555 23.0045356750488 23.031909942627 23.0409183502197 23.0458564758301 23.071475982666 23.0860996246338 23.1016635894775 23.1074104309082 23.1198406219482 23.1700325012207 23.149585723877 23.1618041992188 23.1974010467529 23.1959762573242 23.1807460784912 23.1488018035889 23.1354351043701 23.1205673217773 23.1196613311768 23.0847358703613 23.0682067871094 23.0391311645508 23.0106658935547 22.9938144683838 22.9907722473145 22.9652729034424 22.9581699371338 22.9607582092285 22.9608287811279 22.9624881744385 22.9439811706543 22.9198036193848 22.8957862854004 22.8911876678467 22.8413543701172 22.8250598907471 22.791597366333 22.8012523651123 22.7970752716064 22.779125213623 22.7863101959229
23.1091251373291 23.1097793579102 23.1127414703369 23.1050987243652 23.1111888885498 23.1175746917725 23.1070575714111 23.0922355651855 23.0750408172607 23.0429058074951 23.0524806976318 23.0470581054688 23.034797668457 23.0312919616699 23.0498905181885 23.0500106811523 23.0544548034668 23.0659313201904 23.0793209075928 23.079174041748 23.0865097045898 23.1194438934326 23.1223888397217 23.122034072876 23.1468620300293 23.1646175384521 23.1668090820312 23.1911087036133 23.2159080505371 23.2397346496582 23.2399768829346 23.1930828094482 23.1624774932861 23.1391983032227 23.1237850189209 23.1035461425781 23.0848903656006 23.0653858184814 23.0284271240234 23.0025539398193 22.9793834686279 22.9418144226074 22.935453414917 22.9609413146973 22.9703369140625 22.9610710144043 22.941535949707 22.9395980834961 22.9068393707275 22.8935947418213 22.863489151001 22.8410797119141 22.8336372375488 22.8276653289795 22.8238487243652 22.8200283050537 22.8210849761963
