G_variables/Set1/RCP4_2050/Sur_sal_min.asc
NCOLS 229 
NROWS 147 
XLLCORNER -101.25 
YLLCORNER 14.3333333333333 
CELLSIZE 0.0833333333333333 
NODATA_value -9999 
[rows 104 to 129 of 147, columns 171 to 227 of 229]
35.272891998291 35.2595443725586 35.2543907165527 35.2530479431152 35.2429428100586 35.2415733337402 35.233039855957 35.2198448181152 35.2118377685547 35.2058563232422 35.1952590942383 35.1844215393066 35.1844291687012 35.1878433227539 35.1867599487305 35.1864051818848 35.1800384521484 35.1701278686523 35.1603889465332 35.1608734130859 35.1552543640137 35.1554260253906 35.1591148376465 35.1585006713867 35.1572875976562 35.1568298339844 35.1465148925781 35.1447105407715 35.1411628723145 35.1368446350098 35.1217613220215 35.1188125610352 35.1155891418457 35.1134490966797 35.1049499511719 35.0956420898438 35.0919570922852 35.0713996887207 35.0494956970215 35.0395736694336 35.0008239746094 34.9699630737305 34.9522476196289 34.9299964904785 34.9139518737793 34.9092330932617 34.9045104980469 34.8862991333008 34.8822174072266 34.8776245117188 34.8558654785156 34.8502311706543 34.8305282592773 34.8045959472656 34.7884368896484 34.7751045227051 -9999
35.2785758972168 35.2631607055664 35.260627746582 35.2605056762695 35.2525405883789 35.2516632080078 35.2497482299805 35.2368927001953 35.2207260131836 35.2138328552246 35.1998634338379 35.1890411376953 35.1891174316406 35.1766929626465 35.1747055053711 35.1748504638672 35.1525039672852 35.1514701843262 35.1484336853027 35.1310539245605 35.1279106140137 35.1277656555176 35.1303482055664 35.1415481567383 35.1409492492676 35.1383285522461 35.1339263916016 35.132266998291 35.1295547485352 35.1294441223145 35.1260681152344 35.1272392272949 35.1171493530273 35.1121864318848 35.106616973877 35.1073265075684 35.0982093811035 35.075267791748 35.0665435791016 35.0475959777832 35.0018005371094 34.9770011901855 34.9644813537598 34.933219909668 34.9042320251465 34.8979110717773 34.8865013122559 34.8714447021484 34.8670196533203 34.8583946228027 34.8350028991699 34.824779510498 34.8244857788086 34.8019104003906 34.7818183898926 34.7810401916504 34.7477951049805
35.2765922546387 35.2643775939941 35.2678146362305 35.2635955810547 35.2536735534668 35.2535514831543 35.2562599182129 35.2392387390137 35.2331504821777 35.2164726257324 35.2038269042969 35.1974639892578 35.1827583312988 35.1750335693359 35.1715621948242 35.157054901123 35.1432609558105 35.1373748779297 35.1318702697754 35.1224632263184 35.1123161315918 35.1151809692383 35.1226463317871 35.1230392456055 35.1290550231934 35.1344261169434 35.1283073425293 35.1259841918945 35.1292610168457 35.1250114440918 35.1265182495117 35.1288909912109 35.1255226135254 35.1103553771973 35.1049041748047 35.1072540283203 35.0957260131836 35.0754432678223 35.0629577636719 35.0500373840332 35.0025825500488 34.9764671325684 34.9610176086426 34.9332885742188 34.9143753051758 34.8911781311035 34.8809394836426 34.8651123046875 34.8578147888184 34.8519706726074 34.8229751586914 34.8219337463379 34.8238830566406 34.7958297729492 34.7883224487305 34.7858924865723 34.7637329101562
35.294246673584 35.2787399291992 35.2702140808105 35.2677345275879 35.2516098022461 35.2579650878906 35.258228302002 35.2524032592773 35.2377738952637 35.2314605712891 35.2182273864746 35.1956100463867 35.1824760437012 35.1681137084961 35.1463203430176 35.1399230957031 35.1292152404785 35.1066818237305 35.0993270874023 35.0974769592285 35.0928230285645 35.0945892333984 35.1084861755371 35.1118125915527 35.1059150695801 35.115291595459 35.1186714172363 35.1189384460449 35.1251258850098 35.1199531555176 35.1215171813965 35.1276626586914 35.1204223632812 35.1176795959473 35.1093711853027 35.0936737060547 35.084114074707 35.0682525634766 35.0428619384766 35.0340538024902 35.0089874267578 34.9647064208984 34.955638885498 34.9378662109375 34.9068870544434 34.9005279541016 34.8850784301758 34.8668899536133 34.8542785644531 34.8408889770508 34.828483581543 34.8250007629395 34.8175811767578 34.8042335510254 34.801570892334 34.7905311584473 34.7853889465332
35.2969055175781 35.2846641540527 35.2704658508301 35.2703628540039 35.2570266723633 35.2620658874512 35.2608375549316 35.2537536621094 35.2416687011719 35.2324829101562 35.2091407775879 35.1898078918457 35.1737594604492 35.1441535949707 35.1208877563477 35.1108207702637 35.0937080383301 35.0771408081055 35.06494140625 35.0629920959473 35.0705261230469 35.0725364685059 35.0877990722656 35.1016693115234 35.0973663330078 35.1058044433594 35.1139526367188 35.1155776977539 35.1144638061523 35.1197967529297 35.1138000488281 35.1097679138184 35.1112174987793 35.1110801696777 35.0867118835449 35.0739135742188 35.0622482299805 35.0405426025391 35.0247192382812 35.0054092407227 34.9831237792969 34.9608268737793 34.932071685791 34.9215888977051 34.905403137207 34.8937149047852 34.8892822265625 34.8745765686035 34.8553619384766 34.8582878112793 34.8474426269531 34.8364448547363 34.8465385437012 34.8348197937012 -9999 -9999 -9999
35.3027763366699 35.2889366149902 35.2815361022949 35.270320892334 35.2576675415039 35.2640495300293 35.259105682373 35.2536087036133 35.2407035827637 35.2265739440918 35.2077713012695 35.1871871948242 35.1616477966309 35.1393852233887 35.1111640930176 35.0953788757324 35.0863952636719 35.061767578125 35.0532302856445 35.0562782287598 35.0556755065918 35.0658531188965 35.0842704772949 35.0930328369141 35.0922470092773 35.1044731140137 35.110710144043 35.1091575622559 35.1124610900879 35.1147155761719 35.104793548584 35.1068420410156 35.1042900085449 35.0964736938477 35.0824890136719 35.0638160705566 35.0468330383301 35.0318412780762 35.0032997131348 34.9969787597656 34.9791679382324 34.9474563598633 34.9329414367676 34.9232940673828 34.9035339355469 34.9013824462891 34.8951759338379 34.8806686401367 34.8710289001465 34.8672676086426 34.8567161560059 34.8566703796387 -9999 -9999 -9999 -9999 -9999
35.3164367675781 35.3038482666016 35.2880706787109 35.2823753356934 35.2583770751953 35.2537612915039 35.2560005187988 35.2424507141113 35.2250633239746 35.2149696350098 35.1927604675293 35.1635437011719 35.1522674560547 35.1275749206543 35.0975036621094 35.087028503418 35.0756683349609 35.0512886047363 35.0481071472168 35.0417327880859 35.0486030578613 35.0532341003418 35.0719947814941 35.0848503112793 35.0860023498535 35.0996780395508 35.1025924682617 35.1028938293457 35.1070289611816 35.0948638916016 35.0953598022461 35.093807220459 35.0809173583984 35.0769691467285 35.0637321472168 35.0407333374023 35.0326957702637 35.016731262207 34.9918403625488 34.9854125976562 34.9694404602051 34.9425048828125 34.935131072998 34.9225921630859 34.9111289978027 34.9084510803223 34.9060020446777 34.9019622802734 34.9007034301758 -9999 -9999 -9999 -9999 -9999 -9999 -9999 -9999
35.3321533203125 35.3188209533691 35.2980270385742 35.2900047302246 35.2725257873535 35.2595863342285 35.2584533691406 35.2444801330566 35.2209625244141 35.2066764831543 35.1880874633789 35.1574630737305 35.1374816894531 35.119499206543 35.0902709960938 35.074089050293 35.0689125061035 35.0457878112793 35.0416946411133 35.0423927307129 35.0457305908203 35.0545463562012 35.078800201416 35.0867919921875 35.0934028625488 35.0958557128906 35.0890579223633 35.0923500061035 35.0841293334961 35.0716972351074 35.0731430053711 35.0719528198242 35.0654830932617 35.057933807373 35.0510177612305 35.029468536377 35.0172348022461 35.0093078613281 34.9877510070801 34.973461151123 34.9692039489746 34.9417495727539 34.9325942993164 34.9343452453613 34.9276962280273 34.9213790893555 -9999 -9999 -9999 -9999 -9999 -9999 -9999 -9999 -9999 -9999 -9999
35.3392753601074 35.3262481689453 35.3074607849121 35.2947845458984 35.2809906005859 35.2628784179688 35.2499465942383 35.2489738464355 35.2255058288574 35.2031478881836 35.1866455078125 35.1491317749023 35.1345062255859 35.1199188232422 35.0863342285156 35.0775299072266 35.0691566467285 35.0543899536133 35.0483894348145 35.0485534667969 35.0547981262207 35.0620460510254 35.0844497680664 35.0988235473633 35.0893287658691 35.0902557373047 35.0857620239258 35.0780830383301 35.0794830322266 35.0769996643066 35.0701141357422 35.0678749084473 35.0516929626465 35.0495948791504 35.047794342041 35.0293312072754 35.0234069824219 35.0129127502441 34.9872589111328 34.9788780212402 34.9720077514648 34.9645080566406 34.9541130065918 34.9412841796875 -9999 -9999 -9999 -9999 -9999 -9999 -9999 -9999 -9999 -9999 -9999 -9999 -9999
35.3413124084473 35.3314437866211 35.3170318603516 35.3083381652832 35.2920379638672 35.271053314209 35.2621154785156 35.2347526550293 35.2157897949219 35.2068977355957 35.1721572875977 35.150318145752 35.1416473388672 35.112720489502 35.0949859619141 35.0883903503418 35.0784721374512 35.0763931274414 35.0669250488281 35.0707588195801 35.0781936645508 35.0820121765137 35.0893325805664 35.0916786193848 35.0914268493652 35.0840454101562 35.0814247131348 35.0779685974121 35.0699615478516 35.0653800964355 35.0585823059082 35.0553855895996 35.0444183349609 35.0444412231445 35.0390930175781 35.0350494384766 35.0313987731934 35.0132026672363 34.9998970031738 34.9935340881348 34.9788856506348 -9999 -9999 -9999 -9999 -9999 -9999 -9999 -9999 -9999 -9999 -9999 -9999 -9999 -9999 -9999 -9999
35.3524703979492 35.3353805541992 35.3319244384766 35.3162498474121 35.2985382080078 35.2846527099609 35.274658203125 35.2518920898438 35.2299118041992 35.2143783569336 35.2021522521973 35.1714134216309 35.151554107666 35.1383399963379 35.1153755187988 35.1025886535645 35.0942726135254 35.0899505615234 35.0826148986816 35.0900382995605 35.0970458984375 35.1067352294922 35.1139144897461 35.106014251709 35.1091766357422 35.0772666931152 35.059986114502 35.0546340942383 35.0286521911621 35.0439491271973 35.0322570800781 35.0170021057129 35.0366172790527 35.034252166748 35.0350914001465 35.0565567016602 35.0478553771973 35.035099029541 35.021671295166 -9999 -9999 -9999 -9999 -9999 -9999 -9999 -9999 -9999 -9999 -9999 -9999 -9999 -9999 -9999 -9999 -9999 -9999
35.3519325256348 35.3342437744141 35.3256950378418 35.3189544677734 35.2970161437988 35.2832412719727 35.2790336608887 35.2546272277832 35.2352561950684 35.2277450561523 35.2087936401367 35.1804962158203 35.1678237915039 35.1467361450195 35.1308097839355 35.1116523742676 35.0961265563965 35.0983428955078 35.0982360839844 35.0979995727539 35.1072769165039 35.1085510253906 35.1139640808105 35.1205406188965 35.0973243713379 35.0717697143555 35.0552368164062 35.0277442932129 35.0127601623535 35.0181465148926 35.0162963867188 35.0093040466309 35.0113983154297 35.0323944091797 35.0322113037109 35.0473785400391 -9999 -9999 -9999 -9999 -9999 -9999 -9999 -9999 -9999 -9999 -9999 -9999 -9999 -9999 -9999 -9999 -9999 -9999 -9999 -9999 -9999
35.3189163208008 35.3177070617676 35.3117828369141 35.3056907653809 35.2948532104492 35.2835655212402 35.2797203063965 35.2632064819336 35.2506713867188 35.2449645996094 35.2247886657715 35.2067642211914 35.1951293945312 35.1702461242676 35.1487350463867 35.1393623352051 35.1188011169434 35.1162910461426 35.1149444580078 35.118091583252 35.1155471801758 35.1176910400391 35.116024017334 35.0976753234863 35.087589263916 35.0605010986328 35.0156135559082 35.0044593811035 34.9911308288574 34.969799041748 34.9610786437988 34.973461151123 34.9810256958008 -9999 -9999 -9999 -9999 -9999 -9999 -9999 -9999 -9999 -9999 -9999 -9999 -9999 -9999 -9999 -9999 -9999 -9999 -9999 -9999 -9999 -9999 -9999 -9999
35.3012542724609 35.3002815246582 35.294059753418 35.2870674133301 35.2812271118164 35.2808380126953 35.2700386047363 35.2595024108887 35.2668800354004 35.251766204834 35.231086730957 35.2286949157715 35.2148208618164 35.1842918395996 35.1675262451172 35.1551475524902 35.1253967285156 35.1108741760254 35.1067962646484 35.093578338623 35.1079025268555 35.1127700805664 35.0808486938477 35.0819053649902 35.0673789978027 35.0125961303711 34.9739379882812 34.9491996765137 34.912353515625 34.8930625915527 34.8938102722168 -9999 -9999 -9999 -9999 -9999 -9999 -9999 -9999 -9999 -9999 -9999 -9999 -9999 -9999 -9999 -9999 -9999 -9999 -9999 -9999 -9999 -9999 -9999 -9999 -9999 -9999
35.2849998474121 35.2906913757324 35.2827377319336 35.2762603759766 35.2751388549805 35.2692375183105 35.267520904541 35.2572784423828 35.2615928649902 35.25244140625 35.2330474853516 35.2319946289062 35.223503112793 35.1878089904785 35.1725273132324 35.1575355529785 35.1238594055176 35.1139221191406 35.0886840820312 35.0865020751953 35.0998954772949 35.0816345214844 35.0645866394043 35.0532531738281 35.0436515808105 34.9958190917969 34.9335250854492 34.9152641296387 -9999 -9999 -9999 -9999 -9999 -9999 -9999 -9999 -9999 -9999 -9999 -9999 -9999 -9999 -9999 -9999 -9999 -9999 -9999 -9999 -9999 -9999 -9999 -9999 -9999 -9999 -9999 -9999 -9999
35.2625198364258 35.2712478637695 35.2653656005859 35.2646560668945 35.2613067626953 35.253475189209 35.2533340454102 35.2523727416992 35.2418746948242 35.2397041320801 35.2332954406738 35.2227401733398 35.2167739868164 35.1941795349121 35.1696319580078 35.1574172973633 35.1440505981445 35.1022109985352 35.0913467407227 35.0779266357422 35.0454940795898 35.0316314697266 35.0111198425293 34.9882774353027 34.9690055847168 34.9489593505859 -9999 -9999 -9999 -9999 -9999 -9999 -9999 -9999 -9999 -9999 -9999 -9999 -9999 -9999 -9999 -9999 -9999 -9999 -9999 -9999 -9999 -9999 -9999 -9999 -9999 -9999 -9999 -9999 -9999 -9999 -9999
35.2377166748047 35.2301712036133 35.248233795166 35.2451820373535 35.2423477172852 35.2389755249023 35.2430229187012 35.2426528930664 35.228515625 35.2243614196777 35.219654083252 35.2079086303711 35.1975936889648 35.1753005981445 35.1663513183594 35.143196105957 35.1044692993164 35.0775032043457 35.0653533935547 35.0245018005371 34.9827728271484 34.9711265563965 34.9609603881836 -9999 -9999 -9999 -9999 -9999 -9999 -9999 -9999 -9999 -9999 -9999 -9999 -9999 -9999 -9999 -9999 -9999 -9999 -9999 -9999 -9999 -9999 -9999 -9999 -9999 -9999 -9999 -9999 -9999 -9999 -9999 -9999 -9999 -9999
35.2161865234375 35.2151908874512 35.2161483764648 35.2390441894531 35.2374649047852 35.2295417785645 35.2379302978516 35.2405204772949 35.2206954956055 35.2118301391602 35.215274810791 35.1976699829102 35.1801261901855 35.1677627563477 35.1516494750977 35.1291847229004 35.0970191955566 35.0633087158203 35.0428314208984 35.0136413574219 -9999 -9999 -9999 -9999 -9999 -9999 -9999 -9999 -9999 -9999 -9999 -9999 -9999 -9999 -9999 -9999 -9999 -9999 -9999 -9999 -9999 -9999 -9999 -9999 -9999 -9999 -9999 -9999 -9999 -9999 -9999 -9999 -9999 -9999 -9999 -9999 -9999
35.1180114746094 35.1749382019043 35.1956977844238 35.2024002075195 35.2293090820312 35.2283058166504 35.2339134216309 35.2289962768555 35.2200508117676 35.2093315124512 35.2025680541992 35.1811141967773 35.1735153198242 35.1530075073242 35.1132316589355 35.101375579834 35.0665740966797 35.0342674255371 35.0186996459961 34.9890747070312 -9999 -9999 -9999 -9999 -9999 -9999 -9999 -9999 -9999 -9999 -9999 -9999 -9999 -9999 -9999 -9999 -9999 -9999 -9999 -9999 -9999 -9999 -9999 -9999 -9999 -9999 -9999 -9999 -9999 -9999 -9999 -9999 -9999 -9999 -9999 -9999 -9999
35.0257225036621 35.0841445922852 35.1637115478516 35.1699142456055 35.1935691833496 35.2287254333496 35.2304153442383 35.2194023132324 35.2227363586426 35.2093467712402 35.1952896118164 35.1814422607422 35.172966003418 35.153018951416 35.0988464355469 35.0821800231934 35.0819969177246 35.0359039306641 35.0056457519531 -9999 -9999 -9999 -9999 -9999 -9999 -9999 -9999 -9999 -9999 -9999 -9999 -9999 -9999 -9999 -9999 -9999 -9999 -9999 -9999 -9999 -9999 -9999 -9999 -9999 -9999 -9999 -9999 -9999 -9999 -9999 -9999 -9999 -9999 -9999 -9999 -9999 -9999
34.9797897338867 35.0563850402832 35.1032752990723 35.1522560119629 35.1829452514648 35.2010536193848 35.2157287597656 35.2147445678711 35.2048873901367 35.2092018127441 35.1951370239258 35.178882598877 35.1766357421875 35.1550827026367 35.1008338928223 35.09130859375 35.0853042602539 35.0428009033203 -9999 -9999 -9999 -9999 -9999 -9999 -9999 -9999 -9999 -9999 -9999 -9999 -9999 -9999 -9999 -9999 -9999 -9999 -9999 -9999 -9999 -9999 -9999 -9999 -9999 -9999 -9999 -9999 -9999 -9999 -9999 -9999 -9999 -9999 -9999 -9999 -9999 -9999 -9999
34.8746032714844 34.9792366027832 35.0477256774902 35.0708847045898 35.1346893310547 35.1645965576172 35.1695938110352 35.1817016601562 35.1909980773926 35.1911163330078 35.1855583190918 35.1818733215332 35.1770515441895 35.1514320373535 35.1304550170898 35.1133728027344 35.0845527648926 -9999 -9999 -9999 -9999 -9999 -9999 -9999 -9999 -9999 -9999 -9999 -9999 -9999 -9999 -9999 -9999 -9999 -9999 -9999 -9999 -9999 -9999 -9999 -9999 -9999 -9999 -9999 -9999 -9999 -9999 -9999 -9999 -9999 -9999 -9999 -9999 -9999 -9999 -9999 -9999
34.8141975402832 34.9074745178223 34.9898300170898 35.0256881713867 35.0766792297363 35.1196594238281 35.1283149719238 35.1498222351074 35.1724433898926 35.1804389953613 35.18359375 35.1794586181641 35.1770706176758 35.167366027832 35.1470184326172 35.1401138305664 35.1058464050293 -9999 -9999 -9999 -9999 -9999 -9999 -9999 -9999 -9999 -9999 -9999 -9999 -9999 -9999 -9999 -9999 -9999 -9999 -9999 -9999 -9999 -9999 -9999 -9999 -9999 -9999 -9999 -9999 -9999 -9999 -9999 -9999 -9999 -9999 -9999 -9999 -9999 -9999 -9999 -9999
34.7772598266602 34.8890228271484 34.9478225708008 34.9892539978027 35.0575256347656 35.0812644958496 35.0888862609863 35.1371154785156 35.149097442627 35.1552238464355 35.1802711486816 35.1769065856934 35.1726760864258 35.1686363220215 35.1506958007812 35.1449394226074 -9999 -9999 -9999 -9999 -9999 -9999 -9999 -9999 -9999 -9999 -9999 -9999 -9999 -9999 -9999 -9999 -9999 -9999 -9999 -9999 -9999 -9999 -9999 -9999 -9999 -9999 -9999 -9999 -9999 -9999 -9999 -9999 -9999 -9999 -9999 -9999 -9999 -9999 -9999 -9999 -9999
34.784049987793 34.8238143920898 34.8966674804688 34.919563293457 34.9851341247559 35.0500259399414 35.0519981384277 35.0594711303711 35.1347274780273 35.136890411377 35.1512260437012 35.1773223876953 35.1660804748535 -9999 -9999 -9999 -9999 -9999 -9999 -9999 -9999 -9999 -9999 -9999 -9999 -9999 -9999 -9999 -9999 -9999 -9999 -9999 -9999 -9999 -9999 -9999 -9999 -9999 -9999 -9999 -9999 -9999 -9999 -9999 -9999 -9999 -9999 -9999 -9999 -9999 -9999 -9999 -9999 -9999 -9999 -9999 -9999
34.7589149475098 34.8041343688965 34.8788070678711 34.8964385986328 34.9257392883301 34.984317779541 35.0179862976074 35.0390319824219 35.0803070068359 -9999 -9999 -9999 -9999 -9999 -9999 -9999 -9999 -9999 -9999 -9999 -9999 -9999 -9999 -9999 -9999 -9999 -9999 -9999 -9999 -9999 -9999 -9999 -9999 -9999 -9999 -9999 -9999 -9999 -9999 -9999 -9999 -9999 -9999 -9999 -9999 -9999 -9999 -9999 -9999 -9999 -9999 -9999 -9999 -9999 -9999 -9999 -9999
