G_variables/Set1/RCP4_2050/Sur_tem_min.asc
NCOLS 229 
NROWS 147 
XLLCORNER -101.25 
YLLCORNER 14.3333333333333 
CELLSIZE 0.0833333333333333 
NODATA_value -9999 
[rows 78 to 103 of 147, columns 171 to 227 of 229]
26.6805839538574 26.6992282867432 26.7200717926025 26.7460689544678 26.7528114318848 26.7596836090088 26.7588005065918 26.7752017974854 26.771167755127 26.738826751709 26.7333641052246 26.7146625518799 26.6852283477783 26.664119720459 26.6559619903564 26.6171588897705 26.6023368835449 26.6066951751709 26.5789108276367 26.5683898925781 26.5596504211426 26.5384368896484 26.5275115966797 26.5221519470215 -9999 -9999 -9999 -9999 -9999 -9999 -9999 -9999 -9999 -9999 -9999 -9999 -9999 -9999 -9999 -9999 -9999 -9999 -9999 -9999 -9999 -9999 -9999 -9999 -9999 -9999 -9999 -9999 -9999 -9999 -9999 -9999 -9999
26.695951461792 26.7086849212646 26.7223205566406 26.7634983062744 26.7705955505371 26.7740230560303 26.7867832183838 26.7877635955811 26.7801990509033 26.7474517822266 26.7412586212158 26.7263641357422 26.6965522766113 26.686710357666 26.6732006072998 26.6356334686279 26.6276187896729 26.6108932495117 26.6003322601318 26.5917587280273 26.5801868438721 26.5598831176758 26.5525226593018 26.5481033325195 26.5321063995361 -9999 -9999 -9999 -9999 -9999 -9999 -9999 -9999 -9999 -9999 -9999 -9999 -9999 -9999 -9999 -9999 -9999 -9999 -9999 -9999 -9999 -9999 -9999 -9999 -9999 -9999 -9999 -9999 -9999 -9999 -9999 -9999
26.6776161193848 26.7253093719482 26.7359237670898 26.759880065918 26.7871551513672 26.7765693664551 26.7910346984863 26.7934494018555 26.7746524810791 26.7645092010498 26.7446708679199 26.7214031219482 26.7136554718018 26.6767406463623 26.6654281616211 26.6511001586914 26.6242847442627 26.6056308746338 26.6028861999512 26.5890636444092 26.5859889984131 26.576961517334 26.5590991973877 26.5605545043945 26.5565319061279 26.5392684936523 -9999 -9999 -9999 -9999 -9999 -9999 -9999 -9999 -9999 -9999 -9999 -9999 -9999 -9999 -9999 -9999 -9999 -9999 -9999 -9999 -9999 -9999 -9999 -9999 -9999 -9999 -9999 -9999 -9999 -9999 -9999
26.6996612548828 26.7194786071777 26.7299270629883 26.7571220397949 26.7782611846924 26.7829341888428 26.7913570404053 26.7905197143555 26.7891941070557 26.7616882324219 26.7478904724121 26.7423095703125 26.7060928344727 26.7018241882324 26.6840114593506 26.6519927978516 26.6410217285156 26.6278057098389 26.607364654541 26.5995330810547 26.6021671295166 26.5867805480957 26.5795135498047 26.5680294036865 26.5625495910645 26.564115524292 26.5595569610596 -9999 -9999 -9999 -9999 -9999 -9999 -9999 -9999 -9999 -9999 -9999 -9999 -9999 -9999 -9999 -9999 -9999 -9999 -9999 -9999 -9999 -9999 -9999 -9999 -9999 -9999 -9999 -9999 -9999 -9999
26.7124652862549 26.7330837249756 26.7439250946045 26.7710380554199 26.7792701721191 26.7964248657227 26.8055934906006 26.8032970428467 26.8039302825928 26.7787761688232 26.7772674560547 26.7688140869141 26.7341899871826 26.7174892425537 26.7047939300537 26.6732902526855 26.6703414916992 26.6654815673828 26.650354385376 26.6397933959961 26.6304969787598 26.6153297424316 26.6125469207764 26.6107597351074 26.6059474945068 26.6029224395752 26.600866317749 -9999 -9999 -9999 -9999 -9999 -9999 -9999 -9999 -9999 -9999 -9999 -9999 -9999 -9999 -9999 -9999 -9999 -9999 -9999 -9999 -9999 -9999 -9999 -9999 -9999 -9999 -9999 -9999 -9999 -9999
26.6845417022705 26.7437648773193 26.7543258666992 26.7692184448242 26.812780380249 26.7928161621094 26.8094177246094 26.8091583251953 26.7981948852539 26.7945308685303 26.7831554412842 26.7737808227539 26.7610893249512 26.7281627655029 26.7134265899658 26.7009048461914 26.6803340911865 26.670862197876 26.669397354126 26.6546974182129 26.6381435394287 26.6340789794922 26.6245784759521 26.6287860870361 26.6267700195312 26.6188793182373 26.6188011169434 26.6163558959961 -9999 -9999 -9999 -9999 -9999 -9999 -9999 -9999 -9999 -9999 -9999 -9999 -9999 -9999 -9999 -9999 -9999 -9999 -9999 -9999 -9999 -9999 -9999 -9999 -9999 -9999 -9999 -9999 -9999
26.7133502960205 26.7438659667969 26.7570362091064 26.7829780578613 26.7894763946533 26.7964363098145 26.8111419677734 26.8089828491211 26.8111763000488 26.7948589324951 26.7912044525146 26.8044490814209 26.7763729095459 26.7548179626465 26.7341442108154 26.7059383392334 26.7014045715332 26.6917095184326 26.6780166625977 26.6735057830811 26.6637859344482 26.648416519165 26.646785736084 26.6516361236572 26.6495208740234 26.6415824890137 26.63694190979 26.6360149383545 26.6291370391846 26.6259632110596 26.6218204498291 26.6193695068359 -9999 -9999 -9999 -9999 -9999 -9999 -9999 -9999 -9999 -9999 -9999 -9999 -9999 -9999 -9999 -9999 -9999 -9999 -9999 -9999 -9999 -9999 -9999 -9999 -9999
26.7425651550293 26.7558345794678 26.7712535858154 26.7927303314209 26.8034610748291 26.8116149902344 26.8114604949951 26.831672668457 26.8324966430664 26.8168525695801 26.8213119506836 26.8226222991943 26.7969779968262 26.7866744995117 26.7725391387939 26.7451591491699 26.738468170166 26.7330131530762 26.7177867889404 26.7098846435547 26.7077236175537 26.6977939605713 26.6926670074463 26.6945953369141 26.6933860778809 26.6876182556152 26.6841583251953 26.6839771270752 26.6777057647705 26.6758556365967 26.6723442077637 26.6703491210938 26.6643142700195 26.6644992828369 26.6612014770508 26.6523380279541 26.6518268585205 26.6552333831787 26.6581592559814 -9999 -9999 -9999 -9999 -9999 -9999 -9999 -9999 -9999 -9999 -9999 -9999 -9999 -9999 -9999 -9999 -9999 -9999
26.7331600189209 26.7714405059814 26.7804584503174 26.7925415039062 26.8146820068359 26.8077697753906 26.835542678833 26.8430099487305 26.8307552337646 26.829381942749 26.8261852264404 26.8162841796875 26.8087902069092 26.7918758392334 26.7752151489258 26.7721138000488 26.7574443817139 26.7380561828613 26.7358322143555 26.720064163208 26.7237110137939 26.7140674591064 26.7017803192139 26.7047882080078 26.7052745819092 26.7006607055664 26.7007160186768 26.7059307098389 26.6974124908447 26.6952667236328 26.6883850097656 26.6818714141846 26.6878719329834 26.6813888549805 26.6841106414795 26.6781120300293 26.6798725128174 26.6856575012207 26.682861328125 26.6871242523193 26.6850452423096 26.6869335174561 26.6808032989502 -9999 -9999 -9999 -9999 -9999 -9999 -9999 -9999 -9999 -9999 -9999 -9999 -9999 -9999
26.7529239654541 26.7717781066895 26.7801151275635 26.8008689880371 26.8079414367676 26.8093948364258 26.8379058837891 26.8362674713135 26.8382568359375 26.8298435211182 26.8238201141357 26.8230533599854 26.8123455047607 26.807897567749 26.7963371276855 26.7753925323486 26.7709045410156 26.7545375823975 26.7428302764893 26.7533397674561 26.740608215332 26.7293739318848 26.7258720397949 26.7256450653076 26.7263450622559 26.7258815765381 26.7258491516113 26.7288761138916 26.7273616790771 26.7137012481689 26.7074031829834 26.7080020904541 26.7031860351562 26.7069053649902 26.7049121856689 26.6991558074951 26.7050933837891 26.707088470459 26.7008152008057 26.7103271484375 26.7115936279297 26.7078342437744 26.7032890319824 26.7093296051025 -9999 -9999 -9999 -9999 -9999 -9999 -9999 -9999 -9999 -9999 -9999 -9999 -9999
26.7694473266602 26.7832717895508 26.7910842895508 26.8124237060547 26.8223609924316 26.8230800628662 26.8442440032959 26.8555431365967 26.8591823577881 26.8491535186768 26.8512001037598 26.8483924865723 26.8397045135498 26.836799621582 26.8298568725586 26.8089828491211 26.8052673339844 26.8174381256104 26.805456161499 26.793140411377 26.7815036773682 26.7729053497314 26.771556854248 26.7704257965088 26.7719898223877 26.7723255157471 26.7723598480225 26.7758808135986 26.775110244751 26.7828254699707 26.7821369171143 26.7670993804932 26.755428314209 26.7578029632568 26.7579574584961 26.7517013549805 26.7573928833008 26.760232925415 26.7596683502197 26.7676544189453 26.7716960906982 26.7768478393555 26.7758560180664 26.7643642425537 26.7657642364502 -9999 -9999 -9999 -9999 -9999 -9999 -9999 -9999 -9999 -9999 -9999 -9999
26.76123046875 26.7848243713379 26.7975063323975 26.8095703125 26.8363227844238 26.8257656097412 26.8468399047852 26.8634281158447 26.8581409454346 26.8580284118652 26.8597450256348 26.8477344512939 26.8539257049561 26.8482933044434 26.8362445831299 26.8284778594971 26.8207588195801 26.8240051269531 26.8218326568604 26.8026371002197 26.7935066223145 26.7908325195312 26.7838935852051 26.7854118347168 26.7869815826416 26.7895011901855 26.7923145294189 26.7935047149658 26.7990741729736 26.8026084899902 26.7991485595703 26.7981300354004 26.7819805145264 26.7766227722168 26.7725582122803 26.7706527709961 26.769983291626 26.7763366699219 26.7821235656738 26.7854633331299 26.7950096130371 26.7945766448975 26.7913246154785 26.7958431243896 26.7895908355713 26.7855834960938 -9999 -9999 -9999 -9999 -9999 -9999 -9999 -9999 -9999 -9999 -9999
26.7616386413574 26.7835674285889 26.7927417755127 26.8137378692627 26.8239345550537 26.8306980133057 26.8631801605225 26.8668155670166 26.8621063232422 26.855598449707 26.8527488708496 26.8551044464111 26.8610782623291 26.8558177947998 26.8458366394043 26.8304882049561 26.8239002227783 26.8220844268799 26.8216876983643 26.8151683807373 26.8075904846191 26.8024482727051 26.8010082244873 26.8002986907959 26.8046894073486 26.8034324645996 26.8050498962402 26.8100719451904 26.8088245391846 26.806921005249 26.8011722564697 26.7996292114258 26.790075302124 26.7921810150146 26.7883720397949 26.784330368042 26.7908096313477 26.7931900024414 26.7914752960205 26.8026962280273 26.8044757843018 26.8077850341797 26.7980480194092 26.7996807098389 26.7995204925537 26.7969608306885 -9999 -9999 -9999 -9999 -9999 -9999 -9999 -9999 -9999 -9999 -9999
26.7643661499023 26.7740497589111 26.7879581451416 26.8176860809326 26.8274250030518 26.8380012512207 26.8527584075928 26.8731594085693 26.8699893951416 26.8630905151367 26.8631076812744 26.8639698028564 26.8662147521973 26.8655471801758 26.8627700805664 26.8524436950684 26.8523998260498 26.8400287628174 26.8351039886475 26.848747253418 26.8475093841553 26.8437881469727 26.8444137573242 26.8402671813965 26.8441715240479 26.8445320129395 26.8444194793701 26.8486480712891 26.846809387207 26.8344554901123 26.8331336975098 26.8388195037842 26.8306560516357 26.8337421417236 26.832670211792 26.8282985687256 26.8306198120117 26.8329467773438 26.834098815918 26.8458919525146 26.8516101837158 26.84521484375 26.8450984954834 26.8434772491455 26.8446083068848 26.8423366546631 26.8391742706299 -9999 -9999 -9999 -9999 -9999 -9999 -9999 -9999 -9999 -9999
26.7501373291016 26.779842376709 26.7898082733154 26.8034706115723 26.8376121520996 26.8457431793213 26.8520030975342 26.8635005950928 26.8674297332764 26.8719635009766 26.8703327178955 26.8631629943848 26.8613662719727 26.8581218719482 26.8542995452881 26.8603954315186 26.8572177886963 26.843713760376 26.8465137481689 26.8453369140625 26.855619430542 26.8580722808838 26.8641605377197 26.8554801940918 26.8554821014404 26.8574314117432 26.8581714630127 26.8580837249756 26.8491306304932 26.8472232818604 26.8410320281982 26.8400745391846 26.8421382904053 26.8430557250977 26.8443336486816 26.8426666259766 26.8442611694336 26.8535118103027 26.8540267944336 26.853551864624 26.8542728424072 26.8604965209961 26.8546123504639 26.8590965270996 26.8562812805176 26.8527297973633 26.8495330810547 26.8414878845215 -9999 -9999 -9999 -9999 -9999 -9999 -9999 -9999 -9999
26.7449436187744 26.7653064727783 26.7784233093262 26.8113117218018 26.8222007751465 26.841968536377 26.851655960083 26.8546562194824 26.874195098877 26.8685493469238 26.8630409240723 26.8589992523193 26.8520088195801 26.8561172485352 26.8565578460693 26.8535766601562 26.8486366271973 26.8480892181396 26.8489475250244 26.8519420623779 26.8659629821777 26.8669128417969 26.869607925415 26.8664474487305 26.86989402771 26.8681945800781 26.8673572540283 26.8709831237793 26.8583393096924 26.8554286956787 26.8553562164307 26.8532943725586 26.8528232574463 26.8549213409424 26.8474044799805 26.8401775360107 26.8506317138672 26.8576602935791 26.8600559234619 26.8762531280518 26.8689708709717 26.8702869415283 26.8743915557861 26.8719882965088 26.8668365478516 26.8666801452637 26.8563861846924 26.84596824646 26.8455467224121 -9999 -9999 -9999 -9999 -9999 -9999 -9999 -9999
26.7235450744629 26.7478427886963 26.7826156616211 26.8109703063965 26.8251876831055 26.8346424102783 26.8526058197021 26.8572998046875 26.8803119659424 26.8744239807129 26.8689918518066 26.8559322357178 26.848934173584 26.8596801757812 26.8675346374512 26.8633155822754 26.8656311035156 26.867036819458 26.8687114715576 26.8718433380127 26.8895435333252 26.8911514282227 26.896354675293 26.9020099639893 26.9022426605225 26.8985137939453 26.8995933532715 26.903205871582 26.8905372619629 26.8914661407471 26.8924045562744 26.8845367431641 26.8913497924805 26.8916244506836 26.8807849884033 26.8590888977051 26.8699913024902 26.8894443511963 26.8970813751221 26.9156761169434 26.9107513427734 26.9125518798828 26.9168548583984 26.9183521270752 26.9121074676514 26.9108028411865 26.8961601257324 26.8704776763916 26.8695545196533 -9999 -9999 -9999 -9999 -9999 -9999 -9999 -9999
26.7198524475098 26.7458610534668 26.7741756439209 26.806489944458 26.8303337097168 26.8362007141113 26.8562622070312 26.8639469146729 26.8796482086182 26.8779220581055 26.8700141906738 26.8597049713135 26.8531265258789 26.8604145050049 26.8656730651855 26.8697490692139 26.8726215362549 26.8735675811768 26.8835201263428 26.8833312988281 26.8962059020996 26.898738861084 26.8988723754883 26.9102840423584 26.9139213562012 26.9175434112549 26.9173126220703 26.9119834899902 26.9019660949707 26.9074554443359 26.9100780487061 26.9085636138916 26.9078750610352 26.9016227722168 26.8926448822021 26.8806934356689 26.8832626342773 26.9027080535889 26.9232120513916 26.93332862854 26.9312915802002 26.9386100769043 26.9353523254395 26.9450511932373 26.9317321777344 26.9257297515869 26.9251918792725 26.8926582336426 26.8903903961182 26.9187335968018 -9999 -9999 -9999 -9999 -9999 -9999 -9999
26.7456455230713 26.7571411132812 26.7753715515137 26.7988166809082 26.8240242004395 26.8340930938721 26.8598823547363 26.8637371063232 26.8706703186035 26.880163192749 26.8784351348877 26.873384475708 26.8645553588867 26.867036819458 26.8722801208496 26.8699741363525 26.87815284729 26.8793315887451 26.8893051147461 26.8895454406738 26.8943634033203 26.9052543640137 26.9077110290527 26.9110164642334 26.9206428527832 26.9211254119873 26.9213275909424 26.9173603057861 26.917688369751 26.9159145355225 26.9275131225586 26.9242362976074 26.9199237823486 26.9222679138184 26.916784286499 26.9088687896729 26.9195175170898 26.9287281036377 26.9351978302002 26.9467926025391 26.9525890350342 26.9544906616211 26.9613857269287 26.9606685638428 26.9503574371338 26.9508018493652 26.9429893493652 26.9278011322021 26.9229545593262 26.9286270141602 26.9248676300049 -9999 -9999 -9999 -9999 -9999 -9999
26.7678852081299 26.7755928039551 26.7858409881592 26.8055992126465 26.8138751983643 26.8300666809082 26.8456916809082 26.8749084472656 26.8786144256592 26.8793525695801 26.8804244995117 26.8801536560059 26.8822460174561 26.8837585449219 26.8870391845703 26.8863773345947 26.8891544342041 26.8917770385742 26.8940467834473 26.9128723144531 26.9145545959473 26.9205017089844 26.9228324890137 26.9285354614258 26.9349327087402 26.9415702819824 26.942476272583 26.950382232666 26.9553871154785 26.9435787200928 26.9558563232422 26.9675121307373 26.9637660980225 26.9707946777344 26.9639358520508 26.9594421386719 26.9673004150391 26.9733600616455 26.9759559631348 26.9920234680176 26.9945163726807 26.9843425750732 26.9966373443604 26.995885848999 26.9916305541992 26.9928951263428 26.9879322052002 26.9829902648926 26.971342086792 26.9717750549316 26.9657802581787 -9999 -9999 -9999 -9999 -9999 -9999
26.7722072601318 26.7843017578125 26.796630859375 26.8061027526855 26.8146724700928 26.8225612640381 26.8473243713379 26.8765525817871 26.8816108703613 26.8845710754395 26.8858795166016 26.8852767944336 26.8952941894531 26.8933448791504 26.8963756561279 26.8974590301514 26.893741607666 26.8963642120361 26.9059638977051 26.9223117828369 26.9203548431396 26.9250392913818 26.9223880767822 26.9382495880127 26.9401092529297 26.9475555419922 26.9572257995605 26.9650802612305 26.9735450744629 26.9698047637939 26.9679470062256 26.9919586181641 26.992374420166 26.9925785064697 26.9929122924805 26.9875469207764 26.9865379333496 26.9947776794434 27.0018253326416 27.0059585571289 27.0103912353516 27.0065212249756 26.99928855896 27.0241661071777 27.0105953216553 27.0070533752441 27.0137424468994 27.0056838989258 27.000581741333 26.9813041687012 26.9849262237549 26.9845008850098 -9999 -9999 -9999 -9999 -9999
26.7887210845947 26.7973613739014 26.8038425445557 26.8176822662354 26.8243389129639 26.8269805908203 26.8556728363037 26.8844375610352 26.8884506225586 26.89280128479 26.8953990936279 26.8959980010986 26.9044742584229 26.9045276641846 26.906587600708 26.905574798584 26.9065933227539 26.9048347473145 26.913948059082 26.9330978393555 26.9326152801514 26.935115814209 26.937406539917 26.9426746368408 26.9533023834229 26.9595394134521 26.9621963500977 26.9838562011719 26.9865779876709 26.9780025482178 26.9883728027344 27.006326675415 27.0053482055664 27.0157070159912 27.0218391418457 27.0066261291504 27.013786315918 27.0143356323242 27.0180377960205 27.0298538208008 27.0347003936768 27.0218639373779 27.0226440429688 27.0347595214844 27.0316772460938 27.0324115753174 27.0323333740234 27.0301456451416 27.0256423950195 27.0186748504639 27.0085201263428 27.0059146881104 -9999 -9999 -9999 -9999 -9999
26.7995567321777 26.8043270111084 26.8092918395996 26.8205814361572 26.8228206634521 26.8482341766357 26.8750343322754 26.8919773101807 26.8970527648926 26.9026260375977 26.9074211120605 26.9097862243652 26.9138221740723 26.9153327941895 26.9164905548096 26.9156551361084 26.919038772583 26.9366130828857 26.9492053985596 26.9451332092285 26.9457454681396 26.9542121887207 26.9547004699707 26.9597187042236 26.9797248840332 26.9878311157227 26.9908409118652 27.0134315490723 27.0195274353027 27.0215873718262 27.0405597686768 27.0292816162109 27.0371971130371 27.0491542816162 27.04616355896 27.045919418335 27.054069519043 27.054386138916 27.0557117462158 27.0669021606445 27.0680561065674 27.0611972808838 27.0625152587891 27.0593318939209 27.0573654174805 27.0592842102051 27.0588035583496 27.0603199005127 27.0619201660156 27.0562591552734 27.0552864074707 27.0443515777588 27.040994644165 -9999 -9999 -9999 -9999
26.8037757873535 26.8223571777344 26.8220882415771 26.8247776031494 26.8263454437256 26.8373012542725 26.8898773193359 26.9029216766357 26.9044570922852 26.9103775024414 26.9196758270264 26.9184989929199 26.9241199493408 26.9219665527344 26.9233627319336 26.9243316650391 26.9265041351318 26.9297504425049 26.9496288299561 26.9491004943848 26.9570255279541 26.9618911743164 26.9618492126465 26.9771671295166 26.9946880340576 27.0001678466797 27.0142135620117 27.0211887359619 27.0411891937256 27.0410594940186 27.037130355835 27.0563735961914 27.0560970306396 27.0600051879883 27.0649662017822 27.0668029785156 27.0728511810303 27.0742378234863 27.0738906860352 27.0763320922852 27.0932159423828 27.087682723999 27.0731182098389 27.0762062072754 27.073413848877 27.0738315582275 27.0758152008057 27.0766944885254 27.0782814025879 27.0777034759521 27.0698795318604 27.0659847259521 27.0579395294189 27.0519046783447 -9999 -9999 -9999
26.809476852417 26.8167552947998 26.8260688781738 26.8334140777588 26.8349704742432 26.8574447631836 26.8860569000244 26.9036922454834 26.9108123779297 26.9199161529541 26.917459487915 26.9214744567871 26.9227142333984 26.9198799133301 26.9331130981445 26.933687210083 26.9352359771729 26.9408206939697 26.9523525238037 26.9608497619629 26.9666309356689 26.9780330657959 26.97878074646 26.9906692504883 27.007152557373 27.0120506286621 27.0232543945312 27.0401191711426 27.0404109954834 27.0490112304688 27.0612049102783 27.0609321594238 27.0624752044678 27.0781345367432 27.0746765136719 27.0773582458496 27.0884494781494 27.0893077850342 27.0915946960449 27.0955905914307 27.0946159362793 27.0997905731201 27.0937118530273 27.0842609405518 27.0869903564453 27.0868873596191 27.0907020568848 27.0934600830078 27.0955429077148 27.0872325897217 27.084623336792 27.0828247070312 27.0709667205811 27.0646591186523 -9999 -9999 -9999
26.8285369873047 26.8317832946777 26.8323879241943 26.8392219543457 26.8670864105225 26.8727073669434 26.9002952575684 26.9087219238281 26.9165325164795 26.9283275604248 26.9400882720947 26.9503650665283 26.9518966674805 26.9468669891357 26.9414978027344 26.9395351409912 26.9596824645996 26.9647674560547 26.977180480957 26.9824600219727 26.9886474609375 27.0034503936768 27.0180816650391 27.0328731536865 27.0490589141846 27.0459442138672 27.0448226928711 27.0579586029053 27.069751739502 27.0713996887207 27.0837345123291 27.085958480835 27.0829563140869 27.1005973815918 27.1018962860107 27.1091976165771 27.1201839447021 27.1148223876953 27.1078720092773 27.108642578125 27.1155681610107 27.1122055053711 27.1044578552246 27.1046371459961 27.0977783203125 27.1062641143799 27.1131610870361 27.1218795776367 27.1264610290527 27.1177463531494 27.1072082519531 27.1035594940186 27.1017780303955 27.0901756286621 27.0887203216553 -9999 -9999
