G_variables/Set1/RCP8_2050/Min_tem_max.asc
NCOLS 229 
NROWS 147 
XLLCORNER -101.25 
YLLCORNER 14.3333333333333 
CELLSIZE 0.0833333333333333 
NODATA_value -9999 
[rows 104 to 129 of 147, columns 171 to 227 of 229]
3.65489983558655 3.62382459640503 3.61641001701355 3.61634755134583 3.61636829376221 3.61638402938843 3.62422108650208 3.63886666297913 3.64455366134644 3.67376565933228 3.69900608062744 3.69378685951233 3.97049474716187 3.90438294410706 3.63013195991516 3.65515542030334 3.65422654151917 3.64452576637268 3.64499521255493 3.58105945587158 3.61449456214905 3.6203727722168 3.62069511413574 3.58441996574402 3.57096314430237 3.57843041419983 3.5787672996521 3.58508968353271 3.57832098007202 3.57832908630371 3.5725405216217 3.57464790344238 3.57832932472229 3.57669711112976 2.97145652770996 2.96381497383118 2.32048606872559 2.32533478736877 2.96248602867126 3.64671635627747 3.62009215354919 3.57990121841431 3.58572864532471 3.57829451560974 3.57809638977051 3.57233738899231 2.68291640281677 3.5824191570282 3.57711052894592 3.58570885658264 3.61004400253296 3.57796931266785 3.61021280288696 3.58526611328125 3.58060741424561 3.61836671829224 -9999
3.65586614608765 3.62368488311768 3.62374377250671 3.62361168861389 3.61623311042786 3.61624979972839 3.61631894111633 3.66201090812683 3.72858810424805 3.72857284545898 3.70293354988098 3.64493894577026 3.61593532562256 3.65413475036621 3.64511322975159 3.6448347568512 3.5893030166626 3.58913087844849 3.58880996704102 3.58563613891602 3.65376615524292 3.62071776390076 3.61388278007507 3.58442187309265 3.57843089103699 3.57843255996704 3.57955026626587 3.57993292808533 3.57237958908081 3.57829713821411 3.57290124893188 3.57669353485107 3.57706546783447 2.96615982055664 2.96029758453369 3.57234954833984 2.9550895690918 2.74569702148438 2.64186954498291 2.95459628105164 3.57239365577698 3.09368872642517 3.58484363555908 3.57232809066772 2.96170210838318 2.37073802947998 1.98563873767853 3.57270359992981 3.57076072692871 2.96432900428772 3.57814621925354 2.68958234786987 3.5743579864502 3.58107924461365 3.58008337020874 3.58569955825806 3.64997911453247
3.65078663825989 3.62454462051392 3.62399506568909 3.655916929245 3.64346313476562 3.64401245117188 3.61189889907837 3.63385105133057 3.70290207862854 3.702796459198 3.72872471809387 3.61585664749146 3.61582159996033 3.65574240684509 3.72929501533508 3.63941121101379 3.58202886581421 3.58647203445435 3.58569264411926 3.58575344085693 3.58417463302612 3.58849787712097 3.58442139625549 3.58442163467407 3.58164978027344 3.58748030662537 3.57834315299988 3.57832336425781 3.57257676124573 3.57254481315613 3.57251071929932 3.57669639587402 3.57248330116272 3.57231473922729 3.57231593132019 3.57293272018433 2.95585107803345 2.95633602142334 2.68235373497009 2.63198280334473 1.99945223331451 2.02802896499634 2.95459628105164 2.69859027862549 1.98593354225159 1.99663960933685 1.99181985855103 2.31402802467346 2.64821577072144 1.97570049762726 1.98312330245972 2.65101361274719 3.19153618812561 3.57783436775208 3.57783627510071 3.57921504974365 3.58079385757446
3.655029296875 3.62402820587158 3.62399172782898 3.65073704719543 3.63920736312866 3.63900661468506 3.63900542259216 3.63896727561951 3.63001227378845 3.62401127815247 3.6240406036377 3.58550906181335 3.61597108840942 3.61665058135986 3.58172869682312 3.5894341468811 3.58947610855103 3.58611726760864 3.58552217483521 3.5860161781311 3.58546733856201 3.58442163467407 3.57832312583923 3.57832598686218 3.57836198806763 3.57852172851562 3.57097601890564 3.57833695411682 3.57728481292725 3.57406377792358 3.5724925994873 3.57276582717896 3.57233572006226 3.57650113105774 3.5847635269165 3.61220765113831 3.58715677261353 3.5788402557373 3.58588886260986 3.57804012298584 3.05800199508667 2.67215871810913 3.57366037368774 2.31887054443359 1.97329521179199 1.97373497486115 1.97333431243896 1.97287940979004 1.97565710544586 2.84576559066772 3.5835337638855 3.64819741249084 3.61835241317749 3.65054082870483 3.65784335136414 3.62293195724487 3.65749883651733
3.65502667427063 3.6550555229187 3.6508584022522 3.62476301193237 3.62481117248535 3.62477374076843 3.62396836280823 3.61626029014587 3.59155130386353 3.59007906913757 3.58405375480652 3.5833899974823 3.61601758003235 3.61576223373413 3.5830180644989 3.5883207321167 3.58945202827454 3.58550715446472 3.58592557907104 3.58622741699219 3.58524465560913 3.58442163467407 3.57832312583923 3.57096242904663 3.57836174964905 3.57834529876709 3.57257866859436 3.57097458839417 3.58406734466553 3.57231307029724 3.57097315788269 3.58480095863342 3.58601403236389 3.57893180847168 3.64776754379272 3.62889289855957 3.69766020774841 3.79904174804688 3.90823531150818 3.6301600933075 3.62347888946533 3.65104985237122 3.65774941444397 3.57861018180847 3.57416772842407 1.97294807434082 3.15833830833435 3.58549904823303 3.64869570732117 3.65093374252319 3.65903806686401 3.6587507724762 3.64485049247742 3.64521431922913 -9999 -9999 -9999
3.65535593032837 3.65471005439758 3.65513968467712 3.65452861785889 3.65512490272522 3.65514492988586 3.62418556213379 3.62412571907043 3.59165096282959 3.59011793136597 3.58410549163818 3.58330035209656 3.61583590507507 3.61571860313416 3.583571434021 3.5894570350647 3.58912873268127 3.58761811256409 3.58771944046021 3.570965051651 3.58442187309265 3.57832336425781 3.5783360004425 3.5843505859375 3.5709753036499 3.5783703327179 3.58406758308411 3.57833528518677 3.58406734466553 3.57941007614136 3.64776515960693 3.65345788002014 3.64657092094421 3.79573082923889 4.69413137435913 30.0406665802002 31.1104850769043 31.1176853179932 14.4995803833008 4.22523498535156 3.89303040504456 3.69186353683472 3.62315511703491 3.64916610717773 3.61980938911438 3.65102863311768 3.62379479408264 3.61549520492554 3.64489006996155 3.69594407081604 3.70452570915222 3.69576954841614 -9999 -9999 -9999 -9999 -9999
3.65694832801819 3.65595674514771 3.65627789497375 3.65627884864807 3.65512895584106 3.65513968467712 3.62420177459717 3.62399363517761 3.59157562255859 3.58357977867126 3.58168864250183 3.58942461013794 3.58975672721863 3.58975911140442 3.58556127548218 3.58569192886353 3.58562779426575 3.58772444725037 3.5874080657959 3.57096457481384 3.57833647727966 3.57836651802063 3.57834672927856 3.57907557487488 3.57833409309387 3.57849502563477 3.58582329750061 3.58863306045532 3.62141752243042 3.61935639381409 3.6344268321991 3.79365253448486 4.25787305831909 10.1146259307861 30.0163459777832 31.1075439453125 31.1086101531982 31.1067504882812 15.5765962600708 4.90031433105469 4.13056421279907 3.91003465652466 3.69988512992859 3.70075798034668 3.70690989494324 3.86824131011963 3.91558241844177 3.80983519554138 3.73570513725281 -9999 -9999 -9999 -9999 -9999 -9999 -9999 -9999
3.65698170661926 3.65615463256836 3.63764762878418 3.63943099975586 3.65514993667603 3.6513249874115 3.62417840957642 3.6162314414978 3.58995318412781 3.58320569992065 3.58174324035645 3.5883457660675 3.58974552154541 3.58945679664612 3.58547449111938 3.58526277542114 3.58524131774902 3.58548998832703 3.58443474769592 3.57834029197693 3.57833743095398 3.58025741577148 3.57837820053101 3.58450484275818 3.58720016479492 3.62234234809875 3.65203785896301 3.65349745750427 3.65201306343079 3.64589405059814 3.7033805847168 3.79354596138 4.22136068344116 4.68649959564209 4.49037647247314 4.25590515136719 4.13441801071167 3.97351217269897 4.12960338592529 4.44919586181641 3.97683048248291 3.80160140991211 3.80189299583435 3.80541896820068 3.75484657287598 3.91515851020813 -9999 -9999 -9999 -9999 -9999 -9999 -9999 -9999 -9999 -9999 -9999
3.65707039833069 3.64466381072998 3.65637111663818 3.65629744529724 3.65526723861694 3.6246395111084 3.62430739402771 3.59199476242065 3.58970022201538 3.58346223831177 3.58165311813354 3.58831214904785 3.58974814414978 3.58955121040344 3.5856020450592 3.58548998832703 3.58443403244019 3.57834100723267 3.57870960235596 3.57881188392639 3.58548212051392 3.5855450630188 3.58144855499268 3.62250328063965 3.64428114891052 3.64452743530273 3.65165090560913 3.64512395858765 3.62184500694275 3.6302809715271 3.64509558677673 3.6460394859314 3.64625978469849 3.79429960250854 3.99801826477051 4.13477182388306 4.12851858139038 3.85900139808655 3.80019855499268 3.69277000427246 3.69972372055054 3.74896502494812 3.89701867103577 3.91489911079407 -9999 -9999 -9999 -9999 -9999 -9999 -9999 -9999 -9999 -9999 -9999 -9999 -9999
3.639728307724 3.6396963596344 3.65527486801147 3.62450170516968 3.62468338012695 3.62438750267029 3.62425756454468 3.59178018569946 3.58339047431946 3.58163261413574 3.58983659744263 3.58595633506775 3.58953404426575 3.58552145957947 3.57097744941711 3.57834076881409 3.57835865020752 3.57843947410583 3.57834124565125 3.58782052993774 3.61447072029114 3.65403652191162 3.64335751533508 3.64435958862305 3.64434957504272 3.65101027488708 3.63136529922485 3.65136694908142 3.64701437950134 3.61371207237244 3.85026168823242 3.79356646537781 3.9622540473938 5.67509365081787 6.22268342971802 4.48658847808838 4.00447416305542 3.89088201522827 3.80003571510315 3.74855828285217 3.91305494308472 -9999 -9999 -9999 -9999 -9999 -9999 -9999 -9999 -9999 -9999 -9999 -9999 -9999 -9999 -9999 -9999
3.63972020149231 3.63953971862793 3.65512275695801 3.6552734375 3.62444853782654 3.62460160255432 3.61661887168884 3.589919090271 3.58185720443726 3.58983540534973 3.58569979667664 3.58564233779907 3.58579897880554 3.57098054885864 3.57834196090698 3.57834577560425 3.57835626602173 3.58443379402161 3.59044766426086 3.62315130233765 3.65361928939819 3.64915037155151 3.6511492729187 3.64425086975098 3.6509997844696 3.63618516921997 3.7525098323822 3.72977876663208 4.11929702758789 4.44206190109253 4.49039173126221 5.16401720046997 4.48672771453857 4.4865083694458 4.1250433921814 3.97172737121582 3.96795153617859 3.97310948371887 3.85904002189636 -9999 -9999 -9999 -9999 -9999 -9999 -9999 -9999 -9999 -9999 -9999 -9999 -9999 -9999 -9999 -9999 -9999 -9999
3.63952326774597 3.65640664100647 3.6552312374115 3.65490865707397 3.62548756599426 3.62421703338623 3.61720824241638 3.58323335647583 3.57886171340942 3.59009027481079 3.58585405349731 3.58443427085876 3.57834196090698 3.57834339141846 3.57839107513428 3.58167815208435 3.57839274406433 3.58691692352295 3.62321448326111 3.6537721157074 3.64255261421204 3.65347838401794 3.63216423988342 3.64637112617493 3.73150968551636 3.89679217338562 3.96278834342957 4.48904228210449 4.67958974838257 4.9872031211853 4.68455457687378 4.63875532150269 4.12371683120728 3.90313744544983 3.96988916397095 4.25105094909668 -9999 -9999 -9999 -9999 -9999 -9999 -9999 -9999 -9999 -9999 -9999 -9999 -9999 -9999 -9999 -9999 -9999 -9999 -9999 -9999 -9999
3.63951897621155 3.65643334388733 3.654301404953 3.65387964248657 3.62427282333374 3.61626076698303 3.58988809585571 3.58167123794556 3.5866391658783 3.58580541610718 3.58589649200439 3.5783531665802 3.57853770256042 3.57238793373108 3.58443427085876 3.62398815155029 3.64325976371765 3.64271759986877 3.73281383514404 3.96459269523621 3.75523138046265 3.7929048538208 3.88239502906799 3.7935004234314 3.96709537506104 4.12214612960815 4.22826337814331 4.4885425567627 4.86060810089111 4.6872034072876 4.25012302398682 4.12395811080933 3.90270209312439 -9999 -9999 -9999 -9999 -9999 -9999 -9999 -9999 -9999 -9999 -9999 -9999 -9999 -9999 -9999 -9999 -9999 -9999 -9999 -9999 -9999 -9999 -9999 -9999
3.65648007392883 3.65607142448425 3.65490865707397 3.65505528450012 3.62408709526062 3.61622786521912 3.58338737487793 3.58166909217834 3.58583307266235 3.58042454719543 3.57833027839661 3.57579493522644 3.58261728286743 3.64128160476685 3.6767909526825 4.44265556335449 4.67028093338013 4.41304731369019 5.05704355239868 6.88371610641479 6.1506175994873 5.28378772735596 5.28448629379272 4.48631715774536 4.43972396850586 4.25111103057861 4.12101554870605 4.12193298339844 3.96577119827271 3.9659788608551 3.88470721244812 -9999 -9999 -9999 -9999 -9999 -9999 -9999 -9999 -9999 -9999 -9999 -9999 -9999 -9999 -9999 -9999 -9999 -9999 -9999 -9999 -9999 -9999 -9999 -9999 -9999 -9999
3.65612697601318 3.65425658226013 3.62432098388672 3.62412309646606 3.59400367736816 3.5816810131073 3.58587431907654 3.57845449447632 2.97473478317261 3.58977556228638 3.65253400802612 3.79736375808716 4.49304628372192 4.8764214515686 5.62569189071655 5.62157297134399 5.28845548629761 4.43772983551025 5.27804136276245 6.90999698638916 6.15773868560791 5.05833101272583 5.28079748153687 4.86064004898071 4.48772001266479 4.64853191375732 4.48733234405518 4.00030851364136 -9999 -9999 -9999 -9999 -9999 -9999 -9999 -9999 -9999 -9999 -9999 -9999 -9999 -9999 -9999 -9999 -9999 -9999 -9999 -9999 -9999 -9999 -9999 -9999 -9999 -9999 -9999 -9999 -9999
3.65620994567871 3.62429428100586 3.59444952011108 3.58987355232239 3.58988189697266 3.59058308601379 3.58192467689514 3.62441563606262 3.64607524871826 4.12256622314453 4.64007329940796 4.59698820114136 5.30594968795776 4.93687009811401 6.19670534133911 6.93298578262329 6.18405246734619 5.63122415542603 6.18161821365356 6.9138445854187 5.66079807281494 6.16591358184814 4.86157464981079 4.67832708358765 4.12142372131348 4.48773097991943 -9999 -9999 -9999 -9999 -9999 -9999 -9999 -9999 -9999 -9999 -9999 -9999 -9999 -9999 -9999 -9999 -9999 -9999 -9999 -9999 -9999 -9999 -9999 -9999 -9999 -9999 -9999 -9999 -9999 -9999 -9999
3.65501403808594 3.61625623703003 3.62454390525818 3.62155532836914 3.64536643028259 3.61966824531555 3.63743257522583 3.86052012443542 5.02233791351318 7.96670532226562 6.99466371536255 6.97344923019409 30.2973747253418 31.2923049926758 31.2774677276611 31.214241027832 5.63545608520508 5.64026165008545 7.91465520858765 8.59063625335693 8.66639995574951 8.6346607208252 5.06365346908569 -9999 -9999 -9999 -9999 -9999 -9999 -9999 -9999 -9999 -9999 -9999 -9999 -9999 -9999 -9999 -9999 -9999 -9999 -9999 -9999 -9999 -9999 -9999 -9999 -9999 -9999 -9999 -9999 -9999 -9999 -9999 -9999 -9999 -9999
3.64040112495422 3.61610293388367 3.62462091445923 3.64506268501282 3.752436876297 5.68500185012817 30.8992328643799 31.3379211425781 31.3521213531494 31.3477687835693 31.3232173919678 25.0320129394531 31.3167114257812 31.3108291625977 31.3073673248291 25.0349140167236 6.18602514266968 5.63776779174805 5.11751461029053 4.92235136032104 -9999 -9999 -9999 -9999 -9999 -9999 -9999 -9999 -9999 -9999 -9999 -9999 -9999 -9999 -9999 -9999 -9999 -9999 -9999 -9999 -9999 -9999 -9999 -9999 -9999 -9999 -9999 -9999 -9999 -9999 -9999 -9999 -9999 -9999 -9999 -9999 -9999
3.64620804786682 3.66737389564514 3.63182926177979 3.67270278930664 31.3069934844971 31.3959922790527 31.3918991088867 31.406364440918 31.3897933959961 31.3618984222412 31.3912220001221 24.1584072113037 31.3336982727051 31.3458843231201 19.1970691680908 8.78992462158203 6.20960140228271 5.12626695632935 4.92069530487061 4.9210729598999 -9999 -9999 -9999 -9999 -9999 -9999 -9999 -9999 -9999 -9999 -9999 -9999 -9999 -9999 -9999 -9999 -9999 -9999 -9999 -9999 -9999 -9999 -9999 -9999 -9999 -9999 -9999 -9999 -9999 -9999 -9999 -9999 -9999 -9999 -9999 -9999 -9999
4.13482904434204 3.80850672721863 4.13216972351074 11.4224834442139 31.4383430480957 31.4290885925293 31.4264507293701 8.83074760437012 7.05505609512329 4.50324583053589 4.49979591369629 4.45434665679932 4.89104175567627 5.68503999710083 7.88341522216797 17.0469036102295 17.0109233856201 6.98716735839844 4.92686605453491 -9999 -9999 -9999 -9999 -9999 -9999 -9999 -9999 -9999 -9999 -9999 -9999 -9999 -9999 -9999 -9999 -9999 -9999 -9999 -9999 -9999 -9999 -9999 -9999 -9999 -9999 -9999 -9999 -9999 -9999 -9999 -9999 -9999 -9999 -9999 -9999 -9999 -9999
6.42593908309937 10.188422203064 17.2144737243652 14.0270090103149 31.1354370117188 8.08664608001709 4.70279741287231 4.65052604675293 4.9075984954834 4.96538639068604 7.02762794494629 19.2524013519287 30.7355499267578 30.6167774200439 30.3377780914307 31.1647987365723 30.3334865570068 29.9000949859619 -9999 -9999 -9999 -9999 -9999 -9999 -9999 -9999 -9999 -9999 -9999 -9999 -9999 -9999 -9999 -9999 -9999 -9999 -9999 -9999 -9999 -9999 -9999 -9999 -9999 -9999 -9999 -9999 -9999 -9999 -9999 -9999 -9999 -9999 -9999 -9999 -9999 -9999 -9999
31.472785949707 31.4584922790527 28.2225646972656 10.1095991134644 10.0786113739014 9.98180961608887 7.96021223068237 15.0908346176147 30.536018371582 31.1626300811768 31.3413276672363 31.290563583374 31.3530330657959 30.977668762207 30.5590591430664 30.3754081726074 30.5740642547607 -9999 -9999 -9999 -9999 -9999 -9999 -9999 -9999 -9999 -9999 -9999 -9999 -9999 -9999 -9999 -9999 -9999 -9999 -9999 -9999 -9999 -9999 -9999 -9999 -9999 -9999 -9999 -9999 -9999 -9999 -9999 -9999 -9999 -9999 -9999 -9999 -9999 -9999 -9999 -9999
31.4821243286133 31.5261154174805 30.7392673492432 31.3084468841553 30.947883605957 31.5867404937744 31.4354209899902 30.9496479034424 31.314037322998 31.2806587219238 31.3089351654053 31.4458446502686 31.4396018981934 31.4231739044189 31.4131908416748 31.3648777008057 31.2466983795166 -9999 -9999 -9999 -9999 -9999 -9999 -9999 -9999 -9999 -9999 -9999 -9999 -9999 -9999 -9999 -9999 -9999 -9999 -9999 -9999 -9999 -9999 -9999 -9999 -9999 -9999 -9999 -9999 -9999 -9999 -9999 -9999 -9999 -9999 -9999 -9999 -9999 -9999 -9999 -9999
31.4685497283936 31.5164585113525 31.3220310211182 31.4019393920898 31.5165214538574 31.5071353912354 31.5023384094238 31.3952312469482 31.3270149230957 31.298152923584 31.4961242675781 31.4486045837402 31.4495124816895 31.4475154876709 31.4186019897461 31.4067211151123 -9999 -9999 -9999 -9999 -9999 -9999 -9999 -9999 -9999 -9999 -9999 -9999 -9999 -9999 -9999 -9999 -9999 -9999 -9999 -9999 -9999 -9999 -9999 -9999 -9999 -9999 -9999 -9999 -9999 -9999 -9999 -9999 -9999 -9999 -9999 -9999 -9999 -9999 -9999 -9999 -9999
31.3692302703857 31.354585647583 31.3297710418701 31.4430313110352 31.5067615509033 31.5066757202148 31.5466289520264 31.5145740509033 31.5130558013916 31.505407333374 31.4922103881836 31.4911003112793 31.4548568725586 -9999 -9999 -9999 -9999 -9999 -9999 -9999 -9999 -9999 -9999 -9999 -9999 -9999 -9999 -9999 -9999 -9999 -9999 -9999 -9999 -9999 -9999 -9999 -9999 -9999 -9999 -9999 -9999 -9999 -9999 -9999 -9999 -9999 -9999 -9999 -9999 -9999 -9999 -9999 -9999 -9999 -9999 -9999 -9999
31.5238094329834 31.531717300415 31.5314712524414 31.5330677032471 31.5399494171143 31.5304374694824 31.5276679992676 31.5292167663574 31.5200710296631 -9999 -9999 -9999 -9999 -9999 -9999 -9999 -9999 -9999 -9999 -9999 -9999 -9999 -9999 -9999 -9999 -9999 -9999 -9999 -9999 -9999 -9999 -9999 -9999 -9999 -9999 -9999 -9999 -9999 -9999 -9999 -9999 -9999 -9999 -9999 -9999 -9999 -9999 -9999 -9999 -9999 -9999 -9999 -9999 -9999 -9999 -9999 -9999
