G_variables/Set1/RCP8_2050/Min_tem_max.asc
NCOLS 229 
NROWS 147 
XLLCORNER -101.25 
YLLCORNER 14.3333333333333 
CELLSIZE 0.0833333333333333 
NODATA_value -9999 
[rows 26 to 51 of 147, columns 57 to 113 of 229]
-9999 -9999 -9999 -9999 -9999 -9999 -9999 -9999 -9999 -9999 -9999 -9999 -9999 -9999 -9999 -9999 -9999 -9999 -9999 -9999 -9999 -9999 -9999 -9999 -9999 -9999 -9999 -9999 -9999 3.99642848968506 3.99638485908508 3.99599361419678 3.99618458747864 3.95756149291992 2.84353566169739 3.98957681655884 3.99645590782166 3.9960024356842 3.99610114097595 3.99612307548523 3.99564504623413 3.99561429023743 3.99565362930298 3.99532675743103 3.99537420272827 3.99594187736511 3.99560642242432 3.99568128585815 3.99537944793701 3.99507856369019 3.99517607688904 3.99537897109985 3.99512505531311 3.99530410766602 3.99537229537964 3.99531841278076 3.99536752700806
-9999 -9999 -9999 -9999 -9999 -9999 -9999 -9999 -9999 -9999 -9999 -9999 -9999 -9999 -9999 -9999 -9999 -9999 -9999 -9999 -9999 -9999 -9999 -9999 -9999 -9999 -9999 -9999 3.99678945541382 3.99660921096802 3.99657893180847 3.99666976928711 3.99637699127197 3.99021768569946 3.99633002281189 3.9959409236908 3.9959237575531 3.995924949646 3.99554896354675 3.99551820755005 3.99542284011841 3.99515438079834 3.99511218070984 3.99519157409668 3.99496221542358 3.99498128890991 3.99498081207275 3.99532461166382 3.99549889564514 3.99566650390625 3.99556255340576 3.99537754058838 3.99553227424622 3.99567723274231 3.99555563926697 3.99555230140686 3.99578142166138
-9999 -9999 -9999 -9999 -9999 -9999 -9999 -9999 -9999 -9999 -9999 -9999 -9999 -9999 -9999 -9999 -9999 -9999 -9999 -9999 -9999 -9999 -9999 -9999 -9999 -9999 -9999 -9999 3.99721741676331 3.99720191955566 3.99719262123108 3.99732947349548 3.99699854850769 3.99691152572632 3.99712157249451 3.99714112281799 3.99667000770569 3.99689650535583 3.99633312225342 3.99606871604919 3.99612879753113 3.99575066566467 3.9957172870636 3.99583983421326 3.99557542800903 3.99550724029541 3.99566555023193 3.99543428421021 3.9953670501709 3.99551820755005 3.99582672119141 3.99565649032593 3.99605774879456 3.99599647521973 3.99586868286133 3.9960720539093 3.99611687660217
-9999 -9999 -9999 -9999 -9999 -9999 -9999 -9999 -9999 -9999 -9999 -9999 -9999 -9999 -9999 -9999 -9999 -9999 -9999 -9999 -9999 -9999 -9999 -9999 -9999 -9999 -9999 3.99742746353149 3.99731874465942 3.99747943878174 3.99758505821228 3.99745631217957 3.99738001823425 3.99731659889221 3.99724459648132 3.99727702140808 3.99695301055908 3.99717855453491 3.99732351303101 3.99640536308289 3.9963595867157 3.99616527557373 3.99605226516724 3.99605107307434 3.99594902992249 3.99586224555969 3.99582433700562 3.99574589729309 3.99573636054993 3.99589395523071 3.99556994438171 3.99548673629761 3.99553036689758 3.99589037895203 3.99582290649414 3.99596238136292 3.9967246055603
-9999 -9999 -9999 -9999 -9999 -9999 -9999 -9999 -9999 -9999 -9999 -9999 -9999 -9999 -9999 -9999 -9999 -9999 -9999 -9999 -9999 -9999 -9999 -9999 -9999 -9999 -9999 3.99936103820801 3.99972438812256 3.99955773353577 3.99950194358826 3.99952626228333 3.99906468391418 3.99908494949341 3.99905681610107 3.99855780601501 3.99858140945435 3.99873447418213 3.99825477600098 3.99822092056274 3.99844408035278 3.99643659591675 3.99641871452332 3.99634909629822 3.99618887901306 3.99611496925354 3.99619507789612 3.99603772163391 3.99594211578369 3.99605298042297 3.99586915969849 3.9958131313324 3.99720692634583 4.00005388259888 3.99574112892151 3.99594593048096 3.9960663318634
4.04796314239502 4.02552938461304 4.0058765411377 4.02511405944824 -9999 -9999 -9999 -9999 -9999 -9999 -9999 -9999 -9999 -9999 -9999 -9999 -9999 -9999 -9999 -9999 -9999 -9999 -9999 -9999 -9999 -9999 3.99427652359009 4.0004734992981 4.00026559829712 4.00039911270142 4.0003924369812 4.0000581741333 4.00009202957153 3.99995279312134 3.99961566925049 3.99971079826355 3.99958062171936 3.99926662445068 3.99946165084839 3.99936699867249 3.99904894828796 3.99931359291077 3.99921464920044 3.99897956848145 3.9992835521698 3.99921584129333 3.99883818626404 3.99909329414368 3.99902486801147 3.99862241744995 3.99887943267822 3.99879598617554 3.99840474128723 3.9986526966095 3.9985773563385 3.99829578399658 3.99858856201172
4.04813718795776 4.02590084075928 4.02590847015381 4.0065221786499 3.99540185928345 3.98410582542419 3.98349857330322 3.9768488407135 3.96461319923401 -9999 -9999 -9999 -9999 -9999 -9999 -9999 -9999 -9999 -9999 -9999 -9999 -9999 -9999 -9999 -9999 -9999 4.00072574615479 3.99448370933533 3.99613642692566 4.00054883956909 4.00052833557129 4.00035190582275 4.0001802444458 4.00009727478027 3.99999094009399 3.99981284141541 3.99976968765259 3.99970841407776 3.99960041046143 3.99956130981445 3.99956703186035 3.99945116043091 3.99327063560486 3.99945497512817 3.99933958053589 3.99928975105286 3.9998095035553 3.9991672039032 3.99913382530212 3.99934935569763 3.99896812438965 4.00007247924805 3.99896502494812 3.99877095222473 3.99919390678406 3.99928259849548 3.99912118911743
4.05918264389038 4.04229593276978 4.02628946304321 4.02623271942139 4.00711154937744 3.98359823226929 3.97400760650635 3.97714114189148 3.977294921875 3.96545243263245 3.96541428565979 3.98988318443298 3.98655223846436 -9999 -9999 -9999 -9999 -9999 -9999 -9999 -9999 -9999 -9999 -9999 -9999 4.001051902771 4.0009126663208 4.00086975097656 4.00096368789673 3.99475526809692 3.99463772773743 3.9946756362915 4.00044965744019 4.00039100646973 4.0003809928894 4.00012445449829 4.00010204315186 4.00016927719116 3.9999840259552 4.00001096725464 3.9939603805542 3.99988389015198 3.99382495880127 4.00048780441284 3.99983310699463 3.99985671043396 3.99990797042847 3.99988031387329 4.00962114334106 3.99978232383728 4.0047025680542 4.0045428276062 3.99967956542969 3.99947810173035 3.99940705299377 3.99958467483521 3.99936628341675
4.00717115402222 4.02719640731812 4.02683353424072 4.00692796707153 3.99591183662415 3.98221731185913 3.9764232635498 3.97189021110535 3.97710275650024 3.9662492275238 3.96846532821655 3.9897677898407 3.98974943161011 3.98842215538025 3.99197578430176 3.99081015586853 3.99119997024536 4.00064468383789 -9999 -9999 -9999 -9999 -9999 -9999 -9999 4.00150728225708 4.00140380859375 4.00150108337402 4.00129747390747 4.00136661529541 4.00129842758179 4.00111055374146 4.0011420249939 3.99487113952637 3.99460911750793 4.00091552734375 4.00078296661377 4.0005955696106 4.00084972381592 4.0007472038269 4.00059413909912 4.00090074539185 3.99469542503357 4.00059652328491 4.00093650817871 4.00093984603882 4.00104856491089 4.00101709365845 4.00157165527344 4.00059747695923 4.0009241104126 4.00094985961914 4.00055170059204 4.00072479248047 4.0007119178772 4.00039196014404 4.00070190429688
4.02719736099243 4.02713632583618 4.02754211425781 4.0072717666626 3.98446226119995 3.97637629508972 3.97642016410828 3.96737575531006 3.96743440628052 3.96713376045227 3.96729898452759 3.97130680084229 3.97069644927979 3.99043273925781 3.97983860969543 3.982586145401 3.99305939674377 4.00094032287598 4.00163745880127 4.00276184082031 4.00226402282715 4.00576448440552 3.99536204338074 -9999 -9999 4.0020489692688 3.99559640884399 3.99721741676331 4.0017786026001 3.99538516998291 3.99701142311096 4.00160789489746 4.00120878219604 4.00126838684082 4.00132846832275 4.00105571746826 4.00106000900269 4.0012788772583 4.00102567672729 4.00105381011963 4.00133991241455 4.0010838508606 3.99507021903992 4.00148725509644 4.00119972229004 4.0013575553894 4.00170803070068 4.00120878219604 4.00134563446045 4.00271892547607 4.00123691558838 4.00119638442993 4.00145101547241 4.00109958648682 4.00105428695679 4.00140905380249 4.00113105773926
4.02811670303345 4.00779819488525 3.99616837501526 3.99618816375732 3.99477100372314 3.97638773918152 3.97638869285583 3.96725916862488 3.96806836128235 3.9680323600769 3.96865773200989 3.96868896484375 3.96811509132385 3.99198269844055 3.98763227462769 3.98558878898621 3.99104952812195 4.0016770362854 4.00186967849731 4.00257205963135 4.00235891342163 4.00275468826294 4.00171089172363 4.00209093093872 4.00228309631348 4.00174379348755 4.00184440612793 4.00198364257812 4.0017237663269 3.9955906867981 3.99552702903748 4.00154495239258 4.00161790847778 4.00185632705688 4.00181436538696 4.00194883346558 4.00186538696289 4.00184869766235 4.00198888778687 4.00199937820435 3.99576568603516 3.99604320526123 4.00267648696899 4.00256395339966 4.00241231918335 4.00244331359863 4.00226593017578 4.00247526168823 4.00262022018433 4.00231504440308 4.00243377685547 4.00246477127075 4.00228357315063 4.00238275527954 4.00210618972778 4.00226497650146 4.00230121612549
4.00786590576172 4.00818538665771 4.00774145126343 4.02813196182251 3.99641847610474 3.99290585517883 3.9847686290741 3.97256445884705 3.96697115898132 3.96785640716553 3.9680757522583 3.9699878692627 3.9697892665863 3.98965382575989 3.98814296722412 3.99053955078125 4.00729084014893 4.00188064575195 4.00209760665894 4.00656175613403 4.00291156768799 4.00331687927246 4.00187635421753 4.00209665298462 4.0020956993103 4.0021185874939 4.00229740142822 4.00258874893188 4.00210428237915 3.99586296081543 3.99584054946899 4.00188779830933 4.00191354751587 4.00189352035522 3.99724626541138 4.00191974639893 4.00201654434204 4.00196170806885 4.00209331512451 4.0021185874939 3.99598789215088 4.00239706039429 4.00242185592651 4.00247764587402 4.00268888473511 4.0026683807373 4.00667428970337 4.00681400299072 4.01023197174072 4.00270795822144 4.00272369384766 4.00349855422974 4.0033802986145 4.00304174423218 4.00301551818848 4.00302410125732 4.00302410125732
4.00794982910156 4.00813817977905 4.00832939147949 4.02853012084961 3.99491167068481 3.99696135520935 3.98519515991211 3.97278451919556 3.96804761886597 3.96859169006348 3.96862721443176 3.96812605857849 3.970534324646 3.96609711647034 3.99151682853699 3.99189329147339 4.00737571716309 4.00214338302612 4.0033164024353 4.00394678115845 4.00335359573364 4.0031886100769 4.00223207473755 4.00245141983032 4.00240421295166 4.00223398208618 4.00242328643799 4.00256490707397 3.99777412414551 4.00207567214966 4.0021390914917 4.00225305557251 4.00202417373657 4.00205755233765 4.00225734710693 4.00207614898682 4.00214624404907 4.00242710113525 4.00225830078125 4.00233125686646 4.00275278091431 4.00256061553955 4.002685546875 4.00298261642456 4.00287342071533 4.00319194793701 4.00336170196533 4.00302648544312 4.003173828125 4.00337600708008 4.00302696228027 4.00286388397217 4.0031943321228 4.00281000137329 4.00258350372314 4.00323677062988 4.00335931777954
4.00850439071655 4.00846767425537 3.99331283569336 3.99334740638733 3.985023021698 3.9845290184021 3.98540544509888 3.97737979888916 3.97786521911621 3.97791981697083 3.97829437255859 3.96942400932312 3.96793437004089 3.97141313552856 3.99095344543457 4.00783634185791 4.00770044326782 4.00672578811646 4.00364589691162 4.00389003753662 4.00235509872437 4.00231218338013 4.00255107879639 4.00254535675049 4.00263214111328 4.00262498855591 4.00281572341919 4.00284242630005 4.00312519073486 4.00277709960938 4.00273180007935 4.00271701812744 4.00285243988037 4.00297880172729 4.00325584411621 4.00321817398071 4.00537014007568 4.00370407104492 4.00347852706909 4.00407886505127 4.00373506546021 4.00393342971802 4.00359535217285 4.00380039215088 4.00390386581421 4.00399732589722 4.0080099105835 4.01365375518799 4.00365591049194 4.00360155105591 4.00347137451172 4.00352811813354 4.00319957733154 4.00305986404419 4.00300121307373 4.00302839279175 4.002685546875
4.02894163131714 4.00821161270142 3.99728894233704 3.99355888366699 3.99560952186584 3.99573040008545 3.97758340835571 3.97725319862366 3.98529028892517 3.98426961898804 3.97352576255798 3.96888637542725 3.96907424926758 3.96766257286072 3.98664689064026 3.99259257316589 4.00882148742676 4.00347757339478 4.00398969650269 4.00433921813965 4.00289678573608 4.00286769866943 4.00276184082031 3.99658942222595 4.00336885452271 4.00297451019287 3.9986264705658 4.00305223464966 3.99697709083557 3.9970121383667 4.00294876098633 3.98805046081543 4.00313520431519 4.00320434570312 4.0039496421814 4.00476503372192 4.00881147384644 4.00393152236938 4.00391674041748 4.00400638580322 4.00391864776611 4.00406169891357 4.00431489944458 4.00439500808716 4.00409317016602 4.0086727142334 4.01363229751587 4.00150728225708 4.00396490097046 4.00396394729614 4.0039644241333 4.00371122360229 4.00361585617065 4.00364398956299 4.00350189208984 4.00302791595459 4.00302743911743
4.02919769287109 4.00851535797119 3.99755573272705 3.99755501747131 3.99403381347656 3.98481297492981 3.97777605056763 3.98491954803467 3.97785830497742 3.97832131385803 3.96871948242188 3.96897053718567 3.96936082839966 3.99266576766968 3.99185991287231 3.992591381073 4.00895500183105 4.0089545249939 4.00418663024902 4.00512456893921 4.00527191162109 4.00307941436768 4.0030951499939 3.99725222587585 4.00332975387573 4.003333568573 3.96429491043091 4.00327682495117 4.00328683853149 4.00320148468018 3.99730777740479 3.96434807777405 4.00335645675659 4.00358295440674 4.00470733642578 4.00512933731079 4.00401306152344 3.9997718334198 4.00418090820312 4.00400686264038 4.00452136993408 4.00432586669922 4.00442028045654 4.00463819503784 4.00450658798218 4.0047812461853 4.00472593307495 4.00455236434937 4.00449895858765 4.00396394729614 4.00407123565674 4.00387239456177 4.003830909729 4.00388050079346 4.00381517410278 4.0031852722168 4.00315475463867
4.00867652893066 3.99772906303406 3.99775528907776 3.99762010574341 3.99404144287109 3.99406743049622 3.98565030097961 3.9778618812561 3.97394752502441 3.96939992904663 3.97007751464844 3.96964764595032 3.97157788276672 3.99271321296692 3.99204444885254 3.99340844154358 4.00931215286255 4.00980949401855 4.00491237640381 4.00413084030151 4.00549745559692 4.00375747680664 4.00353097915649 3.99743938446045 4.00351715087891 4.00374603271484 3.96465635299683 4.0038890838623 3.99774408340454 4.00404071807861 4.00400829315186 3.99789595603943 4.00420188903809 4.00431299209595 4.00432538986206 3.99852657318115 4.00470399856567 4.00466108322144 4.00443410873413 4.00466918945312 4.00576305389404 4.00483274459839 4.00495958328247 4.00491619110107 4.00470352172852 4.00505495071411 4.00510692596436 4.00481653213501 4.00454378128052 4.00438547134399 4.00449419021606 4.00424718856812 3.99948024749756 4.0038800239563 4.00381088256836 4.00380945205688 4.00340461730957
3.99787497520447 3.99795699119568 3.99620127677917 3.99631977081299 4.00895690917969 3.9851336479187 3.99826765060425 3.98558664321899 3.97413754463196 3.96777963638306 3.97383189201355 3.96937918663025 3.96814966201782 3.99260830879211 3.99277400970459 3.99344873428345 4.01027870178223 4.00489854812622 4.0055193901062 4.01033163070679 4.00546360015869 4.00393581390381 4.00373220443726 4.00374221801758 4.00375699996948 4.00375080108643 4.00407791137695 4.00411987304688 4.00401830673218 4.00412654876709 4.00419998168945 4.00411558151245 4.00443315505981 4.00458240509033 4.00478506088257 4.00476360321045 4.00484085083008 4.00488090515137 4.00487899780273 4.0051326751709 4.00496101379395 4.00528001785278 4.00538206100464 4.00503873825073 4.00552558898926 4.00534868240356 4.00501108169556 4.00516843795776 4.00476789474487 4.0046763420105 4.00468873977661 4.00464677810669 4.00415706634521 4.00392389297485 4.0038537979126 4.0038537979126 4.00371217727661
3.99799084663391 4.0092134475708 3.99442005157471 3.99810457229614 3.9861946105957 3.98560380935669 3.98560357093811 3.97830486297607 3.96989846229553 3.97467589378357 3.96940946578979 3.96846008300781 3.99209499359131 3.98947954177856 3.9924590587616 3.99259114265442 3.99291372299194 4.01042079925537 4.00521802902222 4.01110792160034 4.01110935211182 4.0082573890686 4.00374364852905 4.00398206710815 4.00398635864258 4.00408935546875 4.00407934188843 4.00412178039551 4.00426816940308 4.00412178039551 4.00418615341187 4.00455713272095 4.00443172454834 4.00456953048706 4.00486040115356 4.00475835800171 4.0049524307251 4.00490140914917 4.00516843795776 4.00519418716431 4.00925016403198 4.00543594360352 4.00565576553345 4.00578308105469 4.00564479827881 4.00569581985474 4.0055832862854 4.00531959533691 4.00529766082764 4.00537776947021 4.004807472229 4.00476264953613 4.00460195541382 4.00421237945557 4.00385475158691 4.00425004959106 4.00413179397583
4.00885629653931 4.00921297073364 4.00910806655884 3.99834299087524 3.98527646064758 3.98556303977966 3.97796750068665 3.97783160209656 3.96980571746826 3.97012758255005 3.97010111808777 3.96861886978149 3.96944284439087 3.99367475509644 3.99064040184021 3.99301528930664 3.9933660030365 4.00968837738037 4.01013231277466 4.00574207305908 4.00614643096924 4.0044584274292 4.00396203994751 4.00408792495728 4.00408935546875 4.00408363342285 4.0042872428894 4.00431203842163 4.00424718856812 4.00424289703369 4.00460815429688 4.00455522537231 4.0046067237854 4.00502157211304 4.00498390197754 4.00039577484131 4.00509214401245 4.00506210327148 4.00083160400391 4.00528478622437 4.00519800186157 4.00566148757935 4.00573062896729 4.00572967529297 3.99956846237183 4.00611543655396 4.00579309463501 4.00541591644287 4.00538444519043 4.0055775642395 4.00547122955322 4.00476408004761 4.00472021102905 4.0048246383667 4.00427913665771 4.00397300720215 4.00397109985352
4.03020763397217 4.03033924102783 3.98573112487793 3.99666380882263 3.98603582382202 3.98567700386047 3.97808814048767 3.96733450889587 3.96945071220398 3.97032809257507 3.96988415718079 3.97059488296509 3.97023367881775 3.9933876991272 3.9926962852478 3.99261832237244 3.99335479736328 4.01007223129272 4.01006698608398 4.00546598434448 4.0060338973999 4.00780200958252 4.00413227081299 4.00413036346436 4.00406455993652 4.00426530838013 4.00424003601074 4.00418090820312 4.00411176681519 4.0046181678772 4.00012969970703 3.99995088577271 4.00513315200806 4.00519609451294 4.00497817993164 4.00530529022217 4.00519275665283 4.0050892829895 4.00533866882324 4.00543785095215 4.00554180145264 4.00577831268311 4.00989675521851 4.00589418411255 4.00571203231812 4.00574541091919 4.00582408905029 4.00583171844482 4.0054931640625 4.00548315048218 4.00545072555542 4.0054726600647 4.00514936447144 4.00488710403442 4.00471830368042 4.00454187393188 4.00406742095947
4.00926876068115 4.0093846321106 4.00956296920776 3.99861621856689 3.98595881462097 3.98595833778381 3.97833180427551 3.97494697570801 3.96986103057861 3.96994304656982 3.97459506988525 3.97133445739746 3.97262096405029 3.99302697181702 3.9935941696167 3.98847365379333 3.99345993995667 3.99216437339783 4.01041889190674 4.00634622573853 4.00631093978882 4.00487470626831 4.00432062149048 4.0042519569397 4.00422430038452 4.00430727005005 4.0042405128479 4.00422430038452 4.00463390350342 4.00489234924316 4.00012922286987 4.00500249862671 4.00500011444092 4.00508785247803 4.00525140762329 4.00516557693481 4.00526285171509 4.00591897964478 4.00873851776123 4.01248979568481 4.00824975967407 4.00938653945923 4.00957012176514 4.00702047348022 4.00679063796997 4.01014995574951 4.01006555557251 4.01019477844238 4.006187915802 4.00900888442993 4.00978946685791 4.00969266891479 4.00975847244263 4.00972270965576 4.00503206253052 4.00927448272705 3.98486757278442
3.9970920085907 3.99493813514709 4.00976037979126 3.9987621307373 3.99713325500488 3.98610043525696 3.97840595245361 3.97870874404907 3.97083473205566 3.97073841094971 3.9712278842926 3.97292375564575 3.97054290771484 3.99319124221802 3.99338316917419 3.98694968223572 3.99308013916016 4.01059579849243 4.01093769073486 4.00613307952881 4.00630760192871 4.0070276260376 4.00659036636353 4.00716638565063 4.00425481796265 4.00426626205444 4.00425577163696 4.00454425811768 4.00466871261597 4.00477647781372 4.00461959838867 4.00500440597534 4.00503587722778 4.00516653060913 4.00526094436646 4.0051736831665 4.00527048110962 4.00552558898926 4.01362943649292 4.01377773284912 4.00903511047363 4.00942230224609 4.00934505462646 4.00941228866577 4.00960731506348 4.00961828231812 4.00967025756836 4.00974798202515 4.00987148284912 4.0099081993103 3.99623203277588 4.00455665588379 4.00474119186401 4.00443983078003 4.00439977645874 3.98589777946472 4.03368997573853
3.99514532089233 3.99883699417114 3.99883413314819 3.98653435707092 3.97871112823486 3.98688960075378 3.97871446609497 3.97870302200317 3.97086048126221 3.97086811065674 3.97104001045227 3.97090268135071 3.97088384628296 3.99356913566589 3.99309873580933 3.99021935462952 3.99254703521729 3.99377417564392 4.01090097427368 4.00632667541504 4.00632190704346 4.00683784484863 4.01153707504272 4.00681972503662 4.00471448898315 4.0043478012085 4.00461530685425 4.00475597381592 4.00468921661377 4.00470638275146 4.00498580932617 4.00495147705078 4.00502490997314 4.00521945953369 4.00537538528442 4.00885725021362 4.00906944274902 4.00632905960083 4.01380395889282 3.9985613822937 4.01376628875732 4.00929069519043 4.00935792922974 4.00936460494995 4.01430082321167 4.0143346786499 4.00967693328857 4.01523494720459 4.01526212692261 4.00129842758179 4.00468301773071 4.00516939163208 4.00454330444336 4.00422334671021 4.00461101531982 4.00863885879517 4.13005399703979
3.9867959022522 3.99909806251526 3.99759793281555 3.986088514328 3.98637628555298 3.97869753837585 3.97535538673401 3.97999954223633 3.97114372253418 3.97114753723145 3.97166609764099 3.97452592849731 3.97107028961182 3.99440765380859 3.99386930465698 3.99379301071167 3.98914408683777 3.99457859992981 3.99473881721497 4.01068115234375 4.01116466522217 4.00682592391968 4.0114951133728 4.01176929473877 4.0047779083252 4.00460910797119 4.00491571426392 4.0048565864563 4.00475740432739 4.00473117828369 4.00526142120361 4.00551605224609 4.00564861297607 4.00871086120605 4.00894832611084 4.00895214080811 4.0090217590332 4.00613784790039 3.99928689002991 3.99968719482422 4.00938320159912 4.00942134857178 4.00942850112915 4.00946807861328 4.01428747177124 4.01430034637451 4.00984811782837 3.9964599609375 3.99980068206787 3.99660444259644 3.98836541175842 3.9883279800415 3.99991250038147 3.9812126159668 3.98861002922058 4.08031845092773 6.12056303024292
3.99748349189758 3.99927353858948 3.99764633178711 3.99784564971924 3.99946522712708 3.97934055328369 3.97933626174927 3.9756805896759 3.96878576278687 3.97009921073914 3.97214412689209 3.97207117080688 3.97188401222229 3.97201538085938 3.99364042282104 3.99389386177063 3.99255633354187 3.99387407302856 3.99462056159973 3.99292635917664 4.01116752624512 4.01116704940796 4.00687456130981 4.00703239440918 4.00650501251221 4.00551795959473 4.0055103302002 4.00550174713135 4.00474071502686 4.00539875030518 4.00507783889771 4.00492382049561 4.00749397277832 4.00870561599731 4.0071873664856 4.0079402923584 4.00687551498413 4.00905323028564 3.99941277503967 4.01389741897583 4.01388072967529 4.01400470733643 4.01416301727295 3.99948215484619 4.00073051452637 4.00046396255493 4.00106143951416 3.99952220916748 3.9995379447937 3.99444484710693 3.99765205383301 5.53540182113647 4.00366401672363 4.00900030136108 6.10593843460083 10.4615640640259 26.560962677002
