G_variables/Set1/RCP8_2050/Min_tem_max.asc
NCOLS 229 
NROWS 147 
XLLCORNER -101.25 
YLLCORNER 14.3333333333333 
CELLSIZE 0.0833333333333333 
NODATA_value -9999 
[rows 78 to 103 of 147, columns 171 to 227 of 229]
5.28263854980469 4.85269117355347 4.58953237533569 4.85920095443726 14.6792726516724 15.9548749923706 9.34164714813232 10.6492176055908 4.4080548286438 3.65658497810364 3.62431526184082 3.61616349220276 3.59390997886658 3.59393405914307 3.59393429756165 3.59410548210144 3.59409236907959 3.58484077453613 3.58483576774597 3.59409022331238 3.5940945148468 3.59214305877686 3.5940535068512 3.59405374526978 -9999 -9999 -9999 -9999 -9999 -9999 -9999 -9999 -9999 -9999 -9999 -9999 -9999 -9999 -9999 -9999 -9999 -9999 -9999 -9999 -9999 -9999 -9999 -9999 -9999 -9999 -9999 -9999 -9999 -9999 -9999 -9999 -9999
5.28583192825317 4.81151390075684 4.58904504776001 10.2665014266968 9.21025657653809 7.18323993682861 4.17209148406982 4.29758739471436 3.65603494644165 3.65941381454468 3.58462023735046 3.59394955635071 3.59395408630371 3.59412932395935 3.59412622451782 3.5848605632782 3.58486151695251 3.59193062782288 3.59216833114624 3.59409999847412 3.5941002368927 3.59214854240417 3.58532381057739 3.5866391658783 3.59405207633972 -9999 -9999 -9999 -9999 -9999 -9999 -9999 -9999 -9999 -9999 -9999 -9999 -9999 -9999 -9999 -9999 -9999 -9999 -9999 -9999 -9999 -9999 -9999 -9999 -9999 -9999 -9999 -9999 -9999 -9999 -9999 -9999
4.8258843421936 4.5868091583252 4.88337516784668 10.2691879272461 10.2491483688354 3.9206268787384 3.81975960731506 3.68058633804321 3.64263701438904 3.58492159843445 3.59396481513977 3.59395599365234 3.5941264629364 3.59412837028503 3.59413170814514 3.59412312507629 3.59412789344788 3.59412550926208 3.5941174030304 3.59412717819214 3.59410810470581 3.59410262107849 3.58547735214233 3.58726334571838 3.59229636192322 3.59422731399536 -9999 -9999 -9999 -9999 -9999 -9999 -9999 -9999 -9999 -9999 -9999 -9999 -9999 -9999 -9999 -9999 -9999 -9999 -9999 -9999 -9999 -9999 -9999 -9999 -9999 -9999 -9999 -9999 -9999 -9999 -9999
4.84512710571289 4.54144859313965 4.32676315307617 5.6255521774292 4.39989805221558 4.82421064376831 3.6173152923584 3.59212279319763 3.58470487594604 3.5939621925354 3.59414386749268 3.59414315223694 3.59413576126099 3.5941379070282 3.59413909912109 3.59414482116699 3.5941469669342 3.59413719177246 3.59413957595825 3.5858781337738 3.5857150554657 3.58611726760864 3.59428596496582 3.59428572654724 3.59427881240845 3.59425473213196 3.59422373771667 -9999 -9999 -9999 -9999 -9999 -9999 -9999 -9999 -9999 -9999 -9999 -9999 -9999 -9999 -9999 -9999 -9999 -9999 -9999 -9999 -9999 -9999 -9999 -9999 -9999 -9999 -9999 -9999 -9999 -9999
5.24795150756836 5.25896978378296 4.32553339004517 4.00570392608643 4.54378128051758 5.29024410247803 3.61712241172791 3.5939633846283 3.59396433830261 3.59414386749268 3.59334754943848 3.59415626525879 3.59414982795715 3.59414649009705 3.5941436290741 3.5941436290741 3.58657097816467 3.57861304283142 3.58486413955688 3.58597660064697 3.58682060241699 3.59432077407837 3.59430336952209 3.59429240226746 3.5942747592926 3.59427213668823 3.59426045417786 -9999 -9999 -9999 -9999 -9999 -9999 -9999 -9999 -9999 -9999 -9999 -9999 -9999 -9999 -9999 -9999 -9999 -9999 -9999 -9999 -9999 -9999 -9999 -9999 -9999 -9999 -9999 -9999 -9999 -9999
6.22801923751831 5.31557703018188 6.28492450714111 4.79916334152222 5.61300420761108 4.5907735824585 3.6582510471344 3.59415054321289 3.59198236465454 3.59188103675842 3.58483076095581 3.5848970413208 3.58513736724854 3.59415817260742 3.59415578842163 3.58586192131042 3.58572435379028 3.57866930961609 3.57875084877014 3.58597469329834 3.58611989021301 3.59432816505432 3.594318151474 3.59429693222046 3.59429121017456 3.59426331520081 3.59426212310791 3.58527684211731 -9999 -9999 -9999 -9999 -9999 -9999 -9999 -9999 -9999 -9999 -9999 -9999 -9999 -9999 -9999 -9999 -9999 -9999 -9999 -9999 -9999 -9999 -9999 -9999 -9999 -9999 -9999 -9999 -9999
5.22944021224976 4.85488176345825 7.96253490447998 5.19088888168335 4.32483577728271 3.99927020072937 3.58490681648254 3.58501982688904 3.58488202095032 3.59415006637573 3.58489847183228 3.58513617515564 3.58259654045105 3.59415411949158 3.59415745735168 3.59433102607727 3.59434008598328 3.58658790588379 3.58309054374695 3.58503866195679 3.58613967895508 3.59435391426086 3.59433770179749 3.59431314468384 3.58527565002441 3.59253883361816 3.59429574012756 3.59427189826965 3.59425377845764 3.59422636032104 3.59433031082153 3.59428882598877 -9999 -9999 -9999 -9999 -9999 -9999 -9999 -9999 -9999 -9999 -9999 -9999 -9999 -9999 -9999 -9999 -9999 -9999 -9999 -9999 -9999 -9999 -9999 -9999 -9999
4.16100597381592 4.00059843063354 3.76042318344116 3.64212965965271 3.62512707710266 3.59188437461853 3.59416508674622 3.59415864944458 3.59416055679321 3.59222602844238 3.58515477180481 3.58513879776001 3.59415793418884 3.59416151046753 3.59434247016907 3.58517932891846 3.58729410171509 3.58516502380371 3.58601784706116 3.58580207824707 3.5943500995636 3.5943455696106 3.59433770179749 3.58530926704407 3.58503007888794 3.58529734611511 3.58530020713806 3.59251642227173 3.59437346458435 3.59437346458435 3.5924608707428 3.59199142456055 3.59351825714111 3.59347772598267 3.59188914299011 3.58510136604309 3.6245973110199 3.65509033203125 3.655113697052 -9999 -9999 -9999 -9999 -9999 -9999 -9999 -9999 -9999 -9999 -9999 -9999 -9999 -9999 -9999 -9999 -9999 -9999
4.16943645477295 4.16352510452271 3.71039366722107 3.64129662513733 3.62339782714844 3.5941641330719 3.59416198730469 3.59416198730469 3.5941641330719 3.59415793418884 3.59415769577026 3.59415888786316 3.59433507919312 3.5851674079895 3.58515477180481 3.58514738082886 3.58547139167786 3.58525419235229 3.5866870880127 3.59438133239746 3.59436011314392 3.59435939788818 3.59433841705322 3.58718585968018 3.58530306816101 3.58525466918945 3.58502459526062 3.58527231216431 3.59362077713013 3.59360122680664 3.58524942398071 3.59201550483704 3.59353756904602 3.59348917007446 3.61705327033997 3.6240451335907 3.65602469444275 3.64821076393127 3.64794659614563 3.65702795982361 3.65450978279114 3.65420174598694 3.65491032600403 -9999 -9999 -9999 -9999 -9999 -9999 -9999 -9999 -9999 -9999 -9999 -9999 -9999 -9999
4.15841674804688 4.1598596572876 3.71043610572815 3.6160991191864 3.59209036827087 3.59416484832764 3.59416890144348 3.59417271614075 3.59417486190796 3.59417104721069 3.59434723854065 3.59434366226196 3.59435272216797 3.58518195152283 3.58525109291077 3.59434795379639 3.58526253700256 3.58524632453918 3.59436798095703 3.58534073829651 3.5925977230072 3.59436130523682 3.59258818626404 3.5868399143219 3.58552241325378 3.5853271484375 3.58621621131897 3.59210395812988 3.59362387657166 3.59191060066223 3.61768651008606 3.59175586700439 3.59330487251282 3.58493828773499 3.6239755153656 3.6515965461731 3.62104201316833 3.62267589569092 3.62208032608032 3.65530276298523 3.64962792396545 3.65030717849731 3.6202712059021 3.62036824226379 -9999 -9999 -9999 -9999 -9999 -9999 -9999 -9999 -9999 -9999 -9999 -9999 -9999
4.81058311462402 4.27162599563599 3.63555312156677 3.5919976234436 3.59417653083801 3.59417581558228 3.59418034553528 3.59418034553528 3.59435248374939 3.59435343742371 3.59435772895813 3.59435153007507 3.59435224533081 3.5943500995636 3.59435081481934 3.5943546295166 3.59435248374939 3.59436798095703 3.58537745475769 3.59195327758789 3.58505821228027 3.58600378036499 3.59259247779846 3.585369348526 3.58531665802002 3.59212875366211 3.58559632301331 3.58550834655762 3.58528876304626 3.59193301200867 3.61700057983398 3.64993953704834 3.64522171020508 3.65542960166931 3.64514851570129 3.62300562858582 3.67363238334656 3.69541692733765 3.66650581359863 3.64450573921204 3.6549756526947 3.65027165412903 3.65537166595459 3.62765288352966 3.62729978561401 -9999 -9999 -9999 -9999 -9999 -9999 -9999 -9999 -9999 -9999 -9999 -9999
26.9110298156738 6.22562408447266 3.81243419647217 3.5852267742157 3.5941755771637 3.59224390983582 3.59241914749146 3.59435391426086 3.59435796737671 3.59435725212097 3.59435606002808 3.59435391426086 3.5943489074707 3.59434843063354 3.5943546295166 3.59435725212097 3.59435629844666 3.59435343742371 3.58536815643311 3.58535647392273 3.58505606651306 3.59415173530579 3.59369921684265 3.59369897842407 3.59369874000549 3.59213185310364 3.5878324508667 3.58774733543396 3.58523988723755 3.64219212532043 3.63187503814697 3.6479434967041 3.64512848854065 3.62165141105652 3.61435675621033 3.63098335266113 3.72403883934021 3.74626231193542 3.69972896575928 3.64384531974792 3.62873125076294 3.62838268280029 3.61377310752869 3.62880730628967 3.63172483444214 3.61835789680481 -9999 -9999 -9999 -9999 -9999 -9999 -9999 -9999 -9999 -9999 -9999
19.1934967041016 5.19652986526489 3.81190013885498 3.5924026966095 3.59242153167725 3.59242486953735 3.59241890907288 3.59435176849365 3.59435057640076 3.59435176849365 3.59435248374939 3.59435319900513 3.59435343742371 3.59435749053955 3.59435653686523 3.5943615436554 3.59435629844666 3.59401917457581 3.59259271621704 3.58537483215332 3.58534526824951 3.59370923042297 3.5937077999115 3.59369254112244 3.59369516372681 3.58534049987793 3.58669424057007 3.58568072319031 3.61669135093689 3.62389421463013 3.63154029846191 3.63558506965637 3.64461445808411 3.64528059959412 3.62330794334412 3.64625883102417 3.72292494773865 3.74585795402527 3.79309940338135 3.74339151382446 3.71989679336548 3.66454124450684 3.62126016616821 3.66333079338074 3.66931462287903 3.66950559616089 -9999 -9999 -9999 -9999 -9999 -9999 -9999 -9999 -9999 -9999 -9999
4.3045015335083 3.7401111125946 3.68124318122864 3.62318634986877 3.58522319793701 3.58528113365173 3.59434986114502 3.59435105323792 3.59434843063354 3.59434843063354 3.59434962272644 3.59435343742371 3.59435820579529 3.59435987472534 3.59436058998108 3.59401988983154 3.59401941299438 3.59413838386536 3.59370303153992 3.59370827674866 3.5937066078186 3.59370374679565 3.59370350837708 3.59369874000549 3.59339118003845 3.59153246879578 3.5915265083313 3.59280109405518 3.61695957183838 3.62188386917114 3.80141806602478 3.69943976402283 3.65650010108948 3.64540648460388 3.62348437309265 3.70094299316406 6.01088666915894 22.9006538391113 29.606840133667 21.4082546234131 11.7748680114746 3.90034818649292 3.64177346229553 4.15270853042603 4.54296779632568 4.15155076980591 3.66900277137756 -9999 -9999 -9999 -9999 -9999 -9999 -9999 -9999 -9999 -9999
3.870201587677 3.65078163146973 3.65535688400269 3.65536069869995 3.58524084091187 3.5852518081665 3.59434986114502 3.59249877929688 3.59434747695923 3.59249877929688 3.59434795379639 3.59435415267944 3.58532357215881 3.58532238006592 3.5940215587616 3.59346151351929 3.59369444847107 3.59370422363281 3.59370708465576 3.59372067451477 3.59370803833008 3.59370231628418 3.59339475631714 3.58506345748901 3.58474659919739 3.58486652374268 3.61643314361572 3.61639976501465 3.61616730690002 3.64266443252563 3.72900676727295 3.62174344062805 3.65080308914185 3.62347674369812 3.68893337249756 18.489185333252 31.2824230194092 31.2914047241211 31.2963047027588 30.3259792327881 7.71826314926147 3.90128111839294 3.69655060768127 4.54045724868774 26.160623550415 24.2145557403564 4.56382322311401 6.08377504348755 -9999 -9999 -9999 -9999 -9999 -9999 -9999 -9999 -9999
3.91737365722656 3.62394094467163 3.58524346351624 3.58524799346924 3.58524084091187 3.59227561950684 3.58502197265625 3.58526158332825 3.59250330924988 3.59401655197144 3.59401726722717 3.5934591293335 3.58533048629761 3.58535146713257 3.59214496612549 3.59369707107544 3.59370064735413 3.59369921684265 3.5921483039856 3.59215807914734 3.59185171127319 3.59339737892151 3.59308171272278 3.61689829826355 3.62358999252319 3.62350106239319 3.62329483032227 3.62250375747681 3.65569758415222 3.64968276023865 3.67494773864746 3.66793060302734 3.63018298149109 3.74768733978271 5.93682765960693 31.2590274810791 31.2562980651855 31.2616729736328 31.2702770233154 5.88958644866943 3.97788333892822 4.0083703994751 3.98038291931152 4.5390567779541 31.3032131195068 31.3069667816162 6.07673406600952 4.37200307846069 4.15077543258667 -9999 -9999 -9999 -9999 -9999 -9999 -9999 -9999
3.73906874656677 3.62375211715698 3.59188675880432 3.58481311798096 3.584796667099 3.58478808403015 3.58530569076538 3.58513927459717 3.58553242683411 3.59163975715637 3.59322881698608 3.5932297706604 3.59346151351929 3.5850977897644 3.59192180633545 3.59346866607666 3.59346914291382 3.59346795082092 3.59163546562195 3.5847339630127 3.58452820777893 3.5907142162323 3.59150552749634 3.64624714851379 3.646404504776 3.65558648109436 3.64835572242737 3.64296507835388 3.64260244369507 3.64278507232666 3.67478203773499 3.66805267333984 3.70107078552246 8.69528007507324 13.0026159286499 30.9972496032715 29.2585067749023 7.60719203948975 3.98154973983765 4.31527233123779 4.59247922897339 4.37952518463135 4.31066036224365 4.30994462966919 13.109546661377 14.6328058242798 4.30662202835083 3.720290184021 3.65204477310181 -9999 -9999 -9999 -9999 -9999 -9999 -9999 -9999
8.66170120239258 3.67341542243958 3.58500742912292 3.65478920936584 3.65593504905701 3.58478832244873 3.58517336845398 3.58505940437317 3.58615016937256 3.58485507965088 3.59156847000122 3.59293413162231 3.59293413162231 3.59317326545715 3.59317374229431 3.59317421913147 3.59317517280579 3.59317350387573 3.58513951301575 3.59101843833923 3.58426094055176 3.59099435806274 3.65432572364807 3.62243866920471 3.62231302261353 3.64765882492065 3.64623641967773 3.64593601226807 3.65317511558533 3.64948320388794 3.63408732414246 3.63395214080811 3.74298405647278 5.33288621902466 5.35039663314819 4.596923828125 19.0192604064941 12.8347549438477 4.85057926177979 5.2345232963562 4.82016944885254 4.30932712554932 4.84578657150269 5.2475733757019 4.76475286483765 4.30368518829346 3.62120866775513 3.61035847663879 3.60994911193848 3.57769274711609 -9999 -9999 -9999 -9999 -9999 -9999 -9999
16.1289691925049 4.29913330078125 3.61631011962891 3.63919448852539 3.6453104019165 3.58567714691162 3.58531093597412 3.58547019958496 3.58506417274475 3.58671593666077 3.58452177047729 3.59147381782532 3.59293389320374 3.59293389320374 3.59293460845947 3.59153628349304 3.59256148338318 3.59232187271118 3.59100890159607 3.59062767028809 3.61611843109131 3.62112951278687 3.62211799621582 3.62196063995361 3.64628314971924 3.64599347114563 3.67472290992737 3.67460966110229 3.69710850715637 3.6907958984375 3.62944626808167 3.63378477096558 3.69462156295776 4.27902793884277 29.2813510894775 31.2072715759277 31.2110652923584 10.9867057800293 10.979926109314 12.6624526977539 7.45501327514648 4.57976865768433 4.57980251312256 4.83647871017456 4.83742141723633 3.63066363334656 3.58453893661499 3.58400583267212 3.5813889503479 3.64944076538086 3.64895939826965 -9999 -9999 -9999 -9999 -9999 -9999
9.57418251037598 3.67173981666565 3.58510208129883 3.62364935874939 3.62329912185669 3.58510684967041 3.5850133895874 3.58529186248779 3.58584952354431 3.58678126335144 3.58438467979431 3.58416652679443 3.58439040184021 3.58401894569397 3.59080100059509 3.58396053314209 3.59180426597595 3.58367133140564 3.584303855896 3.59007024765015 3.59041261672974 3.62189936637878 3.63001441955566 3.63014531135559 3.64963436126709 3.67464828491211 3.62257075309753 5.2395339012146 27.5506038665771 12.4148254394531 3.70058298110962 3.72550678253174 6.58306932449341 8.45766830444336 28.9357109069824 30.4616928100586 31.1898555755615 6.52685403823853 31.1958503723145 31.1991348266602 12.4626121520996 4.37199401855469 3.64160585403442 3.64105272293091 3.61940670013428 3.57831716537476 3.58367967605591 3.57791972160339 3.58390140533447 3.61383986473083 3.65891170501709 -9999 -9999 -9999 -9999 -9999 -9999
3.65500855445862 3.61599779129028 3.58470439910889 3.58468294143677 3.58451724052429 3.58465099334717 3.58474588394165 3.58468079566956 3.58553171157837 3.5907883644104 3.58370065689087 3.58564186096191 3.58501267433167 3.58362936973572 3.61660718917847 3.65437006950378 3.62383103370667 3.62485456466675 3.62322568893433 3.65410900115967 3.65411972999573 3.6537492275238 3.64025497436523 3.62969088554382 3.69811463356018 3.69214129447937 3.63354754447937 4.59000873565674 10.52379322052 6.42057275772095 4.3160400390625 10.5920562744141 31.1449394226074 30.9157161712646 4.55682754516602 3.79421997070312 3.88638019561768 4.3066782951355 25.0805339813232 23.9928283691406 3.74442863464355 3.61081719398499 3.57835006713867 3.62631177902222 3.62175989151001 3.57254123687744 3.58307147026062 3.57793617248535 3.61906862258911 3.65739369392395 3.65090656280518 3.60960960388184 -9999 -9999 -9999 -9999 -9999
3.62391877174377 3.65496611595154 3.62392497062683 3.62341499328613 3.61602306365967 3.59137678146362 3.58456301689148 3.58492350578308 3.5853066444397 3.58611941337585 3.58472967147827 3.5847487449646 3.58613634109497 3.59027862548828 3.65411257743835 3.65560841560364 3.6549654006958 3.6210458278656 3.67501306533813 3.67449498176575 3.63159418106079 3.6452214717865 3.64620351791382 3.64529752731323 3.69261717796326 3.67272567749023 3.67334127426147 3.67314577102661 3.70029282569885 3.79733324050903 4.38147449493408 7.18408918380737 8.22620677947998 4.74296426773071 3.6301109790802 3.62047863006592 3.58607244491577 3.62027478218079 3.65015029907227 3.65065312385559 3.58441615104675 3.57095789909363 3.57827544212341 3.65293836593628 3.66610097885132 3.65258455276489 3.61970782279968 3.65734171867371 3.64966940879822 3.65150618553162 3.61028480529785 3.61878824234009 -9999 -9999 -9999 -9999 -9999
3.62322163581848 3.65495491027832 3.63943314552307 3.65676045417786 3.62364435195923 3.59137606620789 3.58489799499512 3.58475017547607 3.58466696739197 3.62375998497009 3.62381315231323 3.58449840545654 3.58360648155212 3.61652755737305 3.65432381629944 3.62375807762146 3.65514898300171 3.61924457550049 3.67466640472412 3.67491173744202 3.6946165561676 3.69915151596069 3.69855666160583 3.63373351097107 3.62911295890808 3.69104504585266 3.66176724433899 3.63044404983521 3.72545742988586 3.85800290107727 3.63279747962952 3.64505052566528 3.65140008926392 3.57977676391602 3.58492565155029 3.57841849327087 3.57300472259521 3.57831597328186 3.57829570770264 3.57831430435181 3.5785117149353 3.62001371383667 3.5844144821167 3.58344841003418 3.64949941635132 3.65278482437134 3.64954304695129 3.65047097206116 3.65699577331543 3.65692853927612 3.64914846420288 3.61879205703735 3.65773820877075 -9999 -9999 -9999 -9999
3.65500092506409 3.65597033500671 3.65494561195374 3.6549665927887 3.61606431007385 3.59116721153259 3.59115219116211 3.59112811088562 3.59175682067871 3.62384462356567 3.6237678527832 3.5907723903656 3.65445375442505 3.65579080581665 3.65568161010742 3.65478754043579 3.62044835090637 3.63367080688477 3.63371014595032 3.67380213737488 3.70365500450134 3.69811820983887 3.69759678840637 3.64495396614075 3.633131980896 3.7017924785614 3.63295841217041 3.57982110977173 3.58843660354614 3.5903480052948 3.58687925338745 3.58676600456238 3.57998538017273 3.57844090461731 3.58467769622803 3.57839465141296 3.58441257476807 3.58465194702148 3.58427119255066 2.97983598709106 3.57713389396667 3.5886082649231 3.57833695411682 3.58463454246521 3.64983510971069 3.61992144584656 3.64953708648682 3.65206789970398 3.65015459060669 3.64984726905823 3.65031385421753 3.64842677116394 3.64895081520081 3.64896249771118 -9999 -9999 -9999
3.62394285202026 3.65595102310181 3.65583729743958 3.59475898742676 3.5919783115387 3.59179258346558 3.59200644493103 3.59226489067078 3.58432412147522 3.58439493179321 3.65466141700745 3.65611982345581 3.62015342712402 3.67359805107117 3.66764569282532 3.62988114356995 3.64533543586731 3.74707317352295 3.74716329574585 3.69368100166321 3.70342516899109 3.66659092903137 3.66232657432556 3.66592645645142 3.64115166664124 3.64124536514282 3.58884072303772 3.5784330368042 3.57845687866211 3.58271288871765 3.57846140861511 3.57840895652771 3.57248306274414 3.5783154964447 3.57833981513977 3.57256364822388 3.58464336395264 3.5842661857605 3.57730293273926 3.57834458351135 3.58441686630249 3.58441185951233 3.57845973968506 3.58435964584351 3.61060762405396 3.58427739143372 3.57689595222473 3.57816815376282 3.577969789505 3.58028531074524 3.6490797996521 3.6489098072052 3.57743453979492 3.58192729949951 -9999 -9999 -9999
3.6159815788269 3.62380266189575 3.61648440361023 3.61723208427429 3.61690473556519 3.59375023841858 3.61797857284546 3.61740326881409 3.59069776535034 3.70394897460938 3.64816164970398 3.6672694683075 4.24877309799194 4.29108762741089 3.79647970199585 3.63391041755676 3.64528632164001 3.72944498062134 3.72933864593506 3.64532709121704 3.64604878425598 3.65458488464355 3.64469528198242 3.62897157669067 3.58143496513367 3.58556604385376 3.57842755317688 3.57842993736267 3.57846212387085 3.5784170627594 3.57255458831787 3.57253956794739 3.57833218574524 3.57257032394409 3.50901675224304 2.9633207321167 2.97435641288757 3.58455038070679 3.58538746833801 3.5772533416748 3.57888460159302 3.57713484764099 3.57844305038452 3.58482885360718 3.57703256607056 3.57703876495361 3.58554458618164 3.5780348777771 3.57927536964417 3.58252167701721 3.61003613471985 3.61901712417603 3.62053227424622 3.61688423156738 3.58330774307251 -9999 -9999
