G_variables/Set1/RCP8_2050/Min_tem_max.asc
NCOLS 229 
NROWS 147 
XLLCORNER -101.25 
YLLCORNER 14.3333333333333 
CELLSIZE 0.0833333333333333 
NODATA_value -9999 
[rows 78 to 103 of 147, columns 57 to 113 of 229]
28.7664585113525 25.719799041748 23.1424751281738 7.49252843856812 4.62083959579468 4.12656211853027 4.05331802368164 4.0254921913147 4.00689554214478 4.00692415237427 4.00711536407471 4.00701522827148 3.99146580696106 3.98538875579834 3.98529577255249 3.98060321807861 3.98060178756714 3.98060131072998 3.98060059547424 3.98092079162598 3.98602938652039 3.98960065841675 3.99502301216125 4.07697582244873 4.14312362670898 4.12399911880493 4.32454919815063 4.52099323272705 4.20339298248291 4.52162933349609 5.36719369888306 4.22288465499878 4.20452880859375 4.2044677734375 4.32883548736572 5.94467973709106 5.9310417175293 4.96620321273804 5.03647613525391 5.41643905639648 4.97587919235229 4.94091892242432 4.94299936294556 6.03593587875366 5.48934173583984 4.97897100448608 4.39027214050293 4.23159313201904 4.54834747314453 5.44504451751709 11.9715518951416 23.0774421691895 25.5736885070801 29.8974437713623 30.3083267211914 30.711030960083 30.8468971252441
30.9829845428467 27.7855358123779 25.0661354064941 18.6789951324463 6.0127649307251 4.20701694488525 4.07911682128906 4.0531177520752 4.02526140213013 4.01900291442871 4.00679969787598 4.00705623626709 3.99141192436218 3.9898943901062 3.99012780189514 3.98550891876221 3.9859356880188 3.9848780632019 3.9851086139679 3.98510813713074 3.98535799980164 3.99533081054688 4.02258729934692 4.14365816116333 4.12472820281982 4.22118282318115 4.37151098251343 4.37285614013672 4.22207832336426 4.94567012786865 4.95131921768188 4.22426080703735 4.22501707077026 4.37533712387085 4.92154788970947 5.42786169052124 5.37628889083862 4.96210718154907 5.99916887283325 6.600182056427 6.0205225944519 5.42934274673462 4.94105958938599 5.47801208496094 5.48358583450317 6.04685974121094 5.49120473861694 5.44959831237793 5.43557977676392 6.6814980506897 10.043493270874 27.9236831665039 29.8512840270996 28.0236148834229 30.3326282501221 30.7195453643799 30.7368202209473
31.1193256378174 30.8045043945312 26.9057865142822 23.9229297637939 9.18687725067139 4.93443536758423 4.20593452453613 4.07877063751221 4.05277872085571 4.02487850189209 4.0188512802124 4.00706434249878 4.0247220993042 3.99140882492065 3.98946499824524 3.98491263389587 3.98500943183899 3.98488855361938 3.98563599586487 3.98570346832275 3.98531174659729 4.00602626800537 4.12452077865601 4.22107458114624 4.37015581130981 4.51754093170166 4.09610414505005 4.17349863052368 4.20279932022095 4.32626819610596 4.3742527961731 4.6615571975708 4.5505747795105 4.9144344329834 5.37886095046997 5.3699369430542 4.95937824249268 4.96291017532349 5.9987154006958 6.00531053543091 6.60233640670776 6.02413511276245 5.43375587463379 5.41646814346313 5.42169332504272 6.59114265441895 8.33937454223633 10.0128889083862 9.95373439788818 12.8498573303223 25.5532646179199 29.0186061859131 28.9246635437012 28.0206089019775 29.0024833679199 30.4057331085205 30.7304248809814
31.1134490966797 31.127462387085 29.6518936157227 24.9727725982666 20.2292938232422 8.25960731506348 4.38046979904175 4.17647361755371 4.12686061859131 4.05267286300659 4.02472352981567 4.0186915397644 4.00666427612305 3.99140810966492 3.9915018081665 3.98948431015015 3.98949766159058 3.98758792877197 3.98513197898865 3.98516535758972 3.98960065841675 4.00629663467407 4.32100105285645 4.58903646469116 4.37245035171509 4.20357990264893 4.14443635940552 4.20379114151001 4.32564544677734 4.20466756820679 5.34341382980347 4.59421253204346 4.56057977676392 4.98603057861328 5.37880039215088 4.95963096618652 4.9208869934082 6.51000356674194 9.01010894775391 6.59505462646484 6.01310253143311 6.01453256607056 5.42434406280518 6.63163471221924 6.03493547439575 7.55858135223389 9.98015785217285 14.9731922149658 21.1016864776611 24.792724609375 27.2714805603027 26.4445400238037 26.4580993652344 27.9683418273926 29.8972034454346 30.7370758056641 30.719331741333
-9999 31.1220722198486 30.4579753875732 26.8870849609375 23.7748603820801 17.6093406677246 5.44845914840698 4.37645578384399 4.17497396469116 4.07864141464233 4.06788921356201 4.02446556091309 4.04207324981689 3.99934864044189 3.99147248268127 3.9894802570343 3.99148845672607 3.99149203300476 3.98951244354248 3.98960113525391 3.99159622192383 4.03861331939697 4.36990070343018 4.51940488815308 4.32498168945312 4.37378692626953 4.3739595413208 4.30016231536865 4.22238302230835 4.20422601699829 4.91382884979248 4.52249956130981 5.41160202026367 5.96962261199951 5.92307615280151 6.5339093208313 6.01470851898193 6.55169534683228 8.19891929626465 6.00581836700439 8.23299026489258 8.25668811798096 6.06331014633179 7.48786354064941 6.64341402053833 13.9430179595947 17.1707992553711 20.1502342224121 23.9250659942627 24.7803497314453 26.4303398132324 26.4460067749023 27.2178001403809 28.0572319030762 29.9141750335693 30.732536315918 30.825647354126
-9999 31.1195411682129 31.156909942627 28.7165870666504 24.9400691986084 21.2211418151855 10.043025970459 5.39104604721069 4.37544298171997 4.14616346359253 4.06783771514893 4.04196548461914 4.04210186004639 4.00658988952637 4.00685358047485 4.00688028335571 3.99149322509766 3.99150991439819 3.99149966239929 3.99160575866699 3.99739289283752 4.03861427307129 4.36990404129028 4.17292928695679 4.32461071014404 4.9049186706543 4.55164003372192 4.59026622772217 4.94899129867554 4.95108270645142 4.59380292892456 4.55458974838257 5.41371154785156 5.41391134262085 5.41614437103271 6.53846549987793 6.48299264907837 8.16689014434814 8.20647239685059 8.23498153686523 8.9894962310791 9.0025577545166 6.61026287078857 8.26566982269287 10.8220376968384 19.1897468566895 21.1046276092529 23.0278491973877 28.9185771942139 25.5954437255859 27.1579914093018 28.9281883239746 28.9480972290039 29.0191707611084 29.900297164917 30.4595260620117 30.7949142456055
-9999 31.1111011505127 31.0797176361084 30.0499458312988 25.590991973877 23.0099411010742 19.4285068511963 7.41624784469604 4.67557668685913 4.17565536499023 4.07883024215698 4.05297231674194 4.02413702011108 4.02426385879517 4.00706243515015 3.99924802780151 3.99150037765503 3.9975209236145 3.99542617797852 3.99529194831848 4.00658464431763 4.03577995300293 4.20340394973755 4.22182703018188 4.32465791702271 4.5903844833374 4.37357473373413 4.32621049880981 4.65752601623535 4.91282939910889 4.95236301422119 5.01939964294434 5.369704246521 6.50589323043823 6.563063621521 7.39069747924805 8.15858745574951 8.1796236038208 8.94375991821289 8.2372932434082 8.99155521392822 9.88479614257812 8.24246597290039 12.7370805740356 18.0978221893311 22.0140247344971 22.0806541442871 23.0614032745361 24.0081424713135 25.6193447113037 28.1043643951416 30.8794555664062 30.6659374237061 30.5260238647461 30.7326240539551 30.7078609466553 30.9749641418457
-9999 -9999 31.1027088165283 30.4735794067383 29.6920604705811 25.597204208374 23.0294456481934 15.3143711090088 5.96967077255249 4.3768835067749 4.20388698577881 4.06812810897827 4.04665946960449 4.02446413040161 4.00707244873047 4.00705194473267 3.99530005455017 3.99941086769104 4.00656986236572 4.00657033920288 4.00638055801392 4.07754611968994 4.17312669754028 4.32433557510376 4.22185087203979 4.58968448638916 5.33459854125977 5.01201772689819 4.91039133071899 5.40251874923706 5.40571165084839 5.40942716598511 6.00618743896484 7.36732244491577 7.36973285675049 8.16485786437988 7.44020462036133 6.50742101669312 8.96881008148193 9.83036136627197 10.6983728408813 9.00779819488525 10.8111772537231 17.0293579101562 20.0858478546143 25.5759239196777 30.3641719818115 29.8957424163818 24.7840843200684 27.2827262878418 29.8869705200195 30.9242668151855 30.9721794128418 30.7495708465576 30.6886711120605 30.7120342254639 30.8176002502441
-9999 -9999 31.0973606109619 30.9270496368408 30.2844142913818 27.9106864929199 24.9589061737061 22.1494731903076 13.0843296051025 4.6026725769043 4.2059063911438 4.1273365020752 4.06775903701782 4.04211330413818 4.02413702011108 4.00664043426514 4.00677728652954 4.00679922103882 4.02348279953003 4.02348279953003 4.03964281082153 4.07805871963501 4.20353078842163 4.94356822967529 4.90658569335938 4.32459783554077 5.35370016098022 5.35369825363159 5.33733224868774 5.40540075302124 5.40557146072388 5.96155548095703 6.46019458770752 6.50577545166016 7.37107515335083 8.15668869018555 7.40401458740234 9.80314826965332 9.78299617767334 9.85788822174072 10.7390508651733 16.9661979675293 15.9371366500854 19.204288482666 21.0556449890137 23.0391960144043 30.6016254425049 30.4147300720215 27.3187599182129 29.871789932251 30.6743469238281 30.8719024658203 30.7285003662109 30.8098735809326 30.9931049346924 30.9950389862061 30.9812717437744
-9999 -9999 31.0989475250244 31.099178314209 31.102689743042 30.2358741760254 28.9167995452881 27.022087097168 23.0687484741211 6.58881902694702 4.37616014480591 4.20595836639404 4.14603853225708 4.07840538024902 4.07840585708618 4.05296230316162 4.05296182632446 4.02373838424683 4.02345609664917 4.03955125808716 4.06755542755127 4.20350074768066 4.3231463432312 4.3725004196167 4.94507741928101 5.35965728759766 5.01439571380615 4.90815162658691 4.91074752807617 4.94857311248779 6.42887210845947 6.48915576934814 7.3464527130127 7.35076093673706 7.37019681930542 9.74021244049072 8.16014957427979 9.76932621002197 8.99617576599121 10.6577644348145 12.6245012283325 16.9877700805664 20.1114044189453 20.0679950714111 21.1053428649902 23.0379161834717 25.5988845825195 27.2943286895752 29.8802814483643 30.6618900299072 30.8752536773682 31.0993061065674 31.1410541534424 31.3690795898438 31.4463901519775 31.4916572570801 31.53684425354
-9999 -9999 -9999 -9999 31.1001434326172 31.2305717468262 30.9511585235596 31.3512229919434 29.6831283569336 28.0757923126221 12.9616594314575 5.36772727966309 4.32900381088257 4.20617723464966 4.14702987670898 4.07805013656616 4.06748485565186 4.04216241836548 4.06755495071411 4.09758186340332 4.20521831512451 4.5549430847168 4.90018224716187 4.90693759918213 5.94872426986694 5.35968351364136 5.01438236236572 5.39749765396118 5.95558214187622 5.95964479446411 6.48790693283081 7.36679887771606 8.93474769592285 8.92687606811523 8.16032314300537 8.14571857452393 8.90667343139648 8.92928314208984 10.6267557144165 12.6984424591064 16.917085647583 19.1670055389404 22.9888172149658 21.9926242828369 23.0647583007812 27.310640335083 27.325511932373 29.8652229309082 30.6607456207275 30.7394390106201 30.8528671264648 31.1190338134766 31.3489322662354 31.3595714569092 31.6050815582275 31.7546653747559 31.7670402526855
-9999 -9999 -9999 -9999 31.0953845977783 31.1737213134766 31.0599460601807 31.0579643249512 31.1995944976807 28.8358287811279 26.3208160400391 20.9974117279053 7.36150979995728 5.35796022415161 4.66999816894531 4.2243390083313 4.20555400848389 4.12722158432007 4.12750196456909 4.12750768661499 4.20537567138672 4.90018463134766 5.34762668609619 4.94532060623169 5.94852066040039 5.40028381347656 6.48606634140015 7.33253717422485 7.33368825912476 8.07512378692627 8.08043098449707 8.85379123687744 9.76328182220459 10.5723171234131 10.5845041275024 9.79078388214111 10.5845432281494 13.6973838806152 17.9715213775635 19.1083850860596 19.1157302856445 19.1742305755615 23.0200939178467 24.6730861663818 26.4655170440674 27.984977722168 29.8533325195312 30.6570568084717 30.8469524383545 30.8256015777588 31.1090888977051 31.0836009979248 31.6432209014893 31.6147632598877 31.7006740570068 31.73583984375 31.799690246582
-9999 -9999 -9999 -9999 -9999 31.0945072174072 31.0839538574219 31.0550537109375 31.0931091308594 30.4657344818115 27.9975605010986 24.9474067687988 18.2505187988281 10.7799491882324 6.52630472183228 5.96069574356079 4.66419553756714 4.37306594848633 4.52457809448242 4.3715386390686 4.55695009231567 5.94823169708252 6.50114774703979 6.50066423416138 7.34181785583496 8.0745096206665 8.84636688232422 8.84016799926758 8.08955860137939 8.08914184570312 9.7303295135498 10.5632476806641 12.4754991531372 12.5011787414551 13.6381521224976 13.65940284729 12.6431646347046 15.800422668457 17.9559078216553 19.1219940185547 20.9725532531738 23.8537940979004 25.4523773193359 27.2300205230713 28.9034729003906 30.3567924499512 30.6720218658447 30.6407852172852 31.2530975341797 31.2632350921631 31.4840698242188 31.5038566589355 31.5267677307129 31.6365299224854 31.7044849395752 31.9101505279541 31.5259227752686
-9999 -9999 -9999 -9999 -9999 -9999 31.0790596008301 31.3303661346436 31.3036479949951 30.2003555297852 29.7001895904541 27.4715766906738 25.0282955169678 23.6084461212158 19.2234535217285 16.1585807800293 8.96236038208008 7.354811668396 5.95835065841675 5.95925378799438 5.95518779754639 8.87405872344971 8.89237403869629 8.09033870697021 9.72653198242188 10.605541229248 10.5644178390503 10.5667343139648 11.5699863433838 10.5831441879272 9.74543952941895 12.490683555603 14.620867729187 17.8743762969971 15.7735834121704 19.063497543335 19.9412689208984 19.9392547607422 20.0368690490723 20.9883480072021 25.4650478363037 27.8175621032715 29.7217655181885 30.2697334289551 30.6110515594482 30.611780166626 30.8010196685791 30.8624534606934 31.2472820281982 31.4645652770996 31.5167293548584 31.5262603759766 31.6266231536865 31.1604232788086 31.7823104858398 31.7472705841064 31.9409198760986
-9999 -9999 -9999 -9999 -9999 -9999 31.0766429901123 31.0619773864746 31.0688285827637 31.2993488311768 30.2998065948486 28.8890953063965 28.0265979766846 27.954662322998 25.7029819488525 24.2708415985107 22.9272575378418 20.9824848175049 24.9792556762695 13.8391208648682 8.8988618850708 9.8063325881958 9.80940532684326 8.09543895721436 9.76861000061035 12.560772895813 12.6170854568481 12.4949932098389 12.5286989212036 12.5225992202759 12.4890203475952 14.6016130447388 19.0457172393799 17.8869323730469 22.8920021057129 25.3039512634277 25.29860496521 24.4983367919922 24.5535774230957 27.7648391723633 30.1843242645264 30.2265129089355 30.5955619812012 30.8075675964355 31.0148296356201 31.1824970245361 31.1404838562012 31.3705139160156 31.349796295166 31.4597854614258 31.5052032470703 31.52907371521 31.5906944274902 31.2218723297119 31.4239540100098 31.4531173706055 31.9112663269043
-9999 -9999 -9999 -9999 -9999 -9999 -9999 -9999 31.0583782196045 31.0552368164062 31.0153541564941 31.1553649902344 31.2746868133545 31.1759567260742 31.2908573150635 30.926441192627 27.1492767333984 25.5537147521973 25.0516128540039 22.926326751709 19.0972156524658 19.0667858123779 19.9660339355469 14.8081836700439 15.8405523300171 19.0316848754883 14.6728858947754 16.7949047088623 19.0165958404541 19.0321216583252 16.836238861084 22.9320640563965 24.3990726470947 23.7072830200195 28.5208511352539 30.7575931549072 31.1510276794434 31.0625133514404 30.5375118255615 30.5564956665039 30.571439743042 30.5764579772949 30.8192310333252 31.2938461303711 31.3155250549316 31.2873268127441 31.3447437286377 31.3710269927979 31.0750751495361 31.0509090423584 31.187427520752 31.2154979705811 31.2756023406982 31.1663360595703 31.1843852996826 31.3093547821045 31.3027381896973
-9999 -9999 -9999 -9999 -9999 -9999 -9999 31.0519790649414 31.056453704834 -9999 31.0438423156738 31.0464611053467 31.0334568023682 31.0393466949463 31.0274562835693 31.0217590332031 31.0168838500977 27.2481117248535 27.2368793487549 25.7700481414795 25.77659034729 25.0354518890381 24.3333568572998 25.0369491577148 22.8525276184082 21.995906829834 19.8496437072754 19.8517799377441 21.9296646118164 22.9106864929199 24.3720092773438 25.1431655883789 28.3733768463135 26.0801658630371 30.8550930023193 30.8734455108643 31.1692180633545 30.8662261962891 30.8000431060791 30.8038940429688 30.7999877929688 31.030855178833 31.1391620635986 30.967227935791 30.9434280395508 30.91530418396 30.94287109375 30.9827709197998 31.0057907104492 31.0300445556641 31.0812377929688 31.106409072876 31.1166381835938 31.1372089385986 31.1741809844971 31.2609100341797 31.2306861877441
-9999 -9999 -9999 -9999 -9999 -9999 -9999 -9999 -9999 -9999 -9999 -9999 -9999 -9999 -9999 -9999 30.9956893920898 30.995943069458 25.7860946655273 26.4935569763184 31.2284641265869 31.1648654937744 26.7042331695557 26.5890846252441 25.9055595397949 25.9218196868896 25.1020393371582 21.9655055999756 23.6796836853027 29.2696971893311 27.4001502990723 29.2438278198242 30.0630397796631 31.16575050354 30.8260536193848 30.8613166809082 30.6198978424072 30.9436912536621 30.9709320068359 30.9661712646484 31.0391883850098 30.9675426483154 31.1917629241943 31.3163051605225 30.9516620635986 30.9861602783203 30.9861106872559 30.9931163787842 31.0579662322998 -9999 -9999 -9999 -9999 31.1471920013428 31.1646118164062 31.2072238922119 31.2214336395264
-9999 -9999 -9999 -9999 -9999 -9999 -9999 -9999 -9999 -9999 -9999 -9999 -9999 -9999 -9999 -9999 -9999 30.9924430847168 30.9758186340332 30.9742965698242 30.9822368621826 30.9231414794922 30.507251739502 28.2119445800781 27.3462581634521 28.1160221099854 28.1377353668213 28.1849498748779 29.1791572570801 29.9174900054932 31.0904083251953 30.8747844696045 30.8571109771729 30.8139705657959 30.8134174346924 30.8585681915283 30.8139133453369 31.1217613220215 31.0334587097168 31.1167392730713 31.1967544555664 31.1839218139648 31.2883434295654 30.8633365631104 30.935525894165 -9999 -9999 -9999 -9999 -9999 -9999 -9999 -9999 31.1484336853027 31.1662712097168 31.2143135070801 31.2844333648682
-9999 -9999 -9999 -9999 -9999 -9999 -9999 -9999 -9999 -9999 -9999 -9999 -9999 -9999 -9999 -9999 -9999 -9999 -9999 -9999 30.9781074523926 30.9690380096436 31.0098609924316 30.7991561889648 30.542947769165 30.4877452850342 30.8133487701416 30.890697479248 31.088981628418 30.426929473877 30.8798027038574 30.8506832122803 30.8419799804688 30.0345993041992 28.4194850921631 30.5561771392822 30.8890571594238 30.8826580047607 30.8884887695312 30.899600982666 30.9028701782227 30.9041709899902 30.9161605834961 30.9319248199463 -9999 -9999 -9999 -9999 -9999 -9999 -9999 -9999 -9999 -9999 -9999 31.2020587921143 31.2420749664307
-9999 -9999 -9999 -9999 -9999 -9999 -9999 -9999 -9999 -9999 -9999 -9999 -9999 -9999 -9999 -9999 -9999 -9999 -9999 -9999 -9999 30.9578304290771 30.9546356201172 31.1025791168213 30.7643299102783 30.8010482788086 30.8481025695801 31.1830654144287 30.8445339202881 30.9041061401367 29.2653503417969 31.1532917022705 30.8803424835205 30.877649307251 30.8654975891113 30.8634395599365 -9999 -9999 -9999 -9999 30.9021301269531 -9999 -9999 -9999 -9999 -9999 -9999 -9999 -9999 -9999 -9999 -9999 -9999 -9999 -9999 -9999 -9999
-9999 -9999 -9999 -9999 -9999 -9999 -9999 -9999 -9999 -9999 -9999 -9999 -9999 -9999 -9999 -9999 -9999 -9999 -9999 -9999 -9999 -9999 30.9442481994629 31.090612411499 30.9162158966064 30.7881107330322 30.9193744659424 31.1791896820068 30.8515224456787 30.8936176300049 30.8894996643066 30.8816604614258 30.8696804046631 30.8691864013672 30.8674182891846 -9999 -9999 -9999 -9999 -9999 -9999 -9999 -9999 -9999 -9999 -9999 -9999 -9999 -9999 -9999 -9999 -9999 -9999 -9999 -9999 -9999 -9999
-9999 -9999 -9999 -9999 -9999 -9999 -9999 -9999 -9999 -9999 -9999 -9999 -9999 -9999 -9999 -9999 -9999 -9999 -9999 -9999 -9999 -9999 -9999 30.9276256561279 31.0734214782715 30.8626880645752 30.9050273895264 30.9032917022705 30.8896980285645 30.891637802124 -9999 30.8765392303467 -9999 -9999 -9999 -9999 -9999 -9999 -9999 -9999 -9999 -9999 -9999 -9999 -9999 -9999 -9999 -9999 -9999 -9999 -9999 -9999 -9999 -9999 -9999 -9999 -9999
-9999 -9999 -9999 -9999 -9999 -9999 -9999 -9999 -9999 -9999 -9999 -9999 -9999 -9999 -9999 -9999 -9999 -9999 -9999 -9999 -9999 -9999 -9999 -9999 30.9171314239502 30.9134902954102 -9999 -9999 -9999 -9999 -9999 -9999 -9999 -9999 -9999 -9999 -9999 -9999 -9999 -9999 -9999 -9999 -9999 -9999 -9999 -9999 -9999 -9999 -9999 -9999 -9999 -9999 -9999 -9999 -9999 -9999 -9999
-9999 -9999 -9999 -9999 -9999 -9999 -9999 -9999 -9999 -9999 -9999 -9999 -9999 -9999 -9999 -9999 -9999 -9999 -9999 -9999 -9999 -9999 -9999 -9999 -9999 -9999 -9999 -9999 -9999 -9999 -9999 -9999 -9999 -9999 -9999 -9999 -9999 -9999 -9999 -9999 -9999 -9999 -9999 -9999 -9999 -9999 -9999 -9999 -9999 -9999 -9999 -9999 -9999 -9999 -9999 -9999 -9999
-9999 -9999 -9999 -9999 -9999 -9999 -9999 -9999 -9999 -9999 -9999 -9999 -9999 -9999 -9999 -9999 -9999 -9999 -9999 -9999 -9999 -9999 -9999 -9999 -9999 -9999 -9999 -9999 -9999 -9999 -9999 -9999 -9999 -9999 -9999 -9999 -9999 -9999 -9999 -9999 -9999 -9999 -9999 -9999 -9999 -9999 -9999 -9999 -9999 -9999 -9999 -9999 -9999 -9999 -9999 -9999 -9999
