G_variables/Set1/RCP8_2050/Sur_tem_max.asc
NCOLS 229 
NROWS 147 
XLLCORNER -101.25 
YLLCORNER 14.3333333333333 
CELLSIZE 0.0833333333333333 
NODATA_value -9999 
[rows 0 to 25 of 147, columns 114 to 170 of 229]
-9999 -9999 -9999 -9999 -9999 -9999 -9999 -9999 -9999 -9999 -9999 -9999 -9999 -9999 -9999 -9999 -9999 -9999 -9999 -9999 -9999 -9999 -9999 -9999 -9999 -9999 -9999 -9999 -9999 -9999 -9999 -9999 -9999 -9999 -9999 -9999 -9999 -9999 -9999 -9999 -9999 -9999 -9999 -9999 -9999 -9999 -9999 -9999 -9999 -9999 -9999 -9999 -9999 -9999 -9999 -9999 -9999
-9999 -9999 -9999 -9999 -9999 -9999 -9999 -9999 -9999 -9999 -9999 -9999 -9999 -9999 -9999 -9999 -9999 -9999 -9999 -9999 -9999 -9999 -9999 -9999 -9999 -9999 -9999 -9999 -9999 -9999 -9999 -9999 -9999 -9999 -9999 -9999 -9999 -9999 -9999 -9999 -9999 -9999 -9999 -9999 -9999 -9999 -9999 -9999 -9999 -9999 -9999 -9999 -9999 -9999 -9999 -9999 -9999
-9999 -9999 -9999 -9999 -9999 -9999 -9999 -9999 -9999 -9999 -9999 -9999 -9999 -9999 -9999 -9999 -9999 -9999 -9999 -9999 -9999 -9999 -9999 -9999 -9999 -9999 -9999 -9999 -9999 -9999 -9999 -9999 -9999 -9999 -9999 -9999 -9999 -9999 -9999 -9999 -9999 -9999 -9999 -9999 -9999 -9999 -9999 -9999 -9999 -9999 -9999 -9999 -9999 -9999 -9999 -9999 31.6615104675293
-9999 -9999 -9999 -9999 -9999 -9999 -9999 -9999 -9999 -9999 -9999 -9999 -9999 -9999 -9999 -9999 -9999 -9999 -9999 -9999 -9999 -9999 -9999 -9999 -9999 -9999 -9999 -9999 -9999 -9999 -9999 -9999 -9999 -9999 -9999 -9999 -9999 -9999 -9999 -9999 -9999 -9999 -9999 -9999 -9999 -9999 -9999 -9999 -9999 -9999 -9999 -9999 -9999 -9999 31.6639213562012 31.6591339111328 31.6522274017334
-9999 -9999 -9999 -9999 -9999 -9999 -9999 -9999 -9999 -9999 -9999 -9999 -9999 -9999 -9999 -9999 -9999 -9999 -9999 -9999 -9999 -9999 -9999 -9999 -9999 -9999 -9999 -9999 -9999 -9999 -9999 -9999 -9999 -9999 -9999 -9999 -9999 -9999 -9999 -9999 -9999 -9999 -9999 -9999 -9999 -9999 -9999 -9999 -9999 -9999 -9999 -9999 -9999 31.6509475708008 31.6488552093506 31.6435966491699 31.643970489502
-9999 -9999 -9999 -9999 -9999 -9999 -9999 -9999 -9999 -9999 -9999 -9999 -9999 -9999 -9999 -9999 -9999 -9999 -9999 -9999 -9999 -9999 -9999 -9999 -9999 -9999 -9999 -9999 -9999 -9999 -9999 -9999 -9999 -9999 -9999 -9999 -9999 -9999 -9999 -9999 -9999 -9999 -9999 -9999 -9999 -9999 -9999 -9999 -9999 -9999 -9999 31.6475391387939 31.633228302002 31.6435489654541 31.6408996582031 31.6330051422119 31.6217021942139
-9999 -9999 -9999 -9999 -9999 -9999 -9999 -9999 -9999 -9999 -9999 -9999 -9999 -9999 -9999 -9999 -9999 -9999 -9999 -9999 -9999 -9999 -9999 -9999 -9999 -9999 -9999 -9999 -9999 -9999 -9999 -9999 -9999 -9999 -9999 -9999 -9999 -9999 -9999 -9999 -9999 -9999 -9999 -9999 -9999 -9999 -9999 -9999 -9999 -9999 31.6643142700195 31.653902053833 31.64280128479 31.6429443359375 31.6345024108887 31.626127243042 31.6041316986084
-9999 -9999 -9999 -9999 -9999 -9999 -9999 -9999 -9999 -9999 -9999 -9999 -9999 -9999 -9999 -9999 -9999 -9999 -9999 -9999 -9999 -9999 -9999 -9999 -9999 -9999 -9999 -9999 -9999 -9999 -9999 -9999 -9999 -9999 -9999 -9999 -9999 -9999 -9999 -9999 -9999 -9999 -9999 -9999 -9999 -9999 -9999 -9999 31.6677761077881 31.6653003692627 31.6650829315186 31.6568412780762 31.6545448303223 31.6491870880127 31.6373634338379 31.635570526123 31.6300888061523
-9999 -9999 -9999 -9999 -9999 -9999 -9999 -9999 -9999 -9999 -9999 -9999 -9999 -9999 -9999 -9999 -9999 -9999 -9999 -9999 -9999 -9999 -9999 -9999 -9999 -9999 -9999 -9999 -9999 -9999 -9999 -9999 -9999 -9999 -9999 -9999 -9999 -9999 -9999 -9999 -9999 -9999 -9999 -9999 -9999 -9999 -9999 31.6761322021484 31.672550201416 31.6743049621582 31.666374206543 31.6591796875 31.6419410705566 31.6512985229492 31.641263961792 31.6143627166748 31.6410522460938
-9999 -9999 -9999 -9999 -9999 -9999 -9999 -9999 -9999 -9999 -9999 -9999 -9999 -9999 -9999 -9999 -9999 -9999 -9999 -9999 -9999 -9999 -9999 -9999 -9999 -9999 -9999 -9999 -9999 -9999 -9999 -9999 -9999 -9999 -9999 -9999 -9999 -9999 -9999 -9999 -9999 -9999 -9999 31.683931350708 31.684118270874 31.6801643371582 31.6790103912354 31.6793308258057 31.6759872436523 31.6802845001221 31.6739826202393 31.6670417785645 31.6622180938721 31.6589241027832 31.6562519073486 31.6486396789551 31.6578502655029
31.6328754425049 31.6330471038818 31.6320285797119 31.6383724212646 31.6398277282715 31.6422157287598 -9999 -9999 -9999 -9999 -9999 -9999 -9999 -9999 -9999 -9999 -9999 -9999 -9999 -9999 -9999 -9999 -9999 -9999 -9999 -9999 -9999 -9999 -9999 -9999 -9999 -9999 -9999 -9999 -9999 -9999 -9999 -9999 -9999 31.6746883392334 31.6844062805176 31.6866283416748 31.6988487243652 31.7010555267334 31.7002620697021 31.7034873962402 31.7025508880615 31.7024383544922 31.6944580078125 31.686056137085 31.6855335235596 31.6844787597656 31.6867599487305 31.6833152770996 31.6887664794922 31.6960220336914 31.6937446594238
31.6335773468018 31.6367168426514 31.6339950561523 31.6361885070801 31.6477127075195 31.6493968963623 31.6582775115967 31.673583984375 31.6539649963379 31.6544017791748 31.6663589477539 31.6473655700684 31.6410102844238 31.636848449707 -9999 -9999 -9999 -9999 -9999 -9999 -9999 -9999 -9999 -9999 -9999 -9999 -9999 -9999 -9999 -9999 -9999 -9999 -9999 -9999 -9999 -9999 31.6319046020508 31.6549987792969 31.6654472351074 31.6708679199219 31.7008934020996 31.6968955993652 31.699800491333 31.7114849090576 31.7025318145752 31.7078838348389 31.708610534668 31.702974319458 31.6995830535889 31.6867427825928 31.6866321563721 31.6895980834961 31.7130603790283 31.700569152832 31.7080745697021 31.7170467376709 31.705436706543
31.6342582702637 31.634693145752 31.6299171447754 31.6390323638916 31.6444492340088 31.6491298675537 31.6569805145264 31.656063079834 31.6563110351562 31.6536312103271 31.652795791626 31.6492004394531 31.6385860443115 31.6314277648926 31.6249828338623 31.6127128601074 31.6130409240723 -9999 31.6056995391846 31.6054592132568 31.6018829345703 31.6031894683838 31.6042938232422 31.6009788513184 31.5903377532959 31.589879989624 31.5839138031006 31.5774803161621 31.5870876312256 31.5876693725586 31.592643737793 31.5938625335693 31.5971584320068 31.610767364502 31.615255355835 31.6244297027588 31.6503124237061 31.6698951721191 31.6613578796387 31.6767539978027 31.6880874633789 31.693302154541 31.7048053741455 31.7035102844238 31.7026672363281 31.7065582275391 31.7036838531494 31.7007808685303 31.6995124816895 31.6953678131104 31.6951065063477 31.6912631988525 31.7053203582764 31.7130508422852 31.7164058685303 31.7158451080322 31.7159252166748
31.635461807251 31.6378211975098 31.6382007598877 31.6386547088623 31.6392078399658 31.6407566070557 31.6461582183838 31.6432456970215 31.6462173461914 31.6498794555664 31.6439266204834 31.6428127288818 31.6348400115967 31.6412353515625 31.6354503631592 31.6159400939941 31.6128978729248 31.6159000396729 31.6119194030762 31.6128044128418 31.6183376312256 31.6144313812256 31.6156482696533 31.6133403778076 31.6025238037109 31.6005897521973 31.597770690918 31.5874080657959 31.5840682983398 31.5933074951172 31.5931015014648 31.5955219268799 31.5985736846924 31.6114044189453 31.6191234588623 31.6273937225342 31.6579875946045 31.6621017456055 31.6767330169678 31.6935405731201 31.7027759552002 31.7055053710938 31.7176074981689 31.7169456481934 31.7183799743652 31.7174987792969 31.7161045074463 31.7106304168701 31.708776473999 31.7116584777832 31.7084636688232 31.7169284820557 31.7363529205322 31.7381134033203 31.7414932250977 31.7335109710693 31.735372543335
31.6220855712891 31.6384086608887 31.6300601959229 31.6236953735352 31.6269054412842 31.6362857818604 31.6391258239746 31.6442356109619 31.6453647613525 31.6465816497803 31.6544723510742 31.6434288024902 31.639965057373 31.6407890319824 31.627103805542 31.6192836761475 31.611536026001 31.614673614502 31.6167049407959 31.63108253479 31.6235103607178 31.6234912872314 31.6368942260742 31.6138896942139 31.6101722717285 31.6102294921875 31.5952339172363 31.5885524749756 31.5832920074463 31.5930633544922 31.5874061584473 31.5863399505615 31.6011638641357 31.6077671051025 31.6118755340576 31.6300430297852 31.6404628753662 31.6570167541504 31.67698097229 31.6878910064697 31.70827293396 31.7113647460938 31.7159614562988 31.7300662994385 31.7272491455078 31.7265892028809 31.7280120849609 31.7173805236816 31.7131595611572 31.7025852203369 31.7117919921875 31.7206268310547 31.7452735900879 31.739709854126 31.7381839752197 31.7460155487061 31.7385330200195
31.6136341094971 31.6214618682861 31.6237392425537 31.6257057189941 31.6213436126709 31.6224193572998 31.6281051635742 31.6230430603027 31.6236095428467 31.6249694824219 31.6275196075439 31.6388854980469 31.6305122375488 31.624044418335 31.6210594177246 31.6118316650391 31.6128215789795 31.6119422912598 31.6194858551025 31.6203479766846 31.6212253570557 31.6219997406006 31.6199359893799 31.6201038360596 31.6083984375 31.6155300140381 31.6096687316895 31.5977039337158 31.5943260192871 31.5948638916016 31.5995960235596 31.6010990142822 31.6054649353027 31.6176567077637 31.6270904541016 31.6322765350342 31.6490631103516 31.659065246582 31.6700706481934 31.6853313446045 31.6985893249512 31.7014350891113 31.7192993164062 31.7249279022217 31.725305557251 31.7248611450195 31.7241401672363 31.7206058502197 31.7153720855713 31.7119636535645 31.7133617401123 31.7212677001953 31.7264575958252 31.724214553833 31.7340431213379 31.7314777374268 31.7282009124756
31.6075706481934 31.6154193878174 31.6178588867188 31.6202774047852 31.6148700714111 31.6141338348389 31.6190147399902 31.6107864379883 31.6109428405762 31.6166610717773 31.6196098327637 31.6186828613281 31.6116104125977 31.6058406829834 31.6014499664307 31.5974769592285 31.5985069274902 31.6003856658936 31.61208152771 31.6137847900391 31.6147575378418 31.6154613494873 31.6191482543945 31.6199169158936 31.6095561981201 31.6165828704834 31.6126747131348 31.6008968353271 31.5972175598145 31.5967426300049 31.6018810272217 31.6067333221436 31.6097621917725 31.6220226287842 31.6319789886475 31.636381149292 31.6513977050781 31.6637783050537 31.6700763702393 31.6849117279053 31.6982612609863 31.7024707794189 31.7199993133545 31.722770690918 31.7233829498291 31.7257823944092 31.7258720397949 31.7240581512451 31.7143478393555 31.7127952575684 31.7106380462646 31.7131500244141 31.7185726165771 31.7176933288574 31.7221050262451 31.725248336792 31.7238445281982
31.6070156097412 31.6134719848633 31.6160469055176 31.615442276001 31.6054267883301 31.6154975891113 31.6148529052734 31.6101112365723 31.6056880950928 31.605884552002 31.6223659515381 31.6142749786377 31.6099452972412 31.603385925293 31.589334487915 31.5923881530762 31.5860805511475 31.6029396057129 31.6057434082031 31.6078395843506 31.6027126312256 31.6051864624023 31.6192569732666 31.6111755371094 31.6210880279541 31.6197834014893 31.607494354248 31.6006450653076 31.5909576416016 31.5934867858887 31.5968723297119 31.5994720458984 31.6065464019775 31.6140155792236 31.6246089935303 31.6403350830078 31.6510524749756 31.6610221862793 31.6739826202393 31.6763153076172 31.703649520874 31.7079467773438 31.7111892700195 31.7219085693359 31.7228622436523 31.7251300811768 31.736478805542 31.7195663452148 31.7140407562256 31.7149600982666 31.7075843811035 31.7080459594727 31.7058696746826 31.7164039611816 31.7184734344482 31.738395690918 31.7033786773682
31.612283706665 31.6156406402588 31.6173095703125 31.615550994873 31.6150436401367 31.6153125762939 31.6145057678223 31.6096267700195 31.6051158905029 31.6058464050293 31.6131820678711 31.614164352417 31.6105575561523 31.6041355133057 31.5995044708252 31.6009712219238 31.6008758544922 31.6038970947266 31.6042041778564 31.6030540466309 31.5998077392578 31.6036796569824 31.6158313751221 31.6166038513184 31.6202659606934 31.6175403594971 31.6130123138428 31.6045837402344 31.5931262969971 31.589376449585 31.6003856658936 31.6061363220215 31.6047172546387 31.6190452575684 31.6236476898193 31.6358375549316 31.6558074951172 31.6641082763672 31.67209815979 31.6986083984375 31.7021675109863 31.7007617950439 31.7093925476074 31.7056446075439 31.7064609527588 31.7118625640869 31.7132339477539 31.7062187194824 31.701831817627 31.7016677856445 31.6977787017822 31.6977634429932 31.7032127380371 31.7042274475098 31.7112102508545 31.7106418609619 31.6941509246826
31.6206378936768 31.6228523254395 31.6208362579346 31.6175327301025 31.6127033233643 31.6116828918457 31.6112842559814 31.6089191436768 31.6085720062256 31.6136341094971 31.614933013916 31.6164283752441 31.6120624542236 31.6088409423828 31.6056690216064 31.6015357971191 31.599609375 31.5989990234375 31.5975456237793 31.5975246429443 31.5977630615234 31.6081390380859 31.6122131347656 31.6159934997559 31.6197471618652 31.618953704834 31.6161556243896 31.6084957122803 31.6017971038818 31.5988159179688 31.6066055297852 31.6120719909668 31.6160335540771 31.6226444244385 31.6348266601562 31.6410903930664 31.6474933624268 31.6597785949707 31.6705780029297 31.6914577484131 31.6951904296875 31.694917678833 31.6928367614746 31.687894821167 31.6857013702393 31.6941223144531 31.6960792541504 31.690824508667 31.6874885559082 31.6831569671631 31.680269241333 31.677827835083 31.6829795837402 31.6840476989746 31.7011489868164 31.69944190979 31.7003688812256
31.6280384063721 31.6334762573242 31.6309356689453 31.6207580566406 31.6060352325439 31.614444732666 31.6131038665771 31.602783203125 31.6144218444824 31.6190433502197 31.6276340484619 31.6198577880859 31.6168518066406 31.6165199279785 31.6071949005127 31.6061363220215 31.5946178436279 31.5985736846924 31.5982685089111 31.5882091522217 31.5997676849365 31.6110439300537 31.6151103973389 31.618106842041 31.6190795898438 31.6200199127197 31.6170291900635 31.6105976104736 31.5947799682617 31.6068916320801 31.6133937835693 31.6202697753906 31.6233615875244 31.6302642822266 31.6454658508301 31.6443138122559 31.6503353118896 31.6691017150879 31.6693477630615 31.6773681640625 31.6927490234375 31.6818218231201 31.6753101348877 31.6869583129883 31.6713008880615 31.6872844696045 31.6950206756592 31.6842155456543 31.6797199249268 31.6787872314453 31.6819610595703 31.6754341125488 31.6640453338623 31.6854057312012 31.6991882324219 31.7195415496826 31.7100353240967
31.640251159668 31.6404590606689 31.6389465332031 31.6353721618652 31.6219081878662 31.6207828521729 31.6181678771973 31.6187744140625 31.6210384368896 31.6322822570801 31.6330814361572 31.6326580047607 31.6217269897461 31.6190452575684 31.6153945922852 31.6084270477295 31.6058540344238 31.6110305786133 31.6024036407471 31.6028919219971 31.6039752960205 31.6178817749023 31.6196193695068 31.6212844848633 31.6237907409668 31.6283283233643 31.6221656799316 31.6178455352783 31.6154479980469 31.6163120269775 31.6209869384766 31.6239566802979 31.6271381378174 31.6350898742676 31.6431694030762 31.6468753814697 31.6529808044434 31.6570911407471 31.6642246246338 31.6717720031738 31.6774005889893 31.6784076690674 31.6796264648438 31.6793041229248 31.6706581115723 31.6690731048584 31.6662559509277 31.660795211792 31.6626777648926 31.6579132080078 31.6578159332275 31.6535568237305 31.6694221496582 31.673770904541 31.6936473846436 31.6991539001465 31.7005767822266
31.6516456604004 31.649227142334 31.6471710205078 31.6441612243652 31.6422481536865 31.6276226043701 31.6243991851807 31.6203136444092 31.6291980743408 31.6325569152832 31.6328525543213 31.6330986022949 31.6312656402588 31.630744934082 31.6251258850098 31.6184349060059 31.6149635314941 31.6151313781738 31.6103515625 31.6029644012451 31.6067409515381 31.6206474304199 31.6262912750244 31.6312351226807 31.64475440979 31.6458377838135 31.6426391601562 31.6314029693604 31.6272983551025 31.6301040649414 31.6292858123779 31.6294574737549 31.6404514312744 31.6438274383545 31.6437549591064 31.641300201416 31.6560745239258 31.6508331298828 31.6484375 31.6583003997803 31.6651554107666 31.664587020874 31.6666202545166 31.665340423584 31.6669387817383 31.6607131958008 31.6568508148193 31.6538600921631 31.6524105072021 31.6527462005615 31.6501789093018 31.6427364349365 31.6451969146729 31.6453762054443 31.6513633728027 31.6596622467041 31.6649417877197
31.6595134735107 31.6671504974365 31.6565036773682 31.650899887085 31.6497688293457 31.6448364257812 31.6295108795166 31.6258163452148 31.6351947784424 31.6382617950439 31.644832611084 31.6381072998047 31.6379451751709 31.6446170806885 31.6335391998291 31.6286354064941 31.6196422576904 31.6182804107666 31.6149978637695 31.6011772155762 31.6124935150146 31.6255664825439 31.6306915283203 31.6477909088135 31.65207862854 31.6608905792236 31.6568145751953 31.6490230560303 31.6356029510498 31.6421012878418 31.6407260894775 31.6283664703369 31.6445560455322 31.6477184295654 31.6309204101562 31.6419219970703 31.6496086120605 31.6544322967529 31.6504917144775 31.6690673828125 31.6697521209717 31.6688842773438 31.6592884063721 31.6652183532715 31.6617527008057 31.65305519104 31.6682529449463 31.6624851226807 31.649377822876 31.652738571167 31.6544322967529 31.6430969238281 31.6397705078125 31.6426944732666 31.6434650421143 31.6418590545654 31.6631984710693
31.6728382110596 31.6752471923828 31.6724643707275 31.6675395965576 31.6645793914795 31.6633110046387 31.6517524719238 31.6515007019043 31.6527557373047 31.6491641998291 31.6518898010254 31.6511554718018 31.6483573913574 31.6453590393066 31.6395778656006 31.632869720459 31.6290740966797 31.6243286132812 31.6233959197998 31.6232604980469 31.6263866424561 31.6409950256348 31.6560077667236 31.6591415405273 31.6667022705078 31.671745300293 31.6688327789307 31.6647033691406 31.661750793457 31.6558513641357 31.6499404907227 31.6497745513916 31.6545085906982 31.651575088501 31.6509552001953 31.6446170806885 31.6457405090332 31.6551094055176 31.6709136962891 31.6667308807373 31.6695251464844 31.6661720275879 31.6695957183838 31.6705894470215 31.6725158691406 31.6735687255859 31.6699695587158 31.6651210784912 31.6628398895264 31.650203704834 31.6481819152832 31.6499004364014 31.6492538452148 31.6395816802979 31.65354347229 31.6544132232666 31.6671714782715
31.6747951507568 31.6758155822754 31.67604637146 31.6726722717285 31.6752033233643 31.6724586486816 31.6633338928223 31.656286239624 31.6541786193848 31.6519966125488 31.6496162414551 31.6493625640869 31.6518211364746 31.6497535705566 31.6484661102295 31.6432056427002 31.6430950164795 31.6420936584473 31.6410903930664 31.6454410552979 31.6512870788574 31.6771049499512 31.6842193603516 31.6876850128174 31.6983966827393 31.699634552002 31.6970958709717 31.6929340362549 31.6906394958496 31.6790676116943 31.6675643920898 31.6679744720459 31.6687202453613 31.6629695892334 31.6582641601562 31.65358543396 31.6645202636719 31.6556072235107 31.6519737243652 31.6470470428467 31.6468391418457 31.6465148925781 31.6477947235107 31.6513290405273 31.6558322906494 31.6583194732666 31.6558113098145 31.6513137817383 31.6481914520264 31.6452713012695 31.6331844329834 31.6341934204102 31.6331005096436 31.6428356170654 31.636474609375 31.6360950469971 31.6450958251953
