G_variables/Set1/RCP8_2050/Sur_tem_min.asc
NCOLS 229 
NROWS 147 
XLLCORNER -101.25 
YLLCORNER 14.3333333333333 
CELLSIZE 0.0833333333333333 
NODATA_value -9999 
[rows 104 to 129 of 147, columns 171 to 227 of 229]
27.2099876403809 27.2276248931885 27.2339820861816 27.2408390045166 27.2829704284668 27.2951030731201 27.3300170898438 27.3459987640381 27.3572902679443 27.3668537139893 27.3798389434814 27.4020748138428 27.4016361236572 27.3857765197754 27.380765914917 27.3784465789795 27.3876285552979 27.3953113555908 27.4012317657471 27.4108009338379 27.4175472259521 27.4225273132324 27.4322509765625 27.4539756774902 27.4595012664795 27.4540367126465 27.4654159545898 27.4690647125244 27.4828395843506 27.4897613525391 27.4897193908691 27.5008430480957 27.5160465240479 27.5257396697998 27.548469543457 27.5541763305664 27.5588932037354 27.5710391998291 27.557933807373 27.5571231842041 27.5735149383545 27.5621452331543 27.556661605835 27.5560340881348 27.5576515197754 27.5589160919189 27.5694923400879 27.5744190216064 27.5788249969482 27.5882301330566 27.584644317627 27.5868701934814 27.5925636291504 27.5907917022705 27.5933723449707 27.6046543121338 -9999
27.2230014801025 27.2288208007812 27.2328186035156 27.2493457794189 27.2965469360352 27.3063297271729 27.3314476013184 27.3437232971191 27.3612251281738 27.3726997375488 27.3846874237061 27.4031448364258 27.4055309295654 27.3902835845947 27.3827705383301 27.3856906890869 27.3931102752686 27.3962383270264 27.4083156585693 27.4159812927246 27.4209899902344 27.4306011199951 27.4430065155029 27.4607696533203 27.4731025695801 27.4641780853271 27.4687194824219 27.4803524017334 27.4793090820312 27.4854145050049 27.5080127716064 27.5129947662354 27.5166149139404 27.5331001281738 27.5450382232666 27.5553131103516 27.5644645690918 27.5602531433105 27.5584106445312 27.5591812133789 27.5617809295654 27.5602359771729 27.5676155090332 27.5655364990234 27.5579528808594 27.5638561248779 27.5692882537842 27.5737190246582 27.5855159759521 27.5854167938232 27.5860595703125 27.5964794158936 27.598237991333 27.6004199981689 27.6118907928467 27.6142292022705 27.6116676330566
27.2036170959473 27.224645614624 27.2299175262451 27.2663516998291 27.2969493865967 27.3083934783936 27.333740234375 27.3488159179688 27.3607177734375 27.3725814819336 27.3819313049316 27.3934230804443 27.3972816467285 27.3972282409668 27.3931274414062 27.3995056152344 27.4106998443604 27.4122543334961 27.424976348877 27.4338798522949 27.4387168884277 27.4507598876953 27.4614658355713 27.4700202941895 27.481481552124 27.4813346862793 27.4806060791016 27.4878883361816 27.4937934875488 27.4958114624023 27.5179882049561 27.5225200653076 27.5198287963867 27.5331974029541 27.5446491241455 27.5498371124268 27.5580596923828 27.556848526001 27.5538864135742 27.5514583587646 27.5547161102295 27.5548324584961 27.5634346008301 27.5634784698486 27.5601024627686 27.5625076293945 27.5674800872803 27.5712966918945 27.58274269104 27.5881271362305 27.5941696166992 27.6082553863525 27.6104946136475 27.6137771606445 27.6267967224121 27.6365013122559 27.6453742980957
27.2045421600342 27.2525081634521 27.2487449645996 27.2620372772217 27.3018550872803 27.3190898895264 27.3341007232666 27.3663177490234 27.3606014251709 27.3652095794678 27.3782844543457 27.3830146789551 27.3907375335693 27.398416519165 27.396167755127 27.3973350524902 27.4065418243408 27.4177780151367 27.4207763671875 27.4436321258545 27.4430980682373 27.4483985900879 27.4653854370117 27.4686698913574 27.469690322876 27.4736652374268 27.4793529510498 27.483491897583 27.4970760345459 27.5011825561523 27.5060729980469 27.5252895355225 27.524019241333 27.52854347229 27.5467777252197 27.5469360351562 27.5456085205078 27.5531787872314 27.5476531982422 27.5467700958252 27.5494747161865 27.5519008636475 27.556022644043 27.5582256317139 27.5615062713623 27.5637912750244 27.5675144195557 27.5777568817139 27.5824584960938 27.5987529754639 27.602331161499 27.6077728271484 27.6184635162354 27.619592666626 27.6282367706299 27.6446495056152 27.6458930969238
27.2031497955322 27.2185077667236 27.2288722991943 27.2545337677002 27.2725601196289 27.297233581543 27.3241748809814 27.3382434844971 27.3471794128418 27.3582077026367 27.3633270263672 27.3684673309326 27.3825740814209 27.385763168335 27.3868141174316 27.3989906311035 27.4027042388916 27.4043521881104 27.4218044281006 27.4357585906982 27.4384365081787 27.4489936828613 27.4542655944824 27.4603214263916 27.4670104980469 27.4674816131592 27.472936630249 27.4827251434326 27.485164642334 27.4902782440186 27.4981937408447 27.5165596008301 27.5179214477539 27.5247955322266 27.5381050109863 27.5399017333984 27.5390968322754 27.5401420593262 27.5407371520996 27.5419635772705 27.5420913696289 27.5464630126953 27.5448703765869 27.5557422637939 27.5565643310547 27.5647068023682 27.5693264007568 27.5729026794434 27.586820602417 27.5952930450439 27.5985622406006 27.6150436401367 27.6164798736572 27.6228523254395 -9999 -9999 -9999
27.1700859069824 27.1848926544189 27.1996650695801 27.225679397583 27.245735168457 27.2709732055664 27.2978916168213 27.3104419708252 27.3219509124756 27.3340797424316 27.3394165039062 27.3472995758057 27.3631782531738 27.3680992126465 27.3734970092773 27.3873729705811 27.3917903900146 27.3956680297852 27.4138793945312 27.4317893981934 27.4337272644043 27.4444561004639 27.4507389068604 27.4552459716797 27.4617500305176 27.4647006988525 27.4667434692383 27.4752674102783 27.4805850982666 27.4809017181396 27.4910888671875 27.5059356689453 27.5066871643066 27.5126323699951 27.5234050750732 27.5246410369873 27.5230770111084 27.5201034545898 27.5193462371826 27.5248699188232 27.5251579284668 27.5313663482666 27.5310592651367 27.5453262329102 27.5468807220459 27.5562744140625 27.5582427978516 27.5655117034912 27.5798625946045 27.5859909057617 27.5930194854736 27.610107421875 -9999 -9999 -9999 -9999 -9999
27.142614364624 27.1689834594727 27.1878414154053 27.2020149230957 27.233024597168 27.2489318847656 27.2719650268555 27.29833984375 27.3021965026855 27.3136806488037 27.3312931060791 27.3330173492432 27.345682144165 27.3714733123779 27.3635177612305 27.3715629577637 27.3965930938721 27.3924674987793 27.40283203125 27.4345417022705 27.4273853302002 27.431396484375 27.4552593231201 27.4475326538086 27.449893951416 27.4696865081787 27.4612865447998 27.4647960662842 27.4816017150879 27.4718055725098 27.4863033294678 27.502815246582 27.4986953735352 27.5010375976562 27.5152912139893 27.5149517059326 27.5171070098877 27.5187377929688 27.5198707580566 27.5207633972168 27.5207653045654 27.5186519622803 27.5279903411865 27.5356616973877 27.5407276153564 27.5441493988037 27.5529670715332 27.567310333252 27.5811367034912 -9999 -9999 -9999 -9999 -9999 -9999 -9999 -9999
27.1350841522217 27.1480159759521 27.163553237915 27.1901016235352 27.2093563079834 27.2252902984619 27.257848739624 27.2743606567383 27.278694152832 27.2980785369873 27.3032684326172 27.3081569671631 27.3294715881348 27.3367538452148 27.3416042327881 27.3575248718262 27.3648586273193 27.370735168457 27.3907871246338 27.4026527404785 27.4060554504395 27.4178886413574 27.4214496612549 27.4231090545654 27.434965133667 27.4411487579346 27.4430408477783 27.4519748687744 27.4550895690918 27.4529724121094 27.4699268341064 27.4779758453369 27.4866523742676 27.4932193756104 27.5029964447021 27.5017318725586 27.5093841552734 27.5103416442871 27.511531829834 27.5140609741211 27.5154037475586 27.5081405639648 27.5243129730225 27.5303077697754 27.5336608886719 27.5455989837646 -9999 -9999 -9999 -9999 -9999 -9999 -9999 -9999 -9999 -9999 -9999
27.0860805511475 27.1136226654053 27.123046875 27.1477928161621 27.1627922058105 27.1743030548096 27.2011032104492 27.2278099060059 27.2342052459717 27.2543334960938 27.2578411102295 27.2614440917969 27.2780838012695 27.2925891876221 27.3018760681152 27.3186092376709 27.322582244873 27.3299522399902 27.3518810272217 27.3636322021484 27.3697910308838 27.3819465637207 27.3868618011475 27.3846225738525 27.3952198028564 27.4000396728516 27.4074935913086 27.4175319671631 27.421293258667 27.4327144622803 27.4423580169678 27.4494171142578 27.4527721405029 27.4610042572021 27.4785537719727 27.4826545715332 27.4857139587402 27.4893836975098 27.4918785095215 27.4945487976074 27.4960784912109 27.5081176757812 27.5118522644043 27.5144424438477 -9999 -9999 -9999 -9999 -9999 -9999 -9999 -9999 -9999 -9999 -9999 -9999 -9999
27.0715160369873 27.0865993499756 27.099946975708 27.1100196838379 27.1479206085205 27.1577682495117 27.1779880523682 27.183292388916 27.2137298583984 27.2197666168213 27.2274742126465 27.2448596954346 27.2528305053711 27.2627239227295 27.2772159576416 27.2842674255371 27.3001899719238 27.3155651092529 27.3298282623291 27.3395442962646 27.3515586853027 27.3561210632324 27.3669471740723 27.3665027618408 27.3696537017822 27.3787727355957 27.3893737792969 27.3957099914551 27.4084491729736 27.420597076416 27.427152633667 27.4366245269775 27.4473400115967 27.4543037414551 27.4738292694092 27.4757194519043 27.4774017333984 27.4825439453125 27.4825878143311 27.4838027954102 27.4960403442383 -9999 -9999 -9999 -9999 -9999 -9999 -9999 -9999 -9999 -9999 -9999 -9999 -9999 -9999 -9999 -9999
27.0702800750732 27.0740261077881 27.08274269104 27.099100112915 27.1305389404297 27.1376476287842 27.1625938415527 27.1706027984619 27.1907844543457 27.2052097320557 27.2115840911865 27.2223720550537 27.2391319274902 27.2453575134277 27.2544994354248 27.2711181640625 27.2868881225586 27.2951507568359 27.3176078796387 27.3241424560547 27.326717376709 27.3414936065674 27.3414192199707 27.3356456756592 27.3471221923828 27.3598079681396 27.369068145752 27.383092880249 27.3963737487793 27.402551651001 27.4177665710449 27.4231147766113 27.4323196411133 27.4481906890869 27.4547996520996 27.4606647491455 27.468786239624 27.4725589752197 27.4725799560547 -9999 -9999 -9999 -9999 -9999 -9999 -9999 -9999 -9999 -9999 -9999 -9999 -9999 -9999 -9999 -9999 -9999 -9999
27.0416603088379 27.0423812866211 27.0447235107422 27.0610809326172 27.0748558044434 27.0828914642334 27.1131896972656 27.118350982666 27.1508846282959 27.165807723999 27.1726417541504 27.1831645965576 27.1990737915039 27.2051372528076 27.2132225036621 27.2305011749268 27.239574432373 27.2462635040283 27.2676334381104 27.2709560394287 27.2831478118896 27.2942085266113 27.2919387817383 27.2876377105713 27.299991607666 27.3172035217285 27.3286952972412 27.3434181213379 27.3546714782715 27.3608684539795 27.378137588501 27.3840637207031 27.3981037139893 27.411792755127 27.4184169769287 27.4286499023438 -9999 -9999 -9999 -9999 -9999 -9999 -9999 -9999 -9999 -9999 -9999 -9999 -9999 -9999 -9999 -9999 -9999 -9999 -9999 -9999 -9999
27.0114822387695 27.0235729217529 27.0316314697266 27.0393238067627 27.0529403686523 27.0694103240967 27.0921306610107 27.0969829559326 27.1389293670654 27.1458110809326 27.1549282073975 27.1657104492188 27.1771106719971 27.1864109039307 27.2014236450195 27.20947265625 27.2231388092041 27.2355003356934 27.2474498748779 27.253059387207 27.2679080963135 27.2759037017822 27.2825393676758 27.2869911193848 27.291898727417 27.3026638031006 27.3181972503662 27.3270092010498 27.343225479126 27.3496017456055 27.34494972229 27.357889175415 27.371395111084 -9999 -9999 -9999 -9999 -9999 -9999 -9999 -9999 -9999 -9999 -9999 -9999 -9999 -9999 -9999 -9999 -9999 -9999 -9999 -9999 -9999 -9999 -9999 -9999
26.9956531524658 27.0072154998779 27.0131092071533 27.0261688232422 27.0403060913086 27.0511703491211 27.0835037231445 27.0885562896729 27.1192817687988 27.1372032165527 27.1428813934326 27.1464538574219 27.1637020111084 27.1782741546631 27.1855411529541 27.1998500823975 27.2093143463135 27.2181262969971 27.2342433929443 27.2370681762695 27.2508773803711 27.2674560546875 27.2719573974609 27.2735614776611 27.2866458892822 27.2909660339355 27.3002738952637 27.2974472045898 27.3053550720215 27.3183746337891 27.3314476013184 -9999 -9999 -9999 -9999 -9999 -9999 -9999 -9999 -9999 -9999 -9999 -9999 -9999 -9999 -9999 -9999 -9999 -9999 -9999 -9999 -9999 -9999 -9999 -9999 -9999 -9999
26.9591293334961 26.9713554382324 26.9786281585693 26.9921035766602 27.0067100524902 27.0190353393555 27.053165435791 27.0619640350342 27.0875568389893 27.1051464080811 27.1049060821533 27.1084842681885 27.1338577270508 27.1476573944092 27.1549739837646 27.1686630249023 27.1741523742676 27.1790637969971 27.1976261138916 27.2018489837646 27.2120418548584 27.2260322570801 27.2335891723633 27.2357006072998 27.2472095489502 27.2494964599609 27.2400360107422 27.2538795471191 -9999 -9999 -9999 -9999 -9999 -9999 -9999 -9999 -9999 -9999 -9999 -9999 -9999 -9999 -9999 -9999 -9999 -9999 -9999 -9999 -9999 -9999 -9999 -9999 -9999 -9999 -9999 -9999 -9999
26.9428024291992 26.9502429962158 26.9681358337402 26.980037689209 26.9858570098877 27.0100841522217 27.0377101898193 27.0461883544922 27.0617294311523 27.0909671783447 27.0987701416016 27.1071109771729 27.117603302002 27.1317653656006 27.1444473266602 27.155517578125 27.1613006591797 27.1705551147461 27.1814289093018 27.1828708648682 27.1966190338135 27.2094326019287 27.2209625244141 27.2258052825928 27.2132511138916 27.221960067749 -9999 -9999 -9999 -9999 -9999 -9999 -9999 -9999 -9999 -9999 -9999 -9999 -9999 -9999 -9999 -9999 -9999 -9999 -9999 -9999 -9999 -9999 -9999 -9999 -9999 -9999 -9999 -9999 -9999 -9999 -9999
26.9322605133057 26.9420909881592 26.9550151824951 26.9733810424805 26.9869861602783 26.9969882965088 27.0310535430908 27.0376930236816 27.0477142333984 27.0898494720459 27.0936069488525 27.1014194488525 27.1156959533691 27.1257266998291 27.1320953369141 27.1412105560303 27.1453170776367 27.153018951416 27.1671924591064 27.1727600097656 27.1761951446533 27.1812744140625 27.1839332580566 -9999 -9999 -9999 -9999 -9999 -9999 -9999 -9999 -9999 -9999 -9999 -9999 -9999 -9999 -9999 -9999 -9999 -9999 -9999 -9999 -9999 -9999 -9999 -9999 -9999 -9999 -9999 -9999 -9999 -9999 -9999 -9999 -9999 -9999
26.9142189025879 26.9226188659668 26.933837890625 26.9528846740723 26.9654293060303 26.9796600341797 27.0140857696533 27.0248222351074 27.0353755950928 27.0538215637207 27.0826015472412 27.0853672027588 27.098747253418 27.1091003417969 27.1141510009766 27.1224403381348 27.1236324310303 27.1276874542236 27.1415996551514 27.1407299041748 -9999 -9999 -9999 -9999 -9999 -9999 -9999 -9999 -9999 -9999 -9999 -9999 -9999 -9999 -9999 -9999 -9999 -9999 -9999 -9999 -9999 -9999 -9999 -9999 -9999 -9999 -9999 -9999 -9999 -9999 -9999 -9999 -9999 -9999 -9999 -9999 -9999
26.9036464691162 26.9086017608643 26.9272594451904 26.9405574798584 26.9484443664551 26.9725360870361 27.0031280517578 27.0161285400391 27.0317039489746 27.0420761108398 27.0696678161621 27.0842380523682 27.0911407470703 27.0974636077881 27.1102771759033 27.1133899688721 27.1099090576172 27.119478225708 27.128080368042 27.1203327178955 -9999 -9999 -9999 -9999 -9999 -9999 -9999 -9999 -9999 -9999 -9999 -9999 -9999 -9999 -9999 -9999 -9999 -9999 -9999 -9999 -9999 -9999 -9999 -9999 -9999 -9999 -9999 -9999 -9999 -9999 -9999 -9999 -9999 -9999 -9999 -9999 -9999
26.8979263305664 26.909029006958 26.9195232391357 26.9386081695557 26.9489936828613 26.9644832611084 26.998950958252 27.0156784057617 27.0251808166504 27.0461578369141 27.0581226348877 27.0807399749756 27.0929870605469 27.0961837768555 27.1076850891113 27.1112670898438 27.1141872406006 27.1164093017578 27.1222305297852 -9999 -9999 -9999 -9999 -9999 -9999 -9999 -9999 -9999 -9999 -9999 -9999 -9999 -9999 -9999 -9999 -9999 -9999 -9999 -9999 -9999 -9999 -9999 -9999 -9999 -9999 -9999 -9999 -9999 -9999 -9999 -9999 -9999 -9999 -9999 -9999 -9999 -9999
26.8924808502197 26.9049873352051 26.9175682067871 26.9373359680176 26.9472064971924 26.955493927002 26.9816913604736 27.009313583374 27.0232677459717 27.0452308654785 27.0574989318848 27.0710124969482 27.0904331207275 27.0938491821289 27.1027984619141 27.1059970855713 27.1074104309082 27.1066799163818 -9999 -9999 -9999 -9999 -9999 -9999 -9999 -9999 -9999 -9999 -9999 -9999 -9999 -9999 -9999 -9999 -9999 -9999 -9999 -9999 -9999 -9999 -9999 -9999 -9999 -9999 -9999 -9999 -9999 -9999 -9999 -9999 -9999 -9999 -9999 -9999 -9999 -9999 -9999
26.8940887451172 26.8985252380371 26.9210681915283 26.9325046539307 26.9323024749756 26.9547138214111 26.9760036468506 26.9842739105225 27.0263233184814 27.0400981903076 27.0544700622559 27.0711460113525 27.0871715545654 27.0965423583984 27.1022567749023 27.0879020690918 27.0898094177246 -9999 -9999 -9999 -9999 -9999 -9999 -9999 -9999 -9999 -9999 -9999 -9999 -9999 -9999 -9999 -9999 -9999 -9999 -9999 -9999 -9999 -9999 -9999 -9999 -9999 -9999 -9999 -9999 -9999 -9999 -9999 -9999 -9999 -9999 -9999 -9999 -9999 -9999 -9999 -9999
26.9049835205078 26.9112968444824 26.9234428405762 26.9277038574219 26.9346961975098 26.94997215271 26.9781284332275 26.9956035614014 27.0115566253662 27.0439834594727 27.0531578063965 27.0633850097656 27.0746841430664 27.0801181793213 27.0841789245605 27.0835456848145 27.0829792022705 -9999 -9999 -9999 -9999 -9999 -9999 -9999 -9999 -9999 -9999 -9999 -9999 -9999 -9999 -9999 -9999 -9999 -9999 -9999 -9999 -9999 -9999 -9999 -9999 -9999 -9999 -9999 -9999 -9999 -9999 -9999 -9999 -9999 -9999 -9999 -9999 -9999 -9999 -9999 -9999
26.9187202453613 26.9227828979492 26.9320049285889 26.9338912963867 26.9392280578613 26.9537239074707 26.9776058197021 26.998706817627 27.0097045898438 27.044303894043 27.0554065704346 27.0610504150391 27.0749187469482 27.0761032104492 27.0815753936768 27.0822238922119 -9999 -9999 -9999 -9999 -9999 -9999 -9999 -9999 -9999 -9999 -9999 -9999 -9999 -9999 -9999 -9999 -9999 -9999 -9999 -9999 -9999 -9999 -9999 -9999 -9999 -9999 -9999 -9999 -9999 -9999 -9999 -9999 -9999 -9999 -9999 -9999 -9999 -9999 -9999 -9999 -9999
26.9234676361084 26.9293727874756 26.9296169281006 26.9359169006348 26.9465026855469 26.9547290802002 26.9809589385986 27.0033950805664 27.0119819641113 27.0234107971191 27.0629634857178 27.0603847503662 27.0685577392578 -9999 -9999 -9999 -9999 -9999 -9999 -9999 -9999 -9999 -9999 -9999 -9999 -9999 -9999 -9999 -9999 -9999 -9999 -9999 -9999 -9999 -9999 -9999 -9999 -9999 -9999 -9999 -9999 -9999 -9999 -9999 -9999 -9999 -9999 -9999 -9999 -9999 -9999 -9999 -9999 -9999 -9999 -9999 -9999
26.9234256744385 26.9247741699219 26.9322681427002 26.9390316009521 26.944896697998 26.9558124542236 26.982982635498 26.9945087432861 27.005729675293 -9999 -9999 -9999 -9999 -9999 -9999 -9999 -9999 -9999 -9999 -9999 -9999 -9999 -9999 -9999 -9999 -9999 -9999 -9999 -9999 -9999 -9999 -9999 -9999 -9999 -9999 -9999 -9999 -9999 -9999 -9999 -9999 -9999 -9999 -9999 -9999 -9999 -9999 -9999 -9999 -9999 -9999 -9999 -9999 -9999 -9999 -9999 -9999
