G_variables/Set1/RCP8_2050/Sur_tem_min.asc
NCOLS 229 
NROWS 147 
XLLCORNER -101.25 
YLLCORNER 14.3333333333333 
CELLSIZE 0.0833333333333333 
NODATA_value -9999 
[rows 52 to 77 of 147, columns 114 to 170 of 229]
22.9736766815186 22.9646377563477 22.9635009765625 22.9587516784668 22.9871978759766 22.9864711761475 23.0145626068115 23.0427436828613 23.0739116668701 23.1114654541016 23.1004943847656 23.1013832092285 23.1434841156006 23.1309509277344 23.1469306945801 23.1577911376953 23.1634998321533 23.1578178405762 23.1833744049072 23.2172679901123 23.2325897216797 23.2516059875488 23.2326641082764 23.2188243865967 23.2241611480713 23.203088760376 23.1866893768311 23.149730682373 23.1399002075195 23.1146430969238 23.0788898468018 23.0421524047852 22.9902648925781 22.9872817993164 23.0554008483887 23.0991039276123 23.1306018829346 23.1467018127441 23.1727275848389 23.2168750762939 23.2372741699219 23.2537651062012 23.3154945373535 23.3267269134521 23.3512516021729 23.4574699401855 23.500373840332 23.5637702941895 23.7129421234131 23.7727489471436 23.844108581543 24.0701522827148 24.1187076568604 24.2045726776123 24.435905456543 24.4907493591309 24.6239280700684
22.9997310638428 23.0071926116943 22.993143081665 22.991870880127 23.0052261352539 23.0273170471191 23.024866104126 23.0526180267334 23.0796432495117 23.0953826904297 23.1082057952881 23.1357002258301 23.1282730102539 23.1608390808105 23.1714477539062 23.1610641479492 23.1910800933838 23.1859760284424 23.184850692749 23.2143592834473 23.2258415222168 23.2253551483154 23.2362842559814 23.2163219451904 23.2205066680908 23.2181816101074 23.1875247955322 23.1701068878174 23.1363620758057 23.10964012146 23.0841217041016 23.0488796234131 23.0313663482666 23.0179843902588 23.0728740692139 23.0961418151855 23.1199760437012 23.1269569396973 23.176212310791 23.1976013183594 23.1992244720459 23.2596740722656 23.2820358276367 23.2847690582275 23.3776035308838 23.4216785430908 23.4628410339355 23.5861968994141 23.6520118713379 23.7450218200684 23.8964309692383 23.975025177002 24.0967750549316 24.2521877288818 24.3403186798096 24.4708099365234 24.70823097229
23.0136165618896 23.0120220184326 23.0217876434326 23.0090293884277 23.0188636779785 23.0363540649414 23.0435428619385 23.0619430541992 23.0706462860107 23.1071319580078 23.1210994720459 23.1352844238281 23.1447448730469 23.156566619873 23.1578769683838 23.1750411987305 23.1857070922852 23.1875228881836 23.1891994476318 23.199520111084 23.2077255249023 23.2151317596436 23.2181301116943 23.2292766571045 23.2085189819336 23.1988410949707 23.1844806671143 23.1605854034424 23.1415157318115 23.1115474700928 23.0850849151611 23.0689601898193 23.0669269561768 23.0525512695312 23.0691566467285 23.0873184204102 23.127254486084 23.1533355712891 23.1699829101562 23.203971862793 23.2262210845947 23.2529354095459 23.3025550842285 23.3199787139893 23.3611488342285 23.4530792236328 23.4836654663086 23.54931640625 23.6824283599854 23.7649269104004 23.8419380187988 24.0165748596191 24.1173610687256 24.1602039337158 24.4240131378174 24.4785556793213 24.6021175384521
23.0804328918457 23.0697250366211 23.0800189971924 23.0670871734619 23.0714740753174 23.0761013031006 23.1092548370361 23.1221599578857 23.1309776306152 23.1564483642578 23.1657619476318 23.1807861328125 23.2101421356201 23.1911888122559 23.1926231384277 23.1912956237793 23.2076606750488 23.2083110809326 23.2071189880371 23.2135620117188 23.2119312286377 23.2069129943848 23.2201194763184 23.2104911804199 23.1991271972656 23.1865005493164 23.1761589050293 23.1516704559326 23.1369686126709 23.1193790435791 23.0976734161377 23.0876026153564 23.080171585083 23.0767288208008 23.0795249938965 23.1027221679688 23.1256332397461 23.1471900939941 23.1851654052734 23.2268924713135 23.2478847503662 23.2635688781738 23.3191013336182 23.3435802459717 23.3658256530762 23.4500942230225 23.4937114715576 23.5316028594971 23.6768417358398 23.7226943969727 23.8099346160889 23.9783191680908 24.0745105743408 24.1260871887207 24.3912181854248 24.514030456543 24.5899085998535
23.0984325408936 23.0682907104492 23.0914764404297 23.080436706543 23.0599880218506 23.0923900604248 23.1166763305664 23.1344871520996 23.149206161499 23.1542129516602 23.1780662536621 23.1956634521484 23.2054748535156 23.2303447723389 23.2042407989502 23.1858940124512 23.2051620483398 23.2122840881348 23.2126560211182 23.2254066467285 23.2076625823975 23.2199382781982 23.2137508392334 23.1970901489258 23.1843967437744 23.1666564941406 23.1644992828369 23.1590747833252 23.1381282806396 23.1268520355225 23.1005764007568 23.0702075958252 23.0914154052734 23.0819091796875 23.0683670043945 23.1112022399902 23.1352882385254 23.1384296417236 23.2054443359375 23.2252464294434 23.2351322174072 23.2838935852051 23.3088912963867 23.3219223022461 23.3942928314209 23.4275398254395 23.4393558502197 23.5805110931396 23.6331043243408 23.6829051971436 23.8325080871582 23.9380302429199 24.0021858215332 24.1908092498779 24.2800388336182 24.3904991149902 24.6929817199707
23.1159286499023 23.1091785430908 23.1115913391113 23.0976848602295 23.1036434173584 23.1118793487549 23.1451549530029 23.1565208435059 23.1609382629395 23.1702880859375 23.1733551025391 23.1925468444824 23.2107963562012 23.219066619873 23.2319774627686 23.1868934631348 23.1986389160156 23.1990928649902 23.2030830383301 23.2174129486084 23.213981628418 23.2186336517334 23.2155818939209 23.1966915130615 23.1779594421387 23.1652317047119 23.1707420349121 23.1514549255371 23.1421680450439 23.1301212310791 23.1178588867188 23.0934963226318 23.098030090332 23.0941143035889 23.0974521636963 23.1173057556152 23.1573181152344 23.1823711395264 23.2126712799072 23.2548160552979 23.2749786376953 23.2913970947266 23.3435974121094 23.3738327026367 23.3969268798828 23.4796085357666 23.5006885528564 23.5686550140381 23.6815299987793 23.7537384033203 23.8000965118408 23.9865074157715 24.0446014404297 24.1339683532715 24.3814640045166 24.4748058319092 24.6104888916016
23.1570777893066 23.149730682373 23.1524715423584 23.1583976745605 23.1511650085449 23.1582851409912 23.1833019256592 23.1969566345215 23.2028198242188 23.2243614196777 23.2224369049072 23.2094650268555 23.2316093444824 23.2307929992676 23.2320079803467 23.2054538726807 23.2113037109375 23.2015781402588 23.2010707855225 23.2173919677734 23.2169704437256 23.2097625732422 23.2184448242188 23.209436416626 23.1808605194092 23.1688137054443 23.1698303222656 23.15696144104 23.153226852417 23.1491451263428 23.1353244781494 23.1249828338623 23.1284122467041 23.1276569366455 23.1271991729736 23.1648464202881 23.2076358795166 23.2289962768555 23.2495956420898 23.2888584136963 23.3050212860107 23.3370933532715 23.363374710083 23.4117126464844 23.4601306915283 23.4896507263184 23.5684928894043 23.6276473999023 23.7042655944824 23.7876853942871 23.8345012664795 23.9953861236572 24.073637008667 24.1418933868408 24.4157333374023 24.4795455932617 24.6717777252197
23.1773414611816 23.153341293335 23.164852142334 23.174877166748 23.1864910125732 23.1829643249512 23.1962757110596 23.2260417938232 23.2306346893311 23.2346019744873 23.2491569519043 23.2406902313232 23.2273216247559 23.2429161071777 23.2200775146484 23.2264137268066 23.2119159698486 23.2103290557861 23.209997177124 23.2203140258789 23.2161846160889 23.2125396728516 23.2148704528809 23.2082328796387 23.1925735473633 23.1455516815186 23.1524524688721 23.1574058532715 23.13671875 23.1469745635986 23.140645980835 23.1152839660645 23.1375370025635 23.1332759857178 23.1376113891602 23.1835460662842 23.2164402008057 23.2487964630127 23.2610301971436 23.2964859008789 23.3495292663574 23.3500995635986 23.3781490325928 23.4469566345215 23.4702205657959 23.5422706604004 23.5820789337158 23.6395416259766 23.7186794281006 23.8201217651367 23.9071235656738 23.964376449585 24.0328311920166 24.23681640625 24.3481922149658 24.4643115997314 24.8083324432373
23.1822166442871 23.1789474487305 23.1764945983887 23.1856670379639 23.1931591033936 23.2052345275879 23.2134666442871 23.2324161529541 23.2383918762207 23.2538032531738 23.2610111236572 23.2556705474854 23.2473011016846 23.2332878112793 23.2317523956299 23.2261734008789 23.2249336242676 23.2145118713379 23.2103786468506 23.2257614135742 23.2259693145752 23.2191791534424 23.2148361206055 23.2164001464844 23.201961517334 23.1818332672119 23.1691036224365 23.1741275787354 23.1686916351318 23.1620178222656 23.1664371490479 23.1562557220459 23.1467437744141 23.1565742492676 23.1850700378418 23.2042579650879 23.2294979095459 23.2525157928467 23.2856826782227 23.3059120178223 23.3474769592285 23.3634834289551 -9999 -9999 23.49973487854 23.5685081481934 23.6268215179443 23.7110462188721 23.7631320953369 23.834358215332 23.9233798980713 24.018575668335 24.0702800750732 24.1947154998779 24.4895172119141 24.6223125457764 24.7304096221924
23.2308387756348 23.2115745544434 23.2085990905762 23.2175617218018 23.227071762085 23.2370491027832 23.2624797821045 23.2682819366455 23.2796077728271 23.2901973724365 23.2938747406006 23.2746257781982 23.2776641845703 23.2725067138672 23.2346572875977 23.2276954650879 23.2209587097168 23.2095699310303 23.2071075439453 23.2282581329346 23.2315998077393 23.2355480194092 23.2277450561523 23.2222499847412 23.2220191955566 23.2156066894531 23.205904006958 23.2061004638672 23.1988372802734 23.1983089447021 23.1891174316406 23.1865825653076 23.1714019775391 23.1891441345215 23.2188053131104 23.23681640625 23.2605228424072 23.2808952331543 -9999 -9999 -9999 -9999 -9999 -9999 -9999 -9999 -9999 -9999 -9999 -9999 23.9777526855469 24.0582981109619 24.2236480712891 24.3054981231689 24.4955024719238 24.7160377502441 -9999
23.2479267120361 23.2002754211426 23.2159996032715 23.2255458831787 23.2263832092285 23.2499256134033 23.2679347991943 23.3017463684082 23.3142623901367 23.3177051544189 23.310022354126 23.2870960235596 23.2878456115723 23.2728328704834 23.2651081085205 23.2306537628174 23.2174034118652 23.2191829681396 23.2256984710693 23.2215614318848 23.2397708892822 23.246955871582 23.242395401001 23.2307033538818 23.222806930542 23.2564601898193 23.2270984649658 23.2312450408936 23.2590770721436 23.2224769592285 23.2109088897705 23.2256469726562 23.165132522583 23.1793117523193 23.2784442901611 -9999 -9999 -9999 -9999 -9999 -9999 -9999 -9999 -9999 -9999 -9999 -9999 -9999 -9999 -9999 -9999 -9999 -9999 -9999 -9999 -9999 -9999
23.2491722106934 23.2350463867188 23.2339935302734 23.2321224212646 23.2384605407715 23.2530879974365 23.2765655517578 23.2837886810303 23.3122329711914 23.3233165740967 23.3149318695068 23.2960834503174 23.2909717559814 23.28076171875 23.2730674743652 23.2333431243896 23.2267036437988 23.2238063812256 23.2394828796387 23.2283306121826 23.2395191192627 23.2543449401855 23.2479438781738 23.2343368530273 23.2270793914795 23.239351272583 23.2511100769043 23.2416362762451 -9999 -9999 -9999 -9999 -9999 -9999 -9999 -9999 -9999 -9999 -9999 -9999 -9999 -9999 -9999 -9999 -9999 -9999 -9999 -9999 -9999 -9999 -9999 -9999 -9999 -9999 -9999 -9999 -9999
23.280424118042 23.2580909729004 23.2579517364502 23.2685813903809 23.258695602417 23.2701091766357 23.2736988067627 23.2877655029297 23.3033924102783 23.3129043579102 23.3217754364014 23.3170738220215 23.293083190918 23.2688522338867 23.2566356658936 23.2120895385742 23.2057456970215 23.2133235931396 23.2114391326904 23.2153377532959 23.2386322021484 23.2503833770752 23.2389507293701 -9999 -9999 -9999 -9999 -9999 -9999 -9999 -9999 -9999 -9999 -9999 -9999 -9999 -9999 -9999 -9999 -9999 -9999 -9999 -9999 -9999 -9999 -9999 -9999 -9999 -9999 -9999 -9999 -9999 -9999 -9999 -9999 -9999 -9999
23.2873935699463 23.256046295166 23.2634544372559 23.2759227752686 23.2373218536377 23.2636013031006 23.2685699462891 23.2921314239502 23.2955303192139 23.2993850708008 23.3228168487549 23.3114948272705 23.2812633514404 23.2889099121094 23.2375087738037 23.2213935852051 23.2114906311035 23.1886329650879 23.2082653045654 23.216739654541 23.2216567993164 -9999 -9999 -9999 -9999 -9999 -9999 -9999 -9999 -9999 -9999 -9999 -9999 -9999 -9999 -9999 -9999 -9999 -9999 -9999 -9999 -9999 -9999 -9999 -9999 -9999 -9999 -9999 -9999 -9999 -9999 -9999 -9999 -9999 -9999 -9999 -9999
23.2878761291504 23.2825832366943 23.2795066833496 23.2420444488525 23.2560501098633 23.2630252838135 23.2685546875 23.2781772613525 23.2870292663574 23.2841358184814 23.2816524505615 23.3111915588379 23.2565307617188 23.2449207305908 23.231409072876 23.2116203308105 23.2019329071045 23.1747264862061 -9999 -9999 -9999 -9999 -9999 -9999 -9999 -9999 -9999 -9999 -9999 -9999 -9999 -9999 -9999 -9999 -9999 -9999 -9999 -9999 -9999 -9999 -9999 -9999 -9999 -9999 -9999 -9999 -9999 -9999 -9999 -9999 -9999 -9999 -9999 -9999 -9999 -9999 -9999
23.3163223266602 23.3100490570068 23.3031940460205 23.2663688659668 23.2503356933594 23.2641696929932 23.2777423858643 23.2826042175293 23.2911548614502 23.2865123748779 23.2925624847412 23.3001689910889 23.2363719940186 23.2201709747314 23.1977043151855 23.1785488128662 23.1615924835205 -9999 -9999 -9999 -9999 -9999 -9999 -9999 -9999 -9999 -9999 -9999 -9999 -9999 -9999 -9999 -9999 -9999 -9999 -9999 -9999 -9999 -9999 -9999 -9999 -9999 -9999 -9999 -9999 -9999 -9999 -9999 -9999 -9999 -9999 -9999 -9999 -9999 -9999 -9999 -9999
23.3104438781738 23.2726097106934 23.2805233001709 23.2550888061523 23.239444732666 23.2676162719727 23.2763271331787 23.2893962860107 23.2762660980225 23.2759437561035 23.3229141235352 23.2603874206543 23.2284545898438 23.1684341430664 23.1840591430664 23.1606559753418 23.1010513305664 -9999 -9999 -9999 -9999 -9999 -9999 -9999 -9999 -9999 -9999 -9999 -9999 -9999 -9999 -9999 -9999 -9999 -9999 -9999 -9999 -9999 -9999 -9999 -9999 -9999 -9999 -9999 -9999 -9999 -9999 -9999 -9999 -9999 -9999 -9999 -9999 -9999 -9999 -9999 -9999
23.3097267150879 23.2983360290527 23.288553237915 23.2691192626953 23.2569999694824 23.2602558135986 23.2724094390869 23.2767791748047 23.2818412780762 23.2543926239014 23.2731742858887 23.2802200317383 23.2099514007568 23.1930713653564 23.1772804260254 23.1791934967041 23.1633815765381 -9999 -9999 -9999 -9999 -9999 -9999 -9999 -9999 -9999 -9999 -9999 -9999 -9999 -9999 -9999 -9999 -9999 -9999 -9999 -9999 -9999 -9999 -9999 -9999 -9999 -9999 -9999 -9999 -9999 -9999 -9999 -9999 -9999 -9999 -9999 -9999 -9999 -9999 -9999 -9999
23.3431167602539 23.3319721221924 23.3184432983398 23.3060321807861 23.2949695587158 23.2944812774658 23.2934627532959 23.2796192169189 23.2769508361816 23.2683696746826 23.2532806396484 23.2611484527588 23.2057285308838 23.1731758117676 23.1876831054688 23.1701488494873 -9999 -9999 -9999 -9999 -9999 -9999 -9999 -9999 -9999 -9999 -9999 -9999 -9999 -9999 -9999 -9999 -9999 -9999 -9999 -9999 -9999 -9999 -9999 -9999 -9999 -9999 -9999 -9999 -9999 -9999 -9999 -9999 -9999 -9999 -9999 -9999 -9999 -9999 -9999 -9999 26.8031349182129
23.3627223968506 23.3209400177002 23.3203048706055 23.3148365020752 23.296085357666 23.29518699646 23.2921047210693 23.3016147613525 23.2820110321045 23.2604904174805 23.275276184082 23.2434577941895 23.1981372833252 23.1556034088135 23.182373046875 23.1721343994141 -9999 -9999 -9999 -9999 -9999 -9999 -9999 -9999 -9999 -9999 -9999 -9999 -9999 -9999 -9999 -9999 -9999 -9999 -9999 -9999 -9999 -9999 -9999 -9999 -9999 -9999 -9999 -9999 -9999 -9999 -9999 -9999 -9999 -9999 -9999 -9999 -9999 -9999 -9999 26.8084907531738 26.8388767242432
23.3697109222412 23.3612651824951 23.3381652832031 23.3167724609375 23.3133697509766 23.3071117401123 23.2823238372803 23.2798862457275 23.2910823822021 23.249719619751 23.2496337890625 23.2351341247559 23.2093048095703 23.1805744171143 23.1761264801025 -9999 -9999 -9999 -9999 -9999 -9999 -9999 -9999 -9999 -9999 -9999 -9999 -9999 -9999 -9999 -9999 -9999 -9999 -9999 -9999 -9999 -9999 -9999 -9999 -9999 -9999 -9999 -9999 -9999 -9999 -9999 -9999 -9999 -9999 -9999 -9999 -9999 -9999 -9999 26.8140678405762 26.8487091064453 26.8675498962402
23.4219341278076 23.4044551849365 23.397891998291 23.3630886077881 23.3570213317871 23.3287010192871 23.2957172393799 23.2679500579834 23.2783908843994 23.2362422943115 23.2444038391113 23.2338371276855 23.1933822631836 23.2003059387207 23.2038192749023 23.1798324584961 -9999 -9999 -9999 -9999 -9999 -9999 -9999 -9999 -9999 -9999 -9999 -9999 -9999 -9999 -9999 -9999 -9999 -9999 -9999 -9999 -9999 -9999 -9999 -9999 -9999 -9999 -9999 -9999 -9999 -9999 -9999 -9999 -9999 -9999 -9999 -9999 -9999 26.8367576599121 26.8566265106201 26.8634986877441 26.8922786712646
23.4403858184814 23.4038009643555 23.395715713501 23.375431060791 23.3721466064453 23.324857711792 23.2959880828857 23.2972927093506 23.2653617858887 23.2696228027344 23.2349891662598 23.2201995849609 23.2050800323486 23.1793575286865 23.2060298919678 -9999 -9999 -9999 -9999 -9999 -9999 -9999 -9999 -9999 -9999 -9999 -9999 -9999 -9999 -9999 -9999 -9999 -9999 -9999 -9999 -9999 -9999 -9999 -9999 -9999 -9999 -9999 -9999 -9999 -9999 -9999 -9999 -9999 -9999 -9999 -9999 -9999 -9999 26.8255558013916 26.8613262176514 26.8579139709473 26.8906211853027
23.4500122070312 23.4223251342773 23.414680480957 23.3709983825684 23.3598766326904 23.3373355865479 23.3032836914062 23.2887401580811 23.2779598236084 23.2518692016602 23.2268619537354 23.2381935119629 23.2063541412354 23.1903438568115 23.2102317810059 -9999 -9999 -9999 -9999 -9999 -9999 -9999 -9999 -9999 -9999 -9999 -9999 -9999 -9999 -9999 -9999 -9999 -9999 -9999 -9999 -9999 -9999 -9999 -9999 -9999 -9999 -9999 -9999 -9999 -9999 -9999 -9999 -9999 -9999 -9999 -9999 26.7469635009766 26.7640914916992 26.8234405517578 26.868968963623 26.8946933746338 26.8990497589111
23.5074996948242 23.4982261657715 23.4715366363525 23.4215679168701 23.3830337524414 23.3741149902344 23.3158512115479 23.2986068725586 23.2984504699707 23.2496814727783 23.2407855987549 23.2133903503418 23.2181510925293 23.2187652587891 23.2481670379639 -9999 -9999 -9999 -9999 -9999 -9999 -9999 -9999 -9999 -9999 -9999 -9999 -9999 -9999 -9999 -9999 -9999 -9999 -9999 -9999 -9999 -9999 -9999 -9999 -9999 -9999 -9999 -9999 -9999 -9999 -9999 -9999 -9999 -9999 -9999 -9999 26.7400856018066 26.7599906921387 26.8305397033691 26.8765277862549 26.8981990814209 26.9373512268066
23.5310707092285 23.5063819885254 23.4701690673828 23.4468250274658 23.4392776489258 23.3646602630615 23.3280544281006 23.2720108032227 23.2780590057373 23.2606410980225 23.2033653259277 23.2070159912109 23.2268676757812 23.2121028900146 23.2357521057129 -9999 -9999 -9999 -9999 -9999 -9999 -9999 -9999 -9999 -9999 -9999 -9999 -9999 -9999 -9999 -9999 -9999 -9999 -9999 -9999 -9999 -9999 -9999 -9999 -9999 -9999 -9999 -9999 -9999 -9999 -9999 -9999 -9999 -9999 -9999 -9999 26.726245880127 26.7789497375488 26.8146724700928 26.8832015991211 26.9387893676758 26.9609661102295
