G_variables/Set1/RCP8_2050/Sur_tem_min.asc
NCOLS 229 
NROWS 147 
XLLCORNER -101.25 
YLLCORNER 14.3333333333333 
CELLSIZE 0.0833333333333333 
NODATA_value -9999 
[rows 26 to 51 of 147, columns 57 to 113 of 229]
-9999 -9999 -9999 -9999 -9999 -9999 -9999 -9999 -9999 -9999 -9999 -9999 -9999 -9999 -9999 -9999 -9999 -9999 -9999 -9999 -9999 -9999 -9999 -9999 -9999 -9999 -9999 -9999 -9999 22.6356906890869 22.6372661590576 22.6407585144043 22.6308765411377 22.6338214874268 22.6079864501953 22.6366024017334 22.6396369934082 22.640230178833 22.6667289733887 22.6851081848145 22.7421627044678 22.6680126190186 22.6451435089111 22.6332244873047 22.5624141693115 22.5182914733887 22.4564361572266 22.4114265441895 22.3807334899902 22.3176918029785 22.2966995239258 22.2772483825684 22.2389621734619 22.2164573669434 22.1954612731934 22.1691570281982 22.1496868133545
-9999 -9999 -9999 -9999 -9999 -9999 -9999 -9999 -9999 -9999 -9999 -9999 -9999 -9999 -9999 -9999 -9999 -9999 -9999 -9999 -9999 -9999 -9999 -9999 -9999 -9999 -9999 -9999 22.6382884979248 22.6452903747559 22.6506633758545 22.6486396789551 22.6411037445068 22.6514644622803 22.645227432251 22.6411952972412 22.6646327972412 22.66530418396 22.6809101104736 22.6971397399902 22.699068069458 22.6899337768555 22.6436920166016 22.6276588439941 22.5999279022217 22.5025863647461 22.465124130249 22.4466590881348 22.3671245574951 22.3451118469238 22.3252868652344 22.2651214599609 22.2485084533691 22.2386360168457 22.1940975189209 22.1808471679688 22.1686267852783
-9999 -9999 -9999 -9999 -9999 -9999 -9999 -9999 -9999 -9999 -9999 -9999 -9999 -9999 -9999 -9999 -9999 -9999 -9999 -9999 -9999 -9999 -9999 -9999 -9999 -9999 -9999 -9999 22.6610946655273 22.6647911071777 22.6688804626465 22.6709327697754 22.6658630371094 22.665189743042 22.6772956848145 22.6842823028564 22.700704574585 22.7023582458496 22.7112865447998 22.7242393493652 22.7189426422119 22.6992626190186 22.6642913818359 22.6266765594482 22.6041393280029 22.5381393432617 22.4929542541504 22.454568862915 22.4009552001953 22.3731365203857 22.33518409729 22.2958393096924 22.2796020507812 22.2500114440918 22.2201461791992 22.202278137207 22.1814785003662
-9999 -9999 -9999 -9999 -9999 -9999 -9999 -9999 -9999 -9999 -9999 -9999 -9999 -9999 -9999 -9999 -9999 -9999 -9999 -9999 -9999 -9999 -9999 -9999 -9999 -9999 -9999 22.6553955078125 22.6892127990723 22.6746158599854 22.6753482818604 22.6853790283203 22.6721878051758 22.6692028045654 22.6677780151367 22.6871776580811 22.7045783996582 22.7306098937988 22.7231960296631 22.7346801757812 22.8086967468262 22.705961227417 22.6765556335449 22.6744213104248 22.5920295715332 22.5558662414551 22.5081977844238 22.4603748321533 22.4170303344727 22.3673496246338 22.329418182373 22.3091011047363 22.2901229858398 22.2545051574707 22.2322883605957 22.2065677642822 22.1823291778564
-9999 -9999 -9999 -9999 -9999 -9999 -9999 -9999 -9999 -9999 -9999 -9999 -9999 -9999 -9999 -9999 -9999 -9999 -9999 -9999 -9999 -9999 -9999 -9999 -9999 -9999 -9999 22.6810607910156 22.6866016387939 22.6859741210938 22.698169708252 22.6947460174561 22.690637588501 22.6972579956055 22.6968612670898 22.7010383605957 22.7278842926025 22.7334423065186 22.7489223480225 22.746603012085 22.7482013702393 22.708459854126 22.6699314117432 22.6465549468994 22.6014080047607 22.5485382080078 22.513219833374 22.4716148376465 22.4102153778076 22.3745250701904 22.343469619751 22.3039398193359 22.2782669067383 22.256217956543 22.2255268096924 22.2026710510254 22.187292098999
22.5700702667236 22.5751323699951 22.582857131958 22.6432418823242 -9999 -9999 -9999 -9999 -9999 -9999 -9999 -9999 -9999 -9999 -9999 -9999 -9999 -9999 -9999 -9999 -9999 -9999 -9999 -9999 -9999 -9999 22.7075824737549 22.7092933654785 22.7098503112793 22.7159481048584 22.7244739532471 22.7299900054932 22.7298908233643 22.7399559020996 22.7447109222412 22.7472019195557 22.7735176086426 22.7755508422852 22.7717590332031 22.7661819458008 22.762939453125 22.7345867156982 22.6785316467285 22.6469631195068 22.6303520202637 22.5474510192871 22.5277080535889 22.5052318572998 22.4212512969971 22.4077625274658 22.3847751617432 22.3261547088623 22.3127059936523 22.2886524200439 22.2444896697998 22.2276191711426 22.2134056091309
22.5744228363037 22.664270401001 22.612419128418 22.6037197113037 22.6355934143066 22.6482067108154 22.6433734893799 22.6116790771484 22.6409683227539 -9999 -9999 -9999 -9999 -9999 -9999 -9999 -9999 -9999 -9999 -9999 -9999 -9999 -9999 -9999 -9999 -9999 22.718770980835 22.7157325744629 22.7272663116455 22.7290287017822 22.7322731018066 22.7346115112305 22.7427253723145 22.7504005432129 22.7627143859863 22.7643051147461 22.7765483856201 22.7711963653564 22.7740821838379 22.7852535247803 22.7907314300537 22.7236289978027 22.6955337524414 22.6599750518799 22.6197700500488 22.574914932251 22.5057582855225 22.4847011566162 22.4475975036621 22.3976345062256 22.3671398162842 22.3513145446777 22.3179321289062 22.2792148590088 22.2529239654541 22.2166919708252 22.2165069580078
22.6066341400146 22.5860977172852 22.6010341644287 22.6187515258789 22.6184787750244 22.6299438476562 22.6362113952637 22.6344509124756 22.6363792419434 22.6401634216309 22.6540355682373 22.6545505523682 22.6632976531982 -9999 -9999 -9999 -9999 -9999 -9999 -9999 -9999 -9999 -9999 -9999 -9999 22.7087078094482 22.7034301757812 22.7257862091064 22.7305240631104 22.7323551177979 22.7446556091309 22.7471885681152 22.74755859375 22.7601108551025 22.7683353424072 22.7658977508545 22.7791481018066 22.7816390991211 22.7969379425049 22.7746734619141 22.7644004821777 22.7485084533691 22.6867351531982 22.6693859100342 22.644962310791 22.5662574768066 22.5198287963867 22.5117301940918 22.4314727783203 22.404712677002 22.3967266082764 22.3363647460938 22.3170700073242 22.3030204772949 22.2514839172363 22.2413330078125 22.2274837493896
22.681360244751 22.6510181427002 22.6323833465576 22.6468143463135 22.6488227844238 22.6495018005371 22.6591625213623 22.6643505096436 22.6658248901367 22.6689586639404 22.6716499328613 22.6824035644531 22.6877708435059 22.6695690155029 22.6678428649902 22.6585807800293 22.6345405578613 22.6310386657715 -9999 -9999 -9999 -9999 -9999 -9999 -9999 22.7217025756836 22.7294921875 22.7526874542236 22.7622909545898 22.7666645050049 22.7773551940918 22.7817783355713 22.7874965667725 22.7976398468018 22.8020057678223 22.8011112213135 22.8124141693115 22.8089275360107 22.8014278411865 22.7715225219727 22.758207321167 22.7381706237793 22.6828861236572 22.6600723266602 22.64333152771 22.5764675140381 22.5596199035645 22.5308647155762 22.4498443603516 22.4250755310059 22.400505065918 22.3393936157227 22.3268165588379 22.3084583282471 22.2603626251221 22.2500514984131 22.2392024993896
22.6752090454102 22.6596069335938 22.6497116088867 22.6454811096191 22.6330547332764 22.6460018157959 22.6446323394775 22.6510543823242 22.6574859619141 22.6578941345215 22.6887512207031 22.6782875061035 22.6719512939453 22.6691989898682 22.6648578643799 22.6546440124512 22.6027717590332 22.6242370605469 22.6333446502686 22.6168518066406 22.6428756713867 22.6520671844482 22.6551856994629 -9999 -9999 22.7195091247559 22.730712890625 22.7415790557861 22.7616233825684 22.7723274230957 22.8033981323242 22.8147468566895 22.8159980773926 22.8257293701172 22.8574810028076 22.8320770263672 22.8249969482422 22.8523349761963 22.804708480835 22.7848224639893 22.7742671966553 22.7302989959717 22.7114486694336 22.6736259460449 22.6317882537842 22.6012172698975 22.5633907318115 22.5305213928223 22.5015506744385 22.4511737823486 22.403247833252 22.3744125366211 22.3273735046387 22.303186416626 22.2808532714844 22.2389984130859 22.2413349151611
22.6795768737793 22.6709594726562 22.6631164550781 22.6409740447998 22.6368217468262 22.6344223022461 22.6441440582275 22.6478118896484 22.6516551971436 22.6606788635254 22.6767311096191 22.6807956695557 22.677188873291 22.6736431121826 22.668550491333 22.6453742980957 22.6311435699463 22.631196975708 22.6326599121094 22.6343994140625 22.6419773101807 22.6575260162354 22.6740875244141 22.6856460571289 22.6956043243408 22.7065448760986 22.7268753051758 22.7515926361084 22.7566432952881 22.7652626037598 22.8097019195557 22.8081455230713 22.817403793335 22.8290214538574 22.8379764556885 22.8352394104004 22.8204326629639 22.8173027038574 22.8160419464111 22.7667121887207 22.7570991516113 22.7413692474365 22.6948661804199 22.6631965637207 22.6482677459717 22.5848522186279 22.5520915985107 22.5481834411621 22.4833869934082 22.4643001556396 22.4278316497803 22.3625564575195 22.3447723388672 22.3221855163574 22.2786617279053 22.267147064209 22.254753112793
22.7271595001221 22.6967487335205 22.6883392333984 22.6795234680176 22.6514225006104 22.6518630981445 22.6670017242432 22.6707611083984 22.6787166595459 22.7035179138184 22.7035255432129 22.7046070098877 22.7045631408691 22.6941204071045 22.6888408660889 22.6761493682861 22.6635608673096 22.6571807861328 22.654426574707 22.6518974304199 22.6646747589111 22.6855220794678 22.6949424743652 22.7084903717041 22.7162742614746 22.7288284301758 22.7456016540527 22.7761211395264 22.7989253997803 22.8111991882324 22.827880859375 22.8317584991455 22.8389472961426 22.8547649383545 22.8555088043213 22.8442497253418 22.8254833221436 22.8120937347412 22.8011989593506 22.7590007781982 22.7529563903809 22.7398319244385 22.6925449371338 22.6815071105957 22.6604499816895 22.6000823974609 22.5863723754883 22.5724925994873 22.5060138702393 22.4780178070068 22.4588718414307 22.3861808776855 22.3756408691406 22.3577537536621 22.3102397918701 22.2960815429688 22.2819080352783
22.7238273620605 22.6614723205566 22.6759052276611 22.6673393249512 22.6331958770752 22.6445369720459 22.6493434906006 22.6691627502441 22.6707420349121 22.6935806274414 22.7176704406738 22.7147979736328 22.6999683380127 22.7025108337402 22.6902770996094 22.6833381652832 22.6809196472168 22.6569232940674 22.6542339324951 22.66286277771 22.6630077362061 22.6802291870117 22.6913051605225 22.7121734619141 22.7178611755371 22.7400684356689 22.7603130340576 22.79345703125 22.8061809539795 22.8262519836426 22.8363056182861 22.8449668884277 22.8408870697021 22.8534507751465 22.8790168762207 22.8408107757568 22.828311920166 22.8112945556641 22.7864456176758 22.7754173278809 22.735200881958 22.7252559661865 22.7127990722656 22.6902713775635 22.6514053344727 22.6260013580322 22.6021423339844 22.5551738739014 22.5320682525635 22.4834079742432 22.4470291137695 22.4156589508057 22.3553676605225 22.3463935852051 22.3263645172119 22.2853755950928 22.2940864562988
22.7293548583984 22.6975135803223 22.68190574646 22.670726776123 22.643627166748 22.6316928863525 22.6378326416016 22.6454467773438 22.6594200134277 22.6901340484619 22.7004642486572 22.7091999053955 22.7117748260498 22.6935901641846 22.688549041748 22.6758632659912 22.6582679748535 22.6420803070068 22.6354122161865 22.6480407714844 22.6500682830811 22.6755714416504 22.692232131958 22.7023696899414 22.7203636169434 22.7366466522217 22.7561817169189 22.8087177276611 22.8187828063965 22.8396968841553 22.8544731140137 22.8477516174316 22.8448581695557 22.8460388183594 22.8421230316162 22.8399200439453 22.8042793273926 22.7860126495361 22.7793483734131 22.7607345581055 22.7497081756592 22.7355709075928 22.7038955688477 22.6921977996826 22.6663475036621 22.6141529083252 22.585277557373 22.5742797851562 22.5158672332764 22.5018367767334 22.4706478118896 22.4061737060547 22.3751525878906 22.3533020019531 22.3180160522461 22.3081493377686 22.3097801208496
22.7699527740479 22.7428665161133 22.7286796569824 22.7008304595947 22.6755027770996 22.6435222625732 22.6436176300049 22.6526718139648 22.6611385345459 22.6846675872803 22.7130069732666 22.7217216491699 22.7266387939453 22.7122211456299 22.7097473144531 22.696798324585 22.6721515655518 22.6412296295166 22.6332702636719 22.650785446167 22.6645374298096 22.6772594451904 22.7017707824707 22.7139377593994 22.7336196899414 22.7528762817383 22.7972373962402 22.8336544036865 22.8560886383057 22.8892631530762 22.9014339447021 22.8729267120361 22.8561477661133 22.8390979766846 22.8342628479004 22.8223094940186 22.7872734069824 22.7761707305908 22.7843265533447 22.7506313323975 22.7464122772217 22.7537155151367 22.7248687744141 22.7026214599609 22.6888484954834 22.6406002044678 22.6229782104492 22.6050090789795 22.5479774475098 22.5291481018066 22.5084056854248 22.4457664489746 22.4227428436279 22.3929786682129 22.3556995391846 22.360013961792 22.3680763244629
22.7728061676025 22.756721496582 22.7423629760742 22.7086791992188 22.6875171661377 22.666410446167 22.6568794250488 22.6620006561279 22.6548309326172 22.6841430664062 22.7123126983643 22.7183399200439 22.72873878479 22.7261447906494 22.7088813781738 22.6994571685791 22.6850605010986 22.6572189331055 22.6517658233643 22.6584205627441 22.6685237884521 22.6774864196777 22.6834106445312 22.6978988647461 22.7390022277832 22.7711429595947 22.8071308135986 22.8329677581787 22.866340637207 22.8854541778564 22.8904762268066 22.8906478881836 22.855339050293 22.8395957946777 22.8201274871826 22.797966003418 22.7940254211426 22.7638969421387 22.7667503356934 22.7551860809326 22.7293758392334 22.7374286651611 22.731761932373 22.7086200714111 22.6808624267578 22.660400390625 22.6330585479736 22.597562789917 22.5808506011963 22.5320148468018 22.5010261535645 22.4787902832031 22.4423713684082 22.4055957794189 22.3892478942871 22.3768501281738 22.3793163299561
22.7850036621094 22.7716808319092 22.7596797943115 22.7270431518555 22.7162914276123 22.7032661437988 22.6863021850586 22.6859169006348 22.6864471435547 22.6999015808105 22.7106304168701 22.7178707122803 22.7285385131836 22.7188835144043 22.7145080566406 22.7064247131348 22.6833953857422 22.6738166809082 22.6583404541016 22.6632480621338 22.668342590332 22.6749858856201 22.6820526123047 22.6853141784668 22.7426013946533 22.7685699462891 22.788890838623 22.8321437835693 22.8538112640381 22.858715057373 22.8642311096191 22.8585796356201 22.8519248962402 22.8254699707031 22.8125896453857 22.8013038635254 22.7856674194336 22.7749881744385 22.7554512023926 22.7464199066162 22.7400283813477 22.7374610900879 22.7182464599609 22.7034587860107 22.693920135498 22.6489925384521 22.6424140930176 22.6149730682373 22.5802116394043 22.5626449584961 22.5333023071289 22.4858341217041 22.468111038208 22.4424781799316 22.4095497131348 22.4079837799072 22.4043655395508
22.821720123291 22.8145599365234 22.8029403686523 22.7937393188477 22.7654609680176 22.7531681060791 22.7334060668945 22.7258720397949 22.717622756958 22.7190380096436 22.7237148284912 22.7248287200928 22.7359752655029 22.7248706817627 22.7227687835693 22.7172527313232 22.6986656188965 22.6935024261475 22.6854705810547 22.6784934997559 22.684642791748 22.6900768280029 22.7004337310791 22.7121067047119 22.7603816986084 22.7788791656494 22.8066654205322 22.8487682342529 22.8615493774414 22.8705615997314 22.8755741119385 22.8636207580566 22.855899810791 22.8296661376953 22.8206405639648 22.8122081756592 22.7990608215332 22.7879028320312 22.7738628387451 22.7705135345459 22.7687454223633 22.7700061798096 22.750804901123 22.7393989562988 22.7322196960449 22.6885566711426 22.6818790435791 22.6631317138672 22.6316394805908 22.6088886260986 22.5952892303467 22.5474987030029 22.5327701568604 22.5115985870361 22.4798278808594 22.4776668548584 22.4787693023682
22.834939956665 22.8464832305908 22.8147163391113 22.8052062988281 22.8034687042236 22.7631893157959 22.7464275360107 22.7295036315918 22.7232971191406 22.7157764434814 22.7048854827881 22.7216339111328 22.7217044830322 22.72536277771 22.7035331726074 22.7014656066895 22.6908721923828 22.6785106658936 22.6670837402344 22.6484928131104 22.6637573242188 22.6678638458252 22.6815929412842 22.7185688018799 22.7556056976318 22.7671432495117 22.819019317627 22.8395671844482 22.8601589202881 22.8637809753418 22.8673000335693 22.8670272827148 22.847146987915 22.8328590393066 22.7915363311768 22.8021335601807 22.8099060058594 22.7636947631836 22.803409576416 22.8004875183105 22.7835826873779 22.7838268280029 22.7776050567627 22.7583999633789 22.7497367858887 22.7328300476074 22.6749076843262 22.6592330932617 22.6511344909668 22.6116542816162 22.6001834869385 22.5811443328857 22.5544586181641 22.5238170623779 22.5163955688477 22.5068206787109 22.504020690918
22.8358192443848 22.8311595916748 22.8234882354736 22.8022327423096 22.7963027954102 22.7871723175049 22.753791809082 22.7461051940918 22.7395496368408 22.7196102142334 22.7158718109131 22.7323093414307 22.7203578948975 22.7067489624023 22.7056159973145 22.7023658752441 22.685718536377 22.6814384460449 22.6723556518555 22.6649932861328 22.6672954559326 22.6796092987061 22.6855354309082 22.7193393707275 22.7734546661377 22.8021125793457 22.8190326690674 22.8469352722168 22.8606777191162 22.8670749664307 22.8736190795898 22.8624706268311 22.8585662841797 22.841007232666 22.835786819458 22.8222503662109 22.8251399993896 22.8309803009033 22.8308372497559 22.8162879943848 22.8092155456543 22.8082637786865 22.7927989959717 22.7896118164062 22.7789916992188 22.7451114654541 22.7281761169434 22.6895942687988 22.6629295349121 22.6451358795166 22.6301689147949 22.5935535430908 22.5835056304932 22.5605297088623 22.5403251647949 22.5316677093506 22.5309181213379
22.8572864532471 22.8513221740723 22.8379821777344 22.8278579711914 22.8215789794922 22.8156185150146 22.7829132080078 22.7741889953613 22.7565155029297 22.7346267700195 22.7281055450439 22.7211608886719 22.7184066772461 22.702709197998 22.7016410827637 22.6982269287109 22.6803569793701 22.6847095489502 22.6887264251709 22.6903762817383 22.7031345367432 22.7177028656006 22.719841003418 22.7392272949219 22.8150825500488 22.8318309783936 22.8488845825195 22.8718566894531 22.8802623748779 22.8853740692139 22.9172420501709 22.9067974090576 22.9070911407471 22.8963222503662 22.8953685760498 22.8928642272949 22.9036312103271 22.8998756408691 22.8968524932861 22.8841991424561 22.8832817077637 22.8796997070312 22.8652305603027 22.861442565918 22.8543739318848 22.821138381958 22.8059253692627 22.7919616699219 22.7547760009766 22.7419471740723 22.7260570526123 22.6870136260986 22.672399520874 22.6592998504639 22.633487701416 22.6289176940918 22.6289310455322
22.8598041534424 22.8292255401611 22.8370761871338 22.8334560394287 22.8248157501221 22.8149013519287 22.7942886352539 22.776252746582 22.7579555511475 22.7481307983398 22.716236114502 22.7149333953857 22.7182273864746 22.708646774292 22.7004814147949 22.6806888580322 22.663013458252 22.6785430908203 22.6884593963623 22.6802196502686 22.7097282409668 22.7199611663818 22.7152271270752 22.7737617492676 22.8142509460449 22.8344058990479 22.8675708770752 22.8803024291992 22.8876762390137 22.8949298858643 22.9223823547363 22.900390625 22.9107646942139 22.9128170013428 22.9163646697998 22.907283782959 22.9117431640625 22.9138164520264 22.9181232452393 22.9182052612305 22.9232025146484 22.9002132415771 22.8938617706299 22.8904132843018 22.871561050415 22.8558177947998 22.831184387207 22.821533203125 22.790885925293 22.7583351135254 22.7445964813232 22.7234401702881 22.6820487976074 22.6827297210693 22.6703815460205 22.6371746063232 22.6555309295654
22.8639755249023 22.8581027984619 22.856107711792 22.8499317169189 22.8449630737305 22.817174911499 22.801586151123 22.7925300598145 22.7790813446045 22.7580184936523 22.7398681640625 22.7346382141113 22.7261657714844 22.7205772399902 22.7266330718994 22.6908054351807 22.6828556060791 22.6871547698975 22.7011985778809 22.7102375030518 22.7182102203369 22.750415802002 22.7740306854248 22.7894802093506 22.8446025848389 22.8638763427734 22.8855476379395 22.9063663482666 22.9118022918701 22.922758102417 22.9289627075195 22.9331226348877 22.9312686920166 22.9293842315674 22.9361591339111 22.9299411773682 22.9355640411377 22.9356060028076 22.9464015960693 22.9394264221191 22.935209274292 22.936939239502 22.9252510070801 22.9107856750488 22.909351348877 22.8812503814697 22.8684043884277 22.858642578125 22.8105316162109 22.7983703613281 22.780891418457 22.7396831512451 22.7280178070068 22.7363471984863 22.7102966308594 22.6883087158203 22.6891746520996
22.9124641418457 22.867883682251 22.8645820617676 22.859281539917 22.8550834655762 22.8516654968262 22.8380661010742 22.8293647766113 22.8143272399902 22.7972869873047 22.7891025543213 22.78147315979 22.7669258117676 22.7626705169678 22.7600479125977 22.7474632263184 22.7292079925537 22.7337436676025 22.7506923675537 22.7660980224609 22.7785987854004 22.8294124603271 22.8499202728271 22.8556709289551 22.9121646881104 22.9295558929443 22.9363040924072 22.9758167266846 22.9811038970947 22.9850177764893 22.9817733764648 22.9732627868652 22.9771995544434 22.9948616027832 23.0005111694336 23.0001277923584 23.0079708099365 23.0038776397705 23.009069442749 23.0202808380127 23.0201072692871 23.0197410583496 23.0090656280518 23.0005226135254 22.9917068481445 22.9786739349365 22.9646797180176 22.9533805847168 22.9070873260498 22.8968772888184 22.88014793396 22.8500442504883 22.8397655487061 22.8253345489502 22.8117122650146 22.8095016479492 22.806921005249
22.9060745239258 22.8919067382812 22.8776721954346 22.8754978179932 22.8723564147949 22.8647613525391 22.8596725463867 22.8554515838623 22.8257617950439 22.8135261535645 22.8031158447266 22.7886962890625 22.7817897796631 22.7512836456299 22.7740306854248 22.7550983428955 22.7250919342041 22.7379417419434 22.7490482330322 22.7643337249756 22.8010063171387 22.8242721557617 22.8676376342773 22.8806800842285 22.9227867126465 22.9752140045166 22.9803314208984 22.9869575500488 23.0125713348389 23.0010967254639 22.9939670562744 22.9835510253906 22.9946365356445 23.0025749206543 23.0371627807617 23.023307800293 23.031343460083 23.0185890197754 23.0393104553223 23.0426063537598 23.0550346374512 23.0503387451172 23.0446662902832 23.0305213928223 23.0126113891602 23 23.0032024383545 22.9719791412354 22.9462985992432 22.9371662139893 22.914888381958 22.8893547058105 22.8520812988281 22.8546581268311 22.8490180969238 22.8311710357666 22.8388061523438
22.9217777252197 22.9164161682129 22.9127216339111 22.8921928405762 22.8886547088623 22.8875541687012 22.8769836425781 22.8726177215576 22.8605709075928 22.8289566040039 22.8191661834717 22.8131294250488 22.7970790863037 22.7909774780273 22.7942924499512 22.7772026062012 22.7643165588379 22.7486591339111 22.7597160339355 22.7873382568359 22.8123188018799 22.8563957214355 22.8877410888672 22.8954124450684 22.9491672515869 22.9681224822998 22.9943065643311 23.0099906921387 23.0152416229248 23.00608253479 23.0091457366943 23.0133171081543 23.0147590637207 23.0189418792725 23.0415821075439 23.0443248748779 23.0490741729736 23.0526142120361 23.0659160614014 23.0651741027832 23.0756607055664 23.0899486541748 23.0839767456055 23.0615673065186 23.0415477752686 23.0181350708008 23.0133895874023 23.0034465789795 22.9683170318604 22.9501247406006 22.945915222168 22.9148368835449 22.8995227813721 22.8822860717773 22.8750400543213 22.8747291564941 22.8776969909668
