G_variables/Set1/RCP8_2050/Sur_tem_min.asc
NCOLS 229 
NROWS 147 
XLLCORNER -101.25 
YLLCORNER 14.3333333333333 
CELLSIZE 0.0833333333333333 
NODATA_value -9999 
[rows 78 to 103 of 147, columns 171 to 227 of 229]
26.9988784790039 27.0176486968994 27.0534572601318 27.0801792144775 27.0869388580322 27.0942668914795 27.0979251861572 27.1109771728516 27.1087226867676 27.0782737731934 27.0751285552979 27.0625495910645 27.0304946899414 27.0116748809814 27.0047702789307 26.9666614532471 26.9539279937744 26.9536609649658 26.9248867034912 26.9129505157471 26.9012851715088 26.8830890655518 26.8706588745117 26.8635349273682 -9999 -9999 -9999 -9999 -9999 -9999 -9999 -9999 -9999 -9999 -9999 -9999 -9999 -9999 -9999 -9999 -9999 -9999 -9999 -9999 -9999 -9999 -9999 -9999 -9999 -9999 -9999 -9999 -9999 -9999 -9999 -9999 -9999
27.013521194458 27.0318565368652 27.0465126037598 27.1028060913086 27.1066112518311 27.112325668335 27.1295909881592 27.1306610107422 27.1243915557861 27.0929756164551 27.0884075164795 27.0791168212891 27.0430641174316 27.0353984832764 27.0237007141113 26.9877414703369 26.9825458526611 26.9671535491943 26.9609317779541 26.9491195678711 26.9338665008545 26.9161281585693 26.9068202972412 26.9003715515137 26.8776988983154 -9999 -9999 -9999 -9999 -9999 -9999 -9999 -9999 -9999 -9999 -9999 -9999 -9999 -9999 -9999 -9999 -9999 -9999 -9999 -9999 -9999 -9999 -9999 -9999 -9999 -9999 -9999 -9999 -9999 -9999 -9999 -9999
27.000186920166 27.0539455413818 27.0664291381836 27.1027412414551 27.1281795501709 27.118127822876 27.1364803314209 27.141939163208 27.1266231536865 27.1177005767822 27.0992813110352 27.0803279876709 27.0635852813721 27.0286178588867 27.019136428833 27.0073223114014 26.984561920166 26.9709396362305 26.9728317260742 26.9511451721191 26.9469680786133 26.9389381408691 26.9196243286133 26.919506072998 26.9118099212646 26.8875923156738 -9999 -9999 -9999 -9999 -9999 -9999 -9999 -9999 -9999 -9999 -9999 -9999 -9999 -9999 -9999 -9999 -9999 -9999 -9999 -9999 -9999 -9999 -9999 -9999 -9999 -9999 -9999 -9999 -9999 -9999 -9999
27.0313415527344 27.0511341094971 27.064338684082 27.0939311981201 27.1243209838867 27.1326179504395 27.1397972106934 27.141450881958 27.1427021026611 27.115686416626 27.1025657653809 27.1013717651367 27.0668239593506 27.0543041229248 27.0387916564941 27.0120735168457 27.0107460021973 26.9992961883545 26.9785594940186 26.9695816040039 26.9653396606445 26.9509944915771 26.9423503875732 26.9360904693604 26.9291400909424 26.917932510376 26.9121208190918 -9999 -9999 -9999 -9999 -9999 -9999 -9999 -9999 -9999 -9999 -9999 -9999 -9999 -9999 -9999 -9999 -9999 -9999 -9999 -9999 -9999 -9999 -9999 -9999 -9999 -9999 -9999 -9999 -9999 -9999
27.0506992340088 27.0722064971924 27.0820636749268 27.1137065887451 27.1210651397705 27.1559104919434 27.1621532440186 27.1623668670654 27.1636734008789 27.1379947662354 27.1357955932617 27.130012512207 27.0971355438232 27.0824184417725 27.0732517242432 27.0447940826416 27.0436954498291 27.0400199890137 27.0267639160156 27.0146732330322 27.0109996795654 26.9931087493896 26.9884395599365 26.9848823547363 26.978588104248 26.9730777740479 26.9705085754395 -9999 -9999 -9999 -9999 -9999 -9999 -9999 -9999 -9999 -9999 -9999 -9999 -9999 -9999 -9999 -9999 -9999 -9999 -9999 -9999 -9999 -9999 -9999 -9999 -9999 -9999 -9999 -9999 -9999 -9999
27.0333271026611 27.0890254974365 27.0972957611084 27.1151065826416 27.1561546325684 27.1404552459717 27.1678619384766 27.1694240570068 27.1575794219971 27.152307510376 27.138219833374 27.1285858154297 27.1177749633789 27.0928077697754 27.083683013916 27.0755023956299 27.0560111999512 27.0497455596924 27.0498542785645 27.0346412658691 27.0198154449463 27.0136852264404 27.0020542144775 27.0037975311279 27.0002536773682 26.9906044006348 26.990701675415 26.9884204864502 -9999 -9999 -9999 -9999 -9999 -9999 -9999 -9999 -9999 -9999 -9999 -9999 -9999 -9999 -9999 -9999 -9999 -9999 -9999 -9999 -9999 -9999 -9999 -9999 -9999 -9999 -9999 -9999 -9999
27.0638599395752 27.0922088623047 27.1023464202881 27.1335010528564 27.1373348236084 27.145191192627 27.1739311218262 27.1741828918457 27.1755790710449 27.1573257446289 27.1496257781982 27.156213760376 27.129955291748 27.1220226287842 27.1082153320312 27.0847091674805 27.0914783477783 27.0839977264404 27.0698184967041 27.0616569519043 27.0500755310059 27.0306015014648 27.0265331268311 27.0277328491211 27.0240135192871 27.0156517028809 27.0117359161377 27.011302947998 27.0121803283691 27.0095596313477 27.0036659240723 26.9993877410889 -9999 -9999 -9999 -9999 -9999 -9999 -9999 -9999 -9999 -9999 -9999 -9999 -9999 -9999 -9999 -9999 -9999 -9999 -9999 -9999 -9999 -9999 -9999 -9999 -9999
27.0879592895508 27.1042442321777 27.1225109100342 27.1451797485352 27.1575241088867 27.1635265350342 27.1642169952393 27.1981353759766 27.1994323730469 27.1820659637451 27.1835994720459 27.1836719512939 27.1596984863281 27.1574058532715 27.1489906311035 27.1282577514648 27.1303367614746 27.1279602050781 27.116024017334 27.1070117950439 27.1005153656006 27.0879917144775 27.0793266296387 27.0794048309326 27.0772953033447 27.0692481994629 27.0661029815674 27.0661449432373 27.0672988891602 27.0647602081299 27.0593891143799 27.0570621490479 27.0486450195312 27.0554180145264 27.0687427520752 27.0643482208252 27.0619297027588 27.0597915649414 27.0582733154297 -9999 -9999 -9999 -9999 -9999 -9999 -9999 -9999 -9999 -9999 -9999 -9999 -9999 -9999 -9999 -9999 -9999 -9999
27.0772972106934 27.116096496582 27.135669708252 27.1473255157471 27.1729316711426 27.1673069000244 27.2040615081787 27.2109451293945 27.1994972229004 27.1987152099609 27.1941528320312 27.1857566833496 27.1797504425049 27.1663799285889 27.1537265777588 27.1594486236572 27.1517658233643 27.1391143798828 27.135404586792 27.1189098358154 27.1150302886963 27.1062641143799 27.0928058624268 27.0929489135742 27.0928821563721 27.0858306884766 27.0860862731934 27.0895729064941 27.0906581878662 27.0882148742676 27.0805644989014 27.0752296447754 27.0808639526367 27.0833358764648 27.0910491943359 27.0845241546631 27.0877647399902 27.0895538330078 27.085262298584 27.0860862731934 27.0830593109131 27.0844688415527 27.0840034484863 -9999 -9999 -9999 -9999 -9999 -9999 -9999 -9999 -9999 -9999 -9999 -9999 -9999 -9999
27.0976161956787 27.1178283691406 27.1367778778076 27.1579895019531 27.1654987335205 27.1740818023682 27.2121467590332 27.2132129669189 27.2151966094971 27.2075634002686 27.2012901306152 27.2023830413818 27.1946887969971 27.1926174163818 27.1839466094971 27.1668663024902 27.1645946502686 27.16015625 27.1461067199707 27.151912689209 27.137092590332 27.1237125396729 27.1194343566895 27.1186618804932 27.1231002807617 27.121337890625 27.1215400695801 27.1248302459717 27.1235313415527 27.1149826049805 27.1059513092041 27.1066112518311 27.1101055145264 27.1173877716064 27.1200675964355 27.1136989593506 27.1144485473633 27.1170349121094 27.1076850891113 27.1174507141113 27.1191864013672 27.1227798461914 27.1238098144531 27.1248874664307 -9999 -9999 -9999 -9999 -9999 -9999 -9999 -9999 -9999 -9999 -9999 -9999 -9999
27.1155300140381 27.1312084197998 27.14577293396 27.1723136901855 27.1828765869141 27.1899318695068 27.2262573242188 27.2360229492188 27.2411003112793 27.2312889099121 27.2335433959961 27.2328758239746 27.2269515991211 27.2259387969971 27.2214584350586 27.2032279968262 27.2030925750732 27.2133121490479 27.2039833068848 27.1944789886475 27.1785316467285 27.168514251709 27.1662559509277 27.1673469543457 27.1702995300293 27.1697311401367 27.1705665588379 27.1747512817383 27.1742076873779 27.1714038848877 27.1774253845215 27.1718559265137 27.1648941040039 27.1698303222656 27.1736755371094 27.1664257049561 27.1669082641602 27.1711940765381 27.1715507507324 27.1853008270264 27.1908931732178 27.1955013275146 27.1929130554199 27.1866779327393 27.1876640319824 -9999 -9999 -9999 -9999 -9999 -9999 -9999 -9999 -9999 -9999 -9999 -9999
27.1100120544434 27.1356811523438 27.1591491699219 27.1762199401855 27.2010326385498 27.1978931427002 27.2363033294678 27.2531433105469 27.2498569488525 27.2505111694336 27.2500686645508 27.2410869598389 27.2490081787109 27.2449493408203 27.2306747436523 27.2258338928223 27.2199401855469 27.2246742248535 27.2262992858887 27.2100868225098 27.1974697113037 27.1924285888672 27.1831207275391 27.1872501373291 27.1908206939697 27.1914691925049 27.1942138671875 27.1966152191162 27.2016525268555 27.1971855163574 27.1985130310059 27.1983776092529 27.1917476654053 27.189640045166 27.1922874450684 27.1897487640381 27.1844730377197 27.1930522918701 27.2084655761719 27.2140293121338 27.2261562347412 27.2228755950928 27.2150974273682 27.2263660430908 27.2189807891846 27.2138423919678 -9999 -9999 -9999 -9999 -9999 -9999 -9999 -9999 -9999 -9999 -9999
27.1156387329102 27.1426372528076 27.1567630767822 27.1832618713379 27.1932888031006 27.2084007263184 27.2557754516602 27.2604598999023 27.2581443786621 27.2528991699219 27.2511234283447 27.2563629150391 27.2563724517822 27.2528209686279 27.244255065918 27.2310695648193 27.2250175476074 27.2242660522461 27.2315998077393 27.2225208282471 27.2115345001221 27.2036113739014 27.2010955810547 27.2027988433838 27.2061176300049 27.2039356231689 27.2090950012207 27.218433380127 27.2145519256592 27.2097434997559 27.2061443328857 27.204662322998 27.2010612487793 27.2066955566406 27.205451965332 27.2010250091553 27.2093544006348 27.214183807373 27.2197685241699 27.2339019775391 27.2396183013916 27.2478618621826 27.2376308441162 27.2367210388184 27.2343215942383 27.2291126251221 -9999 -9999 -9999 -9999 -9999 -9999 -9999 -9999 -9999 -9999 -9999
27.1238918304443 27.1355895996094 27.158374786377 27.1868152618408 27.2007274627686 27.2195472717285 27.2371501922607 27.2708606719971 27.2751407623291 27.2703304290771 27.2723560333252 27.2750778198242 27.272819519043 27.2720737457275 27.2688980102539 27.2566719055176 27.2557849884033 27.2526302337646 27.2496395111084 27.2542896270752 27.2550010681152 27.2478046417236 27.2466354370117 27.2403411865234 27.2431240081787 27.2431182861328 27.2470531463623 27.2557888031006 27.2518272399902 27.241756439209 27.2463092803955 27.2471961975098 27.2427215576172 27.2492237091064 27.2514724731445 27.2534217834473 27.2514667510986 27.2605209350586 27.264232635498 27.2790241241455 27.2894248962402 27.2943286895752 27.303014755249 27.2859840393066 27.2828922271729 27.2776546478271 27.2731742858887 -9999 -9999 -9999 -9999 -9999 -9999 -9999 -9999 -9999 -9999
27.1182899475098 27.1486892700195 27.1664199829102 27.1795787811279 27.2152652740479 27.233570098877 27.2411441802979 27.2581596374512 27.2767868041992 27.2826061248779 27.2845554351807 27.2808399200439 27.2798080444336 27.275016784668 27.2688159942627 27.2710151672363 27.2707290649414 27.2596836090088 27.2630138397217 27.2595195770264 27.2652282714844 27.2607917785645 27.2638778686523 27.251974105835 27.2522392272949 27.2559070587158 27.2603912353516 27.2638893127441 27.2595844268799 27.2557106018066 27.2567329406738 27.2554607391357 27.258996963501 27.2595500946045 27.2659130096436 27.2719650268555 27.2759265899658 27.2864360809326 27.2865982055664 27.2916812896729 27.2993545532227 27.3110313415527 27.3062858581543 27.3076686859131 27.296703338623 27.2974910736084 27.294132232666 27.2906017303467 -9999 -9999 -9999 -9999 -9999 -9999 -9999 -9999 -9999
27.1272029876709 27.1474895477295 27.1613903045654 27.1912879943848 27.203800201416 27.2297401428223 27.2434253692627 27.2522315979004 27.2851467132568 27.2841281890869 27.2851009368896 27.2884311676025 27.2825126647949 27.2813930511475 27.2763252258301 27.2693843841553 27.269115447998 27.2686157226562 27.2691516876221 27.2664470672607 27.2711200714111 27.2672290802002 27.2647037506104 27.2556324005127 27.2589817047119 27.2608489990234 27.2649536132812 27.2724761962891 27.2662105560303 27.2632312774658 27.2717533111572 27.2740287780762 27.2685432434082 27.2744140625 27.2732448577881 27.2758102416992 27.2882232666016 27.2938613891602 27.2937679290771 27.310583114624 27.3118629455566 27.3159160614014 27.3197689056396 27.3170776367188 27.3127975463867 27.3131275177002 27.3044033050537 27.3020000457764 27.3016967773438 -9999 -9999 -9999 -9999 -9999 -9999 -9999 -9999
27.1365489959717 27.1453952789307 27.1681900024414 27.1962127685547 27.2082805633545 27.2290096282959 27.2501468658447 27.2584762573242 27.2947521209717 27.294864654541 27.2995281219482 27.3073215484619 27.3015251159668 27.2961444854736 27.2942810058594 27.283576965332 27.2840518951416 27.2901000976562 27.2906074523926 27.2877426147461 27.297342300415 27.2926902770996 27.2905368804932 27.2841873168945 27.2836837768555 27.2876071929932 27.2954864501953 27.3036155700684 27.2978019714355 27.3017120361328 27.3108158111572 27.3106670379639 27.3106117248535 27.3163204193115 27.3133144378662 27.3086547851562 27.3213520050049 27.3324680328369 27.3354320526123 27.3528270721436 27.3548774719238 27.3577556610107 27.3615245819092 27.3634834289551 27.359167098999 27.3595752716064 27.3542976379395 27.3377952575684 27.3373680114746 -9999 -9999 -9999 -9999 -9999 -9999 -9999 -9999
27.1291255950928 27.1430625915527 27.1649608612061 27.1925144195557 27.219274520874 27.2337074279785 27.2522811889648 27.2629508972168 27.295036315918 27.299015045166 27.3005867004395 27.3078556060791 27.3018627166748 27.2955131530762 27.2914390563965 27.2899227142334 27.2899723052979 27.2886524200439 27.2973899841309 27.2923011779785 27.3034381866455 27.2997417449951 27.2921276092529 27.2938327789307 27.2972145080566 27.3066711425781 27.3126792907715 27.3110160827637 27.3067321777344 27.31569480896 27.3173446655273 27.3174343109131 27.3257026672363 27.3254566192627 27.3246955871582 27.3280448913574 27.3322677612305 27.3443489074707 27.3604583740234 27.3689785003662 27.3689956665039 27.3769779205322 27.3777103424072 27.3883304595947 27.377477645874 27.3741188049316 27.3823833465576 27.3582038879395 27.3564205169678 27.3777561187744 -9999 -9999 -9999 -9999 -9999 -9999 -9999
27.1370906829834 27.1476593017578 27.1643085479736 27.1872081756592 27.2153072357178 27.2340755462646 27.2572383880615 27.2634162902832 27.2962875366211 27.3035659790039 27.3075523376465 27.3082466125488 27.2995567321777 27.2972068786621 27.2967319488525 27.2961921691895 27.2967090606689 27.293586730957 27.2972145080566 27.2997665405273 27.3041229248047 27.3081531524658 27.3058986663818 27.3052005767822 27.3143615722656 27.3173961639404 27.3213043212891 27.3234958648682 27.3218326568604 27.3234024047852 27.3338890075684 27.3315505981445 27.3322982788086 27.3446884155273 27.345178604126 27.3492259979248 27.3616714477539 27.368143081665 27.3728866577148 27.3898658752441 27.3920822143555 27.394552230835 27.4005279541016 27.4009227752686 27.4040184020996 27.3960838317871 27.3907527923584 27.3839263916016 27.3834686279297 27.3871631622314 27.3896427154541 -9999 -9999 -9999 -9999 -9999 -9999
27.145336151123 27.1572246551514 27.1697158813477 27.1922187805176 27.2104167938232 27.2382049560547 27.2517013549805 27.2950973510742 27.3006248474121 27.3038463592529 27.3077354431152 27.309886932373 27.3125820159912 27.3122730255127 27.3126831054688 27.310640335083 27.3103065490723 27.3116550445557 27.308708190918 27.3216400146484 27.3240623474121 27.3250637054443 27.3240356445312 27.3273067474365 27.3384494781494 27.3457851409912 27.3489360809326 27.3561973571777 27.3636875152588 27.3549785614014 27.3727607727051 27.3753032684326 27.3743762969971 27.3847751617432 27.3917388916016 27.3951683044434 27.4066638946533 27.4130363464355 27.4157619476318 27.4318866729736 27.4346904754639 27.4323272705078 27.4457244873047 27.447208404541 27.4435272216797 27.4456634521484 27.4426937103271 27.4392032623291 27.4293346405029 27.429759979248 27.4320487976074 -9999 -9999 -9999 -9999 -9999 -9999
27.1438255310059 27.1609745025635 27.1818161010742 27.195930480957 27.2144107818604 27.2378082275391 27.2811527252197 27.2964019775391 27.302698135376 27.307149887085 27.3099670410156 27.3141441345215 27.324010848999 27.3208026885986 27.3218078613281 27.3208656311035 27.3147811889648 27.3194198608398 27.3229293823242 27.3268299102783 27.3282642364502 27.3270893096924 27.3218574523926 27.3359107971191 27.3427276611328 27.350040435791 27.3610305786133 27.3706722259521 27.3811264038086 27.3875560760498 27.3858985900879 27.4010353088379 27.404146194458 27.4073314666748 27.4065933227539 27.4170989990234 27.4207897186279 27.4299373626709 27.4378471374512 27.4425621032715 27.4475879669189 27.4585857391357 27.4598445892334 27.4756908416748 27.4609699249268 27.4582691192627 27.4644680023193 27.4584789276123 27.4482345581055 27.4439182281494 27.4483737945557 27.448600769043 -9999 -9999 -9999 -9999 -9999
27.1568813323975 27.1760940551758 27.1869106292725 27.204906463623 27.2222843170166 27.2428855895996 27.2844257354736 27.3034133911133 27.3081836700439 27.3133144378662 27.3166408538818 27.3211536407471 27.3293743133545 27.3285636901855 27.3292446136475 27.3268623352051 27.3258934020996 27.3268184661865 27.3308601379395 27.3367309570312 27.338550567627 27.3391952514648 27.3394050598145 27.3432064056396 27.3588390350342 27.3622417449951 27.3657379150391 27.3887672424316 27.3931407928467 27.3945178985596 27.4049377441406 27.4134750366211 27.4142742156982 27.4271545410156 27.4413204193115 27.4339122772217 27.4459838867188 27.4479751586914 27.4532775878906 27.4658870697021 27.471342086792 27.4738693237305 27.484977722168 27.4874687194824 27.4837627410889 27.4848480224609 27.4862384796143 27.4853210449219 27.4762535095215 27.4829216003418 27.4725704193115 27.471492767334 -9999 -9999 -9999 -9999 -9999
27.1779308319092 27.1903457641602 27.2005939483643 27.2162685394287 27.2312259674072 27.2798004150391 27.3031044006348 27.3150539398193 27.3248519897461 27.3302173614502 27.3324775695801 27.3378505706787 27.3366012573242 27.3376502990723 27.3422794342041 27.3403282165527 27.3421649932861 27.3528823852539 27.3591651916504 27.357723236084 27.3601493835449 27.3649501800537 27.3640308380127 27.3670520782471 27.3860473632812 27.3915538787842 27.3955364227295 27.4196910858154 27.427713394165 27.430850982666 27.4472007751465 27.4403343200684 27.4543437957764 27.46826171875 27.4745788574219 27.4757385253906 27.4880790710449 27.4903240203857 27.4939231872559 27.506649017334 27.5090255737305 27.5105819702148 27.5179595947266 27.5128765106201 27.5103569030762 27.5121116638184 27.5110950469971 27.5130558013916 27.5266017913818 27.525260925293 27.5271644592285 27.5174407958984 27.5166282653809 -9999 -9999 -9999 -9999
27.1775035858154 27.2109966278076 27.2164516448975 27.2244243621826 27.241382598877 27.2578182220459 27.3138751983643 27.3296146392822 27.3330268859863 27.3383445739746 27.3469905853271 27.3455772399902 27.3458614349365 27.3434219360352 27.3442935943604 27.3463020324707 27.3516445159912 27.3523788452148 27.3652076721191 27.3663654327393 27.3711032867432 27.3715381622314 27.3683223724365 27.3822536468506 27.3980865478516 27.4036598205566 27.4190979003906 27.4280586242676 27.4475402832031 27.4499282836914 27.4465160369873 27.4712543487549 27.4728603363037 27.4782905578613 27.4919452667236 27.495979309082 27.5082111358643 27.5101375579834 27.5124702453613 27.5171012878418 27.5356159210205 27.5347423553467 27.5273094177246 27.528902053833 27.5247898101807 27.5235767364502 27.52512550354 27.5349826812744 27.5395965576172 27.5441207885742 27.5403385162354 27.5405368804932 27.5350570678711 27.5320205688477 -9999 -9999 -9999
27.1800765991211 27.1982173919678 27.2214870452881 27.2369136810303 27.2541732788086 27.2734050750732 27.3122119903564 27.3304347991943 27.3388919830322 27.3468227386475 27.3490314483643 27.3523387908936 27.3531246185303 27.3503742218018 27.3529014587402 27.3547821044922 27.3597774505615 27.363000869751 27.3689651489258 27.3770847320557 27.3789291381836 27.3848400115967 27.387170791626 27.3959007263184 27.411003112793 27.4167499542236 27.4241275787354 27.4440002441406 27.4474105834961 27.4515800476074 27.4643878936768 27.4748592376709 27.4776725769043 27.4939765930176 27.5032615661621 27.506628036499 27.5195827484131 27.5235443115234 27.5311489105225 27.5381336212158 27.539270401001 27.539852142334 27.5388584136963 27.5358085632324 27.5365085601807 27.5331802368164 27.5459308624268 27.5469646453857 27.551176071167 27.5495109558105 27.5499134063721 27.5539531707764 27.5462207794189 27.5419216156006 -9999 -9999 -9999
27.2016906738281 27.2161655426025 27.2276496887207 27.2421188354492 27.2822971343994 27.2911567687988 27.3291206359863 27.3391361236572 27.350772857666 27.3603973388672 27.3695526123047 27.3808326721191 27.3816261291504 27.3775024414062 27.3731365203857 27.3718185424805 27.3843727111816 27.3877563476562 27.394021987915 27.399866104126 27.4065475463867 27.4146118164062 27.4222679138184 27.429838180542 27.4444828033447 27.4435634613037 27.4472846984863 27.4652404785156 27.4707736968994 27.4756259918213 27.4880809783936 27.4961166381836 27.5036602020264 27.521598815918 27.528657913208 27.5344200134277 27.547492980957 27.5476875305176 27.5474853515625 27.5522899627686 27.5560665130615 27.5536823272705 27.5517902374268 27.5499172210693 27.5499038696289 27.5532913208008 27.5614356994629 27.5642261505127 27.5707187652588 27.5735874176025 27.5736217498779 27.5785236358643 27.5782642364502 27.5784816741943 27.5792388916016 -9999 -9999
