G_variables/Set1/RCP8_2050/Sur_tem_max.asc
NCOLS 229 
NROWS 147 
XLLCORNER -101.25 
YLLCORNER 14.3333333333333 
CELLSIZE 0.0833333333333333 
NODATA_value -9999 
[rows 26 to 51 of 147, columns 57 to 113 of 229]
-9999 -9999 -9999 -9999 -9999 -9999 -9999 -9999 -9999 -9999 -9999 -9999 -9999 -9999 -9999 -9999 -9999 -9999 -9999 -9999 -9999 -9999 -9999 -9999 -9999 -9999 -9999 -9999 -9999 31.6141319274902 31.6125659942627 31.6126403808594 31.6095142364502 31.6191062927246 31.6201000213623 31.6281280517578 31.6367301940918 31.6430168151855 31.637035369873 31.6441707611084 31.6435356140137 31.6371326446533 31.631628036499 31.6161785125732 31.6186618804932 31.6265563964844 31.6205749511719 31.6300506591797 31.6289958953857 31.6351528167725 31.642017364502 31.6393451690674 31.6475238800049 31.6608543395996 31.6652793884277 31.6731986999512 31.6751441955566
-9999 -9999 -9999 -9999 -9999 -9999 -9999 -9999 -9999 -9999 -9999 -9999 -9999 -9999 -9999 -9999 -9999 -9999 -9999 -9999 -9999 -9999 -9999 -9999 -9999 -9999 -9999 -9999 31.6167182922363 31.6126518249512 31.6226959228516 31.6211071014404 31.6070919036865 31.6299228668213 31.6306343078613 31.6291198730469 31.6477279663086 31.6489276885986 31.6475124359131 31.6502132415771 31.6511631011963 31.6491508483887 31.6346416473389 31.631010055542 31.6264114379883 31.6270503997803 31.6292972564697 31.6308765411377 31.630651473999 31.6346130371094 31.6380405426025 31.6494407653809 31.6552181243896 31.6580715179443 31.6691837310791 31.6708793640137 31.6724853515625
-9999 -9999 -9999 -9999 -9999 -9999 -9999 -9999 -9999 -9999 -9999 -9999 -9999 -9999 -9999 -9999 -9999 -9999 -9999 -9999 -9999 -9999 -9999 -9999 -9999 -9999 -9999 -9999 31.6069259643555 31.6226215362549 31.6270446777344 31.625862121582 31.6188125610352 31.6302661895752 31.6458034515381 31.6471557617188 31.6624908447266 31.6671009063721 31.6726741790771 31.6667957305908 31.6643619537354 31.6624412536621 31.6519889831543 31.6412220001221 31.6333293914795 31.625581741333 31.6286869049072 31.6205024719238 31.6273078918457 31.630090713501 31.6343650817871 31.6412906646729 31.6472358703613 31.6559753417969 31.6620635986328 31.6630992889404 31.666820526123
-9999 -9999 -9999 -9999 -9999 -9999 -9999 -9999 -9999 -9999 -9999 -9999 -9999 -9999 -9999 -9999 -9999 -9999 -9999 -9999 -9999 -9999 -9999 -9999 -9999 -9999 -9999 31.5876922607422 31.5698337554932 31.6213970184326 31.6314373016357 31.6172695159912 31.633581161499 31.6433773040771 31.6823673248291 31.6597061157227 31.6744403839111 31.7033500671387 31.6800804138184 31.6742420196533 31.6874694824219 31.6681270599365 31.660249710083 31.653751373291 31.6403656005859 31.6280670166016 31.6191482543945 31.6226291656494 31.6285076141357 31.6252307891846 31.6342697143555 31.6392707824707 31.6452922821045 31.65891456604 31.6590156555176 31.6571674346924 31.6646270751953
-9999 -9999 -9999 -9999 -9999 -9999 -9999 -9999 -9999 -9999 -9999 -9999 -9999 -9999 -9999 -9999 -9999 -9999 -9999 -9999 -9999 -9999 -9999 -9999 -9999 -9999 -9999 31.5862865447998 31.5973339080811 31.6020603179932 31.6295547485352 31.6286792755127 31.631031036377 31.6688232421875 31.6754608154297 31.6640434265137 31.6865081787109 31.6881637573242 31.6864166259766 31.6824836730957 31.6791553497314 31.6711959838867 31.6583786010742 31.6525764465332 31.6444396972656 31.6388874053955 31.6354866027832 31.6352920532227 31.6385059356689 31.6410102844238 31.6346817016602 31.6403903961182 31.645959854126 31.6498355865479 31.6510181427002 31.6524562835693 31.662181854248
31.3597965240479 31.3565120697021 31.3600063323975 31.3854675292969 -9999 -9999 -9999 -9999 -9999 -9999 -9999 -9999 -9999 -9999 -9999 -9999 -9999 -9999 -9999 -9999 -9999 -9999 -9999 -9999 -9999 -9999 31.5511417388916 31.588264465332 31.5888214111328 31.6003131866455 31.6298789978027 31.6355152130127 31.6386203765869 31.6763763427734 31.680570602417 31.6685447692871 31.6894569396973 31.6910037994385 31.6875705718994 31.683744430542 31.6824321746826 31.6770763397217 31.6566486358643 31.6497611999512 31.6416683197021 31.632999420166 31.6301612854004 31.6258602142334 31.6244983673096 31.6240100860596 31.6127738952637 31.6204605102539 31.6219959259033 31.6241111755371 31.6351356506348 31.6376361846924 31.643669128418
31.3659343719482 31.3692569732666 31.3832721710205 31.3929767608643 31.4144382476807 31.4082126617432 31.4158668518066 31.4443340301514 31.438928604126 -9999 -9999 -9999 -9999 -9999 -9999 -9999 -9999 -9999 -9999 -9999 -9999 -9999 -9999 -9999 -9999 -9999 31.5611743927002 31.5787944793701 31.5934715270996 31.6089458465576 31.6200256347656 31.6396312713623 31.6613311767578 31.6705951690674 31.6964111328125 31.6888866424561 31.6882743835449 31.709939956665 31.6881675720215 31.6864337921143 31.6963443756104 31.6719055175781 31.6636657714844 31.6600494384766 31.6373615264893 31.637975692749 31.628734588623 31.6234912872314 31.624231338501 31.6136302947998 31.6238479614258 31.6196441650391 31.6196479797363 31.6259365081787 31.6310729980469 31.6460571289062 31.646505355835
31.3655128479004 31.3657855987549 31.3721199035645 31.3948402404785 31.3992176055908 31.4098873138428 31.4191780090332 31.4298992156982 31.4309635162354 31.4424533843994 31.4435081481934 31.4419384002686 31.4367198944092 -9999 -9999 -9999 -9999 -9999 -9999 -9999 -9999 -9999 -9999 -9999 -9999 31.545804977417 31.5641536712646 31.5939102172852 31.6003932952881 31.6079483032227 31.6410045623779 31.6455593109131 31.6583881378174 31.6744556427002 31.6845893859863 31.678466796875 31.6921405792236 31.6957778930664 31.688871383667 31.6781902313232 31.678560256958 31.6701259613037 31.6534004211426 31.6500339508057 31.6370143890381 31.6203556060791 31.6246604919434 31.62229347229 31.6194953918457 31.6206722259521 31.6245079040527 31.6178340911865 31.6222229003906 31.6235256195068 31.633337020874 31.6364440917969 31.6411418914795
31.3753528594971 31.3747005462646 31.3764095306396 31.3970851898193 31.4010696411133 31.404935836792 31.4137802124023 31.4198532104492 31.4211406707764 31.4281711578369 31.4280643463135 31.4294204711914 31.4238376617432 31.4119510650635 31.4175033569336 31.4260311126709 31.4238796234131 31.4310359954834 -9999 -9999 -9999 -9999 -9999 -9999 -9999 31.5677356719971 31.5802097320557 31.6088371276855 31.6161403656006 31.6198539733887 31.6473140716553 31.6510181427002 31.6509075164795 31.6561508178711 31.6586780548096 31.6561641693115 31.6682720184326 31.6710720062256 31.6690521240234 31.6497478485107 31.6492214202881 31.6452579498291 31.6310844421387 31.6268920898438 31.6239948272705 31.6070461273193 31.6046619415283 31.6120529174805 31.6102695465088 31.6143283843994 31.607967376709 31.6110973358154 31.6120834350586 31.6121883392334 31.6205177307129 31.6220550537109 31.6234931945801
31.3707904815674 31.3646907806396 31.3818607330322 31.3870143890381 31.3945484161377 31.4080905914307 31.4074001312256 31.4215545654297 31.4252758026123 31.4234924316406 31.4311141967773 31.43359375 31.4254589080811 31.4036750793457 31.4213714599609 31.4257755279541 31.4182224273682 31.4439830780029 31.454460144043 31.4612426757812 31.4859371185303 31.5003910064697 31.5244979858398 -9999 -9999 31.5957260131836 31.6012496948242 31.6114444732666 31.6386280059814 31.6354007720947 31.6405544281006 31.6561622619629 31.6415157318115 31.6440105438232 31.6595687866211 31.6564159393311 31.6668319702148 31.6781406402588 31.6663818359375 31.6543121337891 31.6505012512207 31.6388988494873 31.6327362060547 31.6213855743408 31.6167621612549 31.6126613616943 31.6023502349854 31.6008014678955 31.5972576141357 31.5958385467529 31.6029434204102 31.6037082672119 31.5981864929199 31.6130981445312 31.6211128234863 31.6177845001221 31.6235466003418
31.3782691955566 31.3795185089111 31.379056930542 31.3900489807129 31.3907699584961 31.395435333252 31.4040622711182 31.4106788635254 31.4126796722412 31.4253273010254 31.4268264770508 31.4266662597656 31.4305057525635 31.4321804046631 31.4197883605957 31.4346809387207 31.4358100891113 31.4416427612305 31.4685955047607 31.4738292694092 31.4831237792969 31.5160121917725 31.5383052825928 31.5467796325684 31.5782051086426 31.5870590209961 31.5989074707031 31.6194343566895 31.62624168396 31.6348819732666 31.6417922973633 31.6469955444336 31.6337738037109 31.6325759887695 31.6470203399658 31.6465587615967 31.6505508422852 31.6509075164795 31.6560916900635 31.6441326141357 31.6419010162354 31.6329040527344 31.6227512359619 31.6155090332031 31.6140747070312 31.6075115203857 31.6029300689697 31.5928134918213 31.5973052978516 31.5975093841553 31.6023693084717 31.6075096130371 31.6086502075195 31.6136493682861 31.6200313568115 31.6194648742676 31.6229095458984
31.3800430297852 31.379077911377 31.3761024475098 31.3832988739014 31.3831386566162 31.3857860565186 31.3958721160889 31.3980712890625 31.3969078063965 31.413402557373 31.4182224273682 31.4226303100586 31.4291954040527 31.430196762085 31.4365215301514 31.439266204834 31.4529685974121 31.4617919921875 31.4867210388184 31.4995498657227 31.4961910247803 31.5360679626465 31.5445861816406 31.5555725097656 31.5871982574463 31.5944919586182 31.5992870330811 31.6187019348145 31.6234874725342 31.6225910186768 31.6291427612305 31.6300716400146 31.6153869628906 31.61110496521 31.6106243133545 31.610071182251 31.6136322021484 31.6122398376465 31.6132717132568 31.6078014373779 31.6083335876465 31.6085395812988 31.6005344390869 31.5998058319092 31.5995388031006 31.594783782959 31.6023406982422 31.5885334014893 31.5942935943604 31.5977363586426 31.6005859375 31.6093044281006 31.6141986846924 31.616268157959 31.6218395233154 31.6205463409424 31.6215839385986
31.371768951416 31.3796253204346 31.3753814697266 31.3719425201416 31.3606510162354 31.3810520172119 31.3863945007324 31.3880672454834 31.4080715179443 31.4077758789062 31.4098358154297 31.4239120483398 31.4256534576416 31.4383735656738 31.4441375732422 31.4474086761475 31.4595584869385 31.4713401794434 31.4807415008545 31.4997119903564 31.5192451477051 31.5279903411865 31.5521202087402 31.5652313232422 31.5845546722412 31.6136837005615 31.6044311523438 31.6115226745605 31.6325054168701 31.6197719573975 31.6184978485107 31.6155300140381 31.6059398651123 31.6086368560791 31.5910396575928 31.5965232849121 31.6046371459961 31.5972576141357 31.6001300811768 31.6022872924805 31.592191696167 31.5948390960693 31.5939865112305 31.5915489196777 31.5927658081055 31.5983581542969 31.592903137207 31.5970783233643 31.5940494537354 31.5895137786865 31.602466583252 31.6139812469482 31.6219673156738 31.6217861175537 31.6239948272705 31.622522354126 31.6216144561768
31.3737926483154 31.3685455322266 31.3677368164062 31.3731117248535 31.3691844940186 31.3693294525146 31.3857421875 31.3927688598633 31.4036483764648 31.4157161712646 31.4169540405273 31.4215850830078 31.4333305358887 31.4381103515625 31.439395904541 31.45676612854 31.4568557739258 31.4616775512695 31.4870891571045 31.5025997161865 31.5112285614014 31.5361785888672 31.5523262023926 31.5609474182129 31.5873470306396 31.5931396484375 31.6032562255859 31.609842300415 31.6087837219238 31.6099395751953 31.6050586700439 31.5956535339355 31.5986328125 31.5973281860352 31.5977630615234 31.5921478271484 31.5962982177734 31.5964508056641 31.5965423583984 31.6003227233887 31.5978012084961 31.5885257720947 31.5883350372314 31.5902862548828 31.5964679718018 31.5984630584717 31.5988330841064 31.5968055725098 31.6092491149902 31.6029644012451 31.6087474822998 31.6217174530029 31.6287403106689 31.6313762664795 31.6343784332275 31.6322040557861 31.6277523040771
31.3629875183105 31.3619823455811 31.3597469329834 31.3627147674561 31.3647537231445 31.3560562133789 31.3741683959961 31.3970565795898 31.4059600830078 31.4233150482178 31.4187278747559 31.4237442016602 31.4348049163818 31.4383907318115 31.4409255981445 31.460412979126 31.4634532928467 31.4583530426025 31.4836349487305 31.4981327056885 31.5116672515869 31.5394706726074 31.5446224212646 31.5529499053955 31.5763092041016 31.5796318054199 31.5821590423584 31.585657119751 31.5815277099609 31.5757732391357 31.5699653625488 31.564281463623 31.5681629180908 31.5623836517334 31.5699481964111 31.5658321380615 31.5724029541016 31.572826385498 31.5819358825684 31.5793571472168 31.5745830535889 31.567211151123 31.5673370361328 31.5788650512695 31.5843315124512 31.5912418365479 31.5934028625488 31.5946388244629 31.6084213256836 31.6143531799316 31.6188011169434 31.6369342803955 31.6452865600586 31.6537609100342 31.6525592803955 31.641902923584 31.6284370422363
31.3479537963867 31.344654083252 31.3570785522461 31.360294342041 31.3743877410889 31.3646297454834 31.3731575012207 31.4034519195557 31.4150676727295 31.4210891723633 31.4203548431396 31.4306125640869 31.4336242675781 31.4446239471436 31.4511699676514 31.4570960998535 31.4687004089355 31.4710445404053 31.4809436798096 31.5069198608398 31.5191783905029 31.5317859649658 31.5643520355225 31.5632343292236 31.5633430480957 31.575813293457 31.5767841339111 31.5758304595947 31.5750675201416 31.5667171478271 31.5634365081787 31.5465679168701 31.5557231903076 31.5566635131836 31.5503997802734 31.5587348937988 31.5692691802979 31.5621433258057 31.5808734893799 31.5789546966553 31.565149307251 31.5673999786377 31.5670337677002 31.5710830688477 31.5831432342529 31.5895214080811 31.5999603271484 31.5992603302002 31.6047172546387 31.6161441802979 31.6327800750732 31.6423072814941 31.6526660919189 31.6580963134766 31.6558666229248 31.6488666534424 31.6380977630615
31.3497180938721 31.3481140136719 31.3481426239014 31.3663177490234 31.3691272735596 31.3669853210449 31.3898410797119 31.4018630981445 31.4076251983643 31.4174423217773 31.4191551208496 31.4250030517578 31.4396457672119 31.4491176605225 31.4516048431396 31.4657936096191 31.4704971313477 31.4724006652832 31.4934349060059 31.5008869171143 31.5137920379639 31.536205291748 31.5498485565186 31.5552043914795 31.5575504302979 31.5649337768555 31.5650386810303 31.5689163208008 31.5685157775879 31.5649147033691 31.5623970031738 31.5530853271484 31.554084777832 31.5620918273926 31.557409286499 31.5588054656982 31.5683574676514 31.5740528106689 31.5816040039062 31.5856456756592 31.576000213623 31.5713481903076 31.574348449707 31.5778007507324 31.5815029144287 31.5940322875977 31.5936584472656 31.5978717803955 31.6103954315186 31.6153049468994 31.6250762939453 31.6470584869385 31.6543807983398 31.660228729248 31.6588592529297 31.651912689209 31.6430892944336
31.3323440551758 31.3326396942139 31.3391628265381 31.3591537475586 31.3667182922363 31.3681755065918 31.3923377990723 31.3988380432129 31.407657623291 31.4153442382812 31.4189510345459 31.42356300354 31.437816619873 31.4478778839111 31.4502353668213 31.4647941589355 31.4659233093262 31.4728813171387 31.4942455291748 31.4981689453125 31.5055046081543 31.5255069732666 31.5309886932373 31.5353488922119 31.5377578735352 31.5383052825928 31.5397548675537 31.5436763763428 31.5406513214111 31.5415058135986 31.5412101745605 31.5347557067871 31.5383129119873 31.547721862793 31.5440845489502 31.5473098754883 31.5572261810303 31.5638694763184 31.5752124786377 31.5782527923584 31.5692100524902 31.5640392303467 31.5669498443604 31.5687580108643 31.5745010375977 31.5866508483887 31.5864639282227 31.5949077606201 31.6081809997559 31.6175479888916 31.6245956420898 31.6464214324951 31.6564235687256 31.6671962738037 31.6655826568604 31.6525211334229 31.6423110961914
31.317045211792 31.3242244720459 31.3399620056152 31.3471431732178 31.3567638397217 31.3774433135986 31.3771228790283 31.4037818908691 31.4031410217285 31.4077033996582 31.4253196716309 31.4304008483887 31.435619354248 31.4430561065674 31.4477291107178 31.4553241729736 31.4669666290283 31.4762897491455 31.4891757965088 31.5016803741455 31.5093479156494 31.515604019165 31.5293960571289 31.531566619873 31.5298728942871 31.5302448272705 31.5439949035645 31.5428867340088 31.5289173126221 31.5414333343506 31.5497016906738 31.5379047393799 31.5448799133301 31.5486259460449 31.5471115112305 31.5455913543701 31.555004119873 31.5569362640381 31.5668392181396 31.566219329834 31.5601634979248 31.5605125427246 31.562593460083 31.5635681152344 31.570463180542 31.5765705108643 31.5915870666504 31.6003818511963 31.6075210571289 31.6177215576172 31.6253414154053 31.6361675262451 31.659423828125 31.6606788635254 31.6634464263916 31.6525325775146 31.6379661560059
31.3194103240967 31.3217544555664 31.3287906646729 31.3527965545654 31.3569755554199 31.3692321777344 31.3832492828369 31.3920021057129 31.3945484161377 31.4135894775391 31.4186477661133 31.4267120361328 31.4416961669922 31.4380645751953 31.4414005279541 31.4600963592529 31.4616641998291 31.4700927734375 31.4927673339844 31.4953079223633 31.5039806365967 31.514310836792 31.517692565918 31.5280895233154 31.5269680023193 31.5370903015137 31.5399398803711 31.5391445159912 31.537956237793 31.5400447845459 31.5509071350098 31.5408573150635 31.5442047119141 31.5482521057129 31.5433349609375 31.5426406860352 31.5515689849854 31.559175491333 31.5600605010986 31.5590209960938 31.5576248168945 31.5558452606201 31.561695098877 31.5611667633057 31.5653610229492 31.5774936676025 31.5852241516113 31.5938358306885 31.6086463928223 31.6138362884521 31.6205768585205 31.6329231262207 31.6411361694336 31.6451225280762 31.6482257843018 31.641752243042 31.634464263916
31.3060932159424 31.3118457794189 31.3147735595703 31.340202331543 31.3492832183838 31.3566246032715 31.3732128143311 31.3781414031982 31.3922100067139 31.4119071960449 31.414005279541 31.4210357666016 31.4251651763916 31.4273681640625 31.4336624145508 31.4523181915283 31.4539527893066 31.4589710235596 31.485912322998 31.4891929626465 31.4939098358154 31.5035190582275 31.5048027038574 31.5108947753906 31.5200634002686 31.5255165100098 31.5221366882324 31.5287246704102 31.5305595397949 31.5360927581787 31.5450572967529 31.5366115570068 31.5379486083984 31.541166305542 31.5423488616943 31.5329399108887 31.5515613555908 31.5519618988037 31.5512046813965 31.5493869781494 31.5479621887207 31.5469436645508 31.5438899993896 31.5445442199707 31.5469055175781 31.5589504241943 31.5665550231934 31.5724391937256 31.5949764251709 31.6021995544434 31.6041679382324 31.6151351928711 31.6208477020264 31.6227149963379 31.6168727874756 31.6142864227295 31.6060638427734
31.2968883514404 31.3055534362793 31.3211822509766 31.330150604248 31.3445339202881 31.3607273101807 31.3623523712158 31.3823356628418 31.3961982727051 31.4041042327881 31.4132041931152 31.433500289917 31.4286231994629 31.4257774353027 31.437873840332 31.4431953430176 31.4612884521484 31.4633026123047 31.4777011871338 31.4915237426758 31.4929485321045 31.4970302581787 31.5074577331543 31.505277633667 31.5117568969727 31.5113639831543 31.5204830169678 31.5257396697998 31.5306282043457 31.5395412445068 31.5463600158691 31.5364971160889 31.5399780273438 31.5447101593018 31.5501747131348 31.5448570251465 31.5534286499023 31.5482311248779 31.5460433959961 31.5430793762207 31.5440063476562 31.5456275939941 31.5390586853027 31.5349102020264 31.5448932647705 31.5510940551758 31.5627155303955 31.5718288421631 31.5854930877686 31.6066741943359 31.5999584197998 31.6071319580078 31.6230583190918 31.6129207611084 31.6078262329102 31.6176834106445 31.597146987915
31.3090744018555 31.3124904632568 31.3211708068848 31.3439998626709 31.3491592407227 31.3606910705566 31.3867359161377 31.380880355835 31.3874855041504 31.4105262756348 31.4223880767822 31.4238700866699 31.4325351715088 31.4346370697021 31.4305057525635 31.4430809020996 31.4515228271484 31.4623603820801 31.4753665924072 31.4782829284668 31.4841556549072 31.4932041168213 31.5004920959473 31.497386932373 31.5114650726318 31.5147476196289 31.5176830291748 31.5301570892334 31.5345115661621 31.5404243469238 31.5466747283936 31.540599822998 31.5456104278564 31.5429439544678 31.5445308685303 31.5423183441162 31.5470390319824 31.5456619262695 31.5397529602051 31.5368137359619 31.5362815856934 31.5322284698486 31.535306930542 31.5350360870361 31.5335826873779 31.5439586639404 31.5560359954834 31.5610523223877 31.5779228210449 31.5842800140381 31.5901622772217 31.5985946655273 31.6020107269287 31.5924415588379 31.5881328582764 31.592378616333 31.5873928070068
31.2998676300049 31.3086376190186 31.3125553131104 31.3347587585449 31.3455982208252 31.3539886474609 31.3802661895752 31.3888053894043 31.386791229248 31.4080238342285 31.4148998260498 31.4138660430908 31.4204444885254 31.4220676422119 31.4216499328613 31.4298038482666 31.4338436126709 31.4334373474121 31.4455451965332 31.4517726898193 31.4552879333496 31.4676723480225 31.4770431518555 31.4775562286377 31.4937877655029 31.5033264160156 31.5119094848633 31.5246105194092 31.5327892303467 31.5403900146484 31.5494575500488 31.5400867462158 31.5361461639404 31.5362491607666 31.5323677062988 31.5251884460449 31.5276298522949 31.526086807251 31.5152263641357 31.5127201080322 31.5118522644043 31.5098781585693 31.5135917663574 31.5158386230469 31.5192031860352 31.5222644805908 31.5304565429688 31.5309066772461 31.5455112457275 31.5503826141357 31.5500774383545 31.5515079498291 31.5566158294678 31.5521545410156 31.5482540130615 31.5461177825928 31.5355243682861
31.2941284179688 31.3035011291504 31.3191833496094 31.3269824981689 31.3324737548828 31.3658790588379 31.377067565918 31.3830394744873 31.39430809021 31.4017562866211 31.4240531921387 31.4186382293701 31.4106540679932 31.4157333374023 31.4125938415527 31.4189682006836 31.4313793182373 31.4273147583008 31.4309902191162 31.4433631896973 31.4490852355957 31.4562911987305 31.4736824035645 31.483922958374 31.494722366333 31.5036697387695 31.5198593139648 31.5343608856201 31.5624561309814 31.5607738494873 31.5551681518555 31.5599727630615 31.5363826751709 31.5263557434082 31.5242080688477 31.5175075531006 31.5210285186768 31.5163536071777 31.5143718719482 31.5107460021973 31.5003833770752 31.4972496032715 31.498815536499 31.5089569091797 31.5115127563477 31.51780128479 31.5277366638184 31.5237445831299 31.5313568115234 31.5418663024902 31.5323390960693 31.5375099182129 31.5579814910889 31.5406036376953 31.5386829376221 31.5458946228027 31.5179195404053
31.2990379333496 31.3070602416992 31.3119335174561 31.335147857666 31.3448638916016 31.3626022338867 31.3907871246338 31.386417388916 31.3904438018799 31.4092979431152 31.4115333557129 31.4104785919189 31.4031143188477 31.4016399383545 31.4037418365479 31.4098701477051 31.4073848724365 31.4053077697754 31.4167709350586 31.4241123199463 31.4319381713867 31.4479122161865 31.456750869751 31.4678707122803 31.4924507141113 31.5017890930176 31.5095100402832 31.5347576141357 31.5518741607666 31.561595916748 31.5658798217773 31.5530376434326 31.5346641540527 31.5185413360596 31.5187377929688 31.5132713317871 31.510290145874 31.5064125061035 31.5044994354248 31.4995574951172 31.4922676086426 31.4801959991455 31.4828014373779 31.4962310791016 31.5054912567139 31.5135917663574 31.5151653289795 31.5171051025391 31.5193500518799 31.5248565673828 31.5205383300781 31.5194988250732 31.5268840789795 31.5356597900391 31.5175914764404 31.504581451416 31.4935646057129
