G_variables/Set1/RCP8_2050/Sur_sal_min.asc
NCOLS 229 
NROWS 147 
XLLCORNER -101.25 
YLLCORNER 14.3333333333333 
CELLSIZE 0.0833333333333333 
NODATA_value -9999 
[rows 104 to 129 of 147, columns 171 to 227 of 229]
35.3658180236816 35.3532981872559 35.3497276306152 35.3492774963379 35.3440246582031 35.3442420959473 35.3381462097168 35.3314590454102 35.3268699645996 35.3241882324219 35.3186225891113 35.3158874511719 35.3149871826172 35.3111114501953 35.3053207397461 35.3023529052734 35.3003196716309 35.2947883605957 35.2866897583008 35.2885551452637 35.2810859680176 35.2804832458496 35.2835388183594 35.2825164794922 35.2810974121094 35.2807121276855 35.2706756591797 35.2697105407715 35.2696762084961 35.2670860290527 35.2663726806641 35.2648048400879 35.266185760498 35.2676773071289 35.269718170166 35.2662239074707 35.2629165649414 35.2380485534668 35.2123489379883 35.1999015808105 35.1639518737793 35.1314811706543 35.1232681274414 35.1054153442383 35.0910148620605 35.0906867980957 35.0960464477539 35.083080291748 35.082820892334 35.0837364196777 35.0649375915527 35.0628509521484 35.0603790283203 35.0385665893555 35.0331916809082 35.024486541748 -9999
35.3705596923828 35.3569374084473 35.3550682067871 35.3560028076172 35.3564796447754 35.3571815490723 35.353874206543 35.3476028442383 35.3361625671387 35.3325538635254 35.3233337402344 35.3189315795898 35.3187255859375 35.2996368408203 35.2934532165527 35.2910804748535 35.2701301574707 35.267204284668 35.2638244628906 35.2507171630859 35.2505187988281 35.2497787475586 35.2544021606445 35.2651138305664 35.2642631530762 35.2612686157227 35.2570304870605 35.2561187744141 35.2607040405273 35.2621536254883 35.2561912536621 35.2583885192871 35.2661018371582 35.2649192810059 35.2701988220215 35.2778244018555 35.2689590454102 35.2398948669434 35.2265930175781 35.2043609619141 35.1591911315918 35.1282730102539 35.1183738708496 35.0940170288086 35.0780830383301 35.0769081115723 35.0755996704102 35.0669403076172 35.0658416748047 35.0614700317383 35.0406227111816 35.0339317321777 35.0465202331543 35.028736114502 35.0183525085449 35.0246734619141 35.0036392211914
35.3667411804199 35.3566932678223 35.3611297607422 35.3602828979492 35.3573188781738 35.3586120605469 35.3597412109375 35.3493003845215 35.3479347229004 35.3335762023926 35.3240051269531 35.3199272155762 35.305233001709 35.295036315918 35.2889938354492 35.2732353210449 35.2597923278809 35.2526588439941 35.2463874816895 35.2420043945312 35.2333869934082 35.2369689941406 35.2464752197266 35.2466316223145 35.2525024414062 35.2572174072266 35.2513236999512 35.2533569335938 35.2595710754395 35.2565040588379 35.2548561096191 35.2636604309082 35.2641334533691 35.2594375610352 35.2588195800781 35.2645454406738 35.2534103393555 35.2358779907227 35.2200012207031 35.2059555053711 35.1582679748535 35.1293182373047 35.1141624450684 35.0917701721191 35.0799560546875 35.0669136047363 35.0614585876465 35.0549049377441 35.050609588623 35.056568145752 35.0304145812988 35.0326461791992 35.0424652099609 35.0194320678711 35.022274017334 35.0285301208496 35.0185394287109
35.3838195800781 35.3711242675781 35.3640403747559 35.3636016845703 35.3566207885742 35.3608512878418 35.36181640625 35.3596076965332 35.3513565063477 35.3469924926758 35.3356285095215 35.3141860961914 35.3015022277832 35.2862091064453 35.2630805969238 35.2552871704102 35.2428436279297 35.2250328063965 35.2175102233887 35.21875 35.2138595581055 35.2146987915039 35.2306060791016 35.2337341308594 35.232608795166 35.241626739502 35.2452392578125 35.2458648681641 35.2523002624512 35.2505264282227 35.2538528442383 35.2612800598145 35.256275177002 35.2560882568359 35.2521286010742 35.2377052307129 35.2369728088379 35.2255249023438 35.1981468200684 35.1877746582031 35.161247253418 35.1219596862793 35.1138191223145 35.0964813232422 35.0695037841797 35.0668754577637 35.0596084594727 35.0453948974609 35.0411529541016 35.0403747558594 35.031135559082 35.0313034057617 35.0314712524414 35.0281372070312 35.0310707092285 35.024284362793 35.0245323181152
35.3852424621582 35.3750381469727 35.3624725341797 35.3642883300781 35.35986328125 35.3642616271973 35.3669548034668 35.3596725463867 35.353832244873 35.3461837768555 35.3241500854492 35.3055725097656 35.2901039123535 35.2601699829102 35.2361068725586 35.2246971130371 35.2068786621094 35.1936645507812 35.1843719482422 35.1840972900391 35.1913604736328 35.1923217773438 35.2073059082031 35.2231369018555 35.2238731384277 35.2318267822266 35.2399978637695 35.2417488098145 35.2406158447266 35.2479248046875 35.2451095581055 35.2417297363281 35.2443046569824 35.245792388916 35.224739074707 35.2121315002441 35.2097969055176 35.1879768371582 35.176342010498 35.1564636230469 35.1338043212891 35.1137428283691 35.0915451049805 35.0781288146973 35.0645790100098 35.0557136535645 35.0585784912109 35.0470123291016 35.0363883972168 35.0524063110352 35.0449676513672 35.0376892089844 35.0549087524414 35.052734375 -9999 -9999 -9999
35.388240814209 35.3768310546875 35.3713684082031 35.362247467041 35.3589515686035 35.3649711608887 35.364070892334 35.3582496643066 35.351490020752 35.3387222290039 35.3210220336914 35.3015060424805 35.2766456604004 35.2543258666992 35.2252998352051 35.2085227966309 35.199161529541 35.1782989501953 35.1730308532715 35.1772003173828 35.17626953125 35.1861228942871 35.2036666870117 35.2143211364746 35.2185211181641 35.230037689209 35.2361640930176 35.2340698242188 35.2374382019043 35.2415618896484 35.2403144836426 35.2367897033691 35.2345390319824 35.2275848388672 35.2162475585938 35.1972160339355 35.1895561218262 35.1714057922363 35.1426620483398 35.14501953125 35.1274795532227 35.0984191894531 35.0902709960938 35.0768737792969 35.0587921142578 35.0628242492676 35.0589141845703 35.0468788146973 35.0453338623047 35.0552711486816 35.0482864379883 35.0520362854004 -9999 -9999 -9999 -9999 -9999
35.402099609375 35.3924903869629 35.3793869018555 35.3766059875488 35.3626976013184 35.3590850830078 35.3595924377441 35.3479499816895 35.3319969177246 35.3276214599609 35.3064270019531 35.2782554626465 35.266975402832 35.2423820495605 35.2121734619141 35.2006301879883 35.1889953613281 35.1649360656738 35.1608428955078 35.1667366027832 35.1729927062988 35.1764907836914 35.1946067810059 35.2091026306152 35.2111892700195 35.224063873291 35.2267875671387 35.2269172668457 35.2306518554688 35.2202339172363 35.2213592529297 35.2222175598145 35.2090759277344 35.2053184509277 35.1941413879395 35.1704902648926 35.1599426269531 35.1442832946777 35.1186447143555 35.1126136779785 35.0970115661621 35.090274810791 35.0776710510254 35.0686531066895 35.0579566955566 35.0561141967773 35.0630950927734 35.0607948303223 35.0622444152832 -9999 -9999 -9999 -9999 -9999 -9999 -9999 -9999
35.4129371643066 35.4026794433594 35.3854179382324 35.3815231323242 35.3735580444336 35.3610000610352 35.360595703125 35.3489303588867 35.3271446228027 35.318675994873 35.3012199401855 35.2717704772949 35.2518348693848 35.2339744567871 35.2040328979492 35.1877174377441 35.1821098327637 35.1591835021973 35.1547393798828 35.167293548584 35.1699600219727 35.1772079467773 35.2006721496582 35.207950592041 35.2176551818848 35.2192764282227 35.2123107910156 35.2154083251953 35.2036933898926 35.1924896240234 35.1877975463867 35.1883583068848 35.1906661987305 35.1826515197754 35.1765213012695 35.1505241394043 35.1394348144531 35.1322250366211 35.110466003418 35.0971527099609 35.0936737060547 35.082649230957 35.0714340209961 35.0762748718262 35.0696716308594 35.0631828308105 -9999 -9999 -9999 -9999 -9999 -9999 -9999 -9999 -9999 -9999 -9999
35.4227714538574 35.4052429199219 35.3911399841309 35.3834800720215 35.3734703063965 35.3634948730469 35.35498046875 35.3499984741211 35.3293914794922 35.3153038024902 35.3002624511719 35.2671012878418 35.2529716491699 35.234302520752 35.1999092102051 35.1907501220703 35.181941986084 35.1665267944336 35.1632995605469 35.1666145324707 35.1723709106445 35.1784706115723 35.2001686096191 35.2155227661133 35.2076568603516 35.2075691223145 35.205509185791 35.1975898742676 35.1981353759766 35.1903991699219 35.1844940185547 35.1819648742676 35.1643829345703 35.1605415344238 35.1652069091797 35.1440582275391 35.1381492614746 35.1304206848145 35.1061820983887 35.0995101928711 35.0938186645508 35.0863151550293 35.0812225341797 35.0788612365723 -9999 -9999 -9999 -9999 -9999 -9999 -9999 -9999 -9999 -9999 -9999 -9999 -9999
35.4154090881348 35.4124565124512 35.4055099487305 35.4029121398926 35.381893157959 35.364818572998 35.3659629821777 35.3409004211426 35.3232269287109 35.31640625 35.2895660400391 35.2686653137207 35.2604942321777 35.2304954528809 35.2128677368164 35.2060241699219 35.1918869018555 35.188835144043 35.1812744140625 35.1855583190918 35.1969413757324 35.1998291015625 35.2053680419922 35.2086563110352 35.2078514099121 35.2002792358398 35.2003784179688 35.1964111328125 35.1836395263672 35.1779975891113 35.1722679138184 35.1664428710938 35.1526336669922 35.1496810913086 35.1491508483887 35.1420059204102 35.138298034668 35.123607635498 35.1134033203125 35.1096267700195 35.0901641845703 -9999 -9999 -9999 -9999 -9999 -9999 -9999 -9999 -9999 -9999 -9999 -9999 -9999 -9999 -9999 -9999
35.410041809082 35.4093551635742 35.4168586730957 35.4089508056641 35.3872222900391 35.3779029846191 35.3731307983398 35.3578109741211 35.3361663818359 35.3229713439941 35.3131446838379 35.2916107177734 35.2713851928711 35.2569541931152 35.2329216003418 35.2199058532715 35.2071800231934 35.2023468017578 35.1973724365234 35.2051391601562 35.2163429260254 35.2239685058594 35.2292785644531 35.2206573486328 35.223274230957 35.1926040649414 35.1785049438477 35.1733093261719 35.1421966552734 35.1563720703125 35.1439323425293 35.1256217956543 35.1432609558105 35.1426048278809 35.1369934082031 35.1506805419922 35.1419525146484 35.1403045654297 35.1321029663086 -9999 -9999 -9999 -9999 -9999 -9999 -9999 -9999 -9999 -9999 -9999 -9999 -9999 -9999 -9999 -9999 -9999 -9999
35.4045143127441 35.4061241149902 35.4096412658691 35.411979675293 35.3975639343262 35.3873825073242 35.3780632019043 35.3561973571777 35.3412017822266 35.3361434936523 35.319709777832 35.2997932434082 35.2876129150391 35.2650833129883 35.2485694885254 35.2285537719727 35.2111167907715 35.2129554748535 35.2124710083008 35.2123336791992 35.226619720459 35.2228202819824 35.2262649536133 35.2296447753906 35.2061920166016 35.1868057250977 35.1733627319336 35.1460762023926 35.1244850158691 35.1286659240723 35.1262054443359 35.1168479919434 35.1233520507812 35.1402320861816 35.132942199707 35.1385192871094 -9999 -9999 -9999 -9999 -9999 -9999 -9999 -9999 -9999 -9999 -9999 -9999 -9999 -9999 -9999 -9999 -9999 -9999 -9999 -9999 -9999
35.3846817016602 35.3932800292969 35.3966789245605 35.398624420166 35.3953742980957 35.3873100280762 35.3780517578125 35.3644866943359 35.3569183349609 35.3537178039551 35.3357810974121 35.3182563781738 35.311710357666 35.2868385314941 35.2650871276855 35.2558631896973 35.2337455749512 35.2307395935059 35.2293434143066 35.2326736450195 35.231632232666 35.2330360412598 35.2301254272461 35.2105331420898 35.2002830505371 35.1733360290527 35.1333274841309 35.1221313476562 35.1032867431641 35.0807609558105 35.0716896057129 35.0829010009766 35.0930023193359 -9999 -9999 -9999 -9999 -9999 -9999 -9999 -9999 -9999 -9999 -9999 -9999 -9999 -9999 -9999 -9999 -9999 -9999 -9999 -9999 -9999 -9999 -9999 -9999
35.3755226135254 35.3809127807617 35.3812980651855 35.3802490234375 35.3809394836426 35.3844108581543 35.3681716918945 35.3607521057129 35.3694458007812 35.3605003356934 35.3415985107422 35.3400344848633 35.3263092041016 35.2998580932617 35.2835235595703 35.2715606689453 35.2402000427246 35.225399017334 35.2186470031738 35.2048988342285 35.2245407104492 35.2289810180664 35.196403503418 35.1969833374023 35.1824378967285 35.1273651123047 35.0923614501953 35.0680923461914 35.0310173034668 35.0063552856445 35.0058631896973 -9999 -9999 -9999 -9999 -9999 -9999 -9999 -9999 -9999 -9999 -9999 -9999 -9999 -9999 -9999 -9999 -9999 -9999 -9999 -9999 -9999 -9999 -9999 -9999 -9999 -9999
35.3640556335449 35.3756332397461 35.3726005554199 35.3706474304199 35.3751487731934 35.3732566833496 35.3659057617188 35.3589248657227 35.363452911377 35.3599281311035 35.3435974121094 35.3444290161133 35.335075378418 35.3030014038086 35.2883834838867 35.2740249633789 35.2361526489258 35.2260131835938 35.2011108398438 35.1983528137207 35.2172012329102 35.198543548584 35.1814041137695 35.169979095459 35.1604957580566 35.1132011413574 35.0545120239258 35.0361366271973 -9999 -9999 -9999 -9999 -9999 -9999 -9999 -9999 -9999 -9999 -9999 -9999 -9999 -9999 -9999 -9999 -9999 -9999 -9999 -9999 -9999 -9999 -9999 -9999 -9999 -9999 -9999 -9999 -9999
35.3463478088379 35.3598976135254 35.3578643798828 35.3623657226562 35.3621292114258 35.3578491210938 35.3516387939453 35.3538208007812 35.346019744873 35.346809387207 35.3430633544922 35.3339500427246 35.327709197998 35.3070068359375 35.2830352783203 35.2696418762207 35.2567291259766 35.2152404785156 35.2046737670898 35.1904640197754 35.1578330993652 35.1493721008301 35.1288414001465 35.1060981750488 35.088550567627 35.0695343017578 -9999 -9999 -9999 -9999 -9999 -9999 -9999 -9999 -9999 -9999 -9999 -9999 -9999 -9999 -9999 -9999 -9999 -9999 -9999 -9999 -9999 -9999 -9999 -9999 -9999 -9999 -9999 -9999 -9999 -9999 -9999
35.3259239196777 35.3214683532715 35.3431854248047 35.3459320068359 35.3458251953125 35.345329284668 35.3484115600586 35.3501281738281 35.3383293151855 35.330696105957 35.3280448913574 35.3175964355469 35.3078308105469 35.2880744934082 35.2798233032227 35.2594604492188 35.2217330932617 35.1962661743164 35.1840400695801 35.1423568725586 35.1002998352051 35.0887222290039 35.0785713195801 -9999 -9999 -9999 -9999 -9999 -9999 -9999 -9999 -9999 -9999 -9999 -9999 -9999 -9999 -9999 -9999 -9999 -9999 -9999 -9999 -9999 -9999 -9999 -9999 -9999 -9999 -9999 -9999 -9999 -9999 -9999 -9999 -9999 -9999
35.3081741333008 35.3094139099121 35.315185546875 35.3407821655273 35.3411102294922 35.3362579345703 35.3433380126953 35.3477096557617 35.3330383300781 35.3257446289062 35.3228378295898 35.3044586181641 35.2876739501953 35.2806091308594 35.267692565918 35.245548248291 35.2142448425293 35.1814651489258 35.1612968444824 35.131763458252 -9999 -9999 -9999 -9999 -9999 -9999 -9999 -9999 -9999 -9999 -9999 -9999 -9999 -9999 -9999 -9999 -9999 -9999 -9999 -9999 -9999 -9999 -9999 -9999 -9999 -9999 -9999 -9999 -9999 -9999 -9999 -9999 -9999 -9999 -9999 -9999 -9999
35.2133140563965 35.2717132568359 35.2962341308594 35.3041496276855 35.3330192565918 35.3343658447266 35.3391571044922 35.3357124328613 35.3285102844238 35.3201332092285 35.3073425292969 35.2874298095703 35.2807731628418 35.2607650756836 35.2293739318848 35.2178573608398 35.1839294433594 35.152027130127 35.1369323730469 35.107250213623 -9999 -9999 -9999 -9999 -9999 -9999 -9999 -9999 -9999 -9999 -9999 -9999 -9999 -9999 -9999 -9999 -9999 -9999 -9999 -9999 -9999 -9999 -9999 -9999 -9999 -9999 -9999 -9999 -9999 -9999 -9999 -9999 -9999 -9999 -9999 -9999 -9999
35.1239128112793 35.185131072998 35.2654685974121 35.2718353271484 35.2965431213379 35.3344459533691 35.3347206115723 35.3258018493652 35.3306579589844 35.319393157959 35.3062896728516 35.2880020141602 35.2805519104004 35.2627067565918 35.2150802612305 35.1987953186035 35.19970703125 35.1546020507812 35.1248817443848 -9999 -9999 -9999 -9999 -9999 -9999 -9999 -9999 -9999 -9999 -9999 -9999 -9999 -9999 -9999 -9999 -9999 -9999 -9999 -9999 -9999 -9999 -9999 -9999 -9999 -9999 -9999 -9999 -9999 -9999 -9999 -9999 -9999 -9999 -9999 -9999 -9999 -9999
35.0813293457031 35.1588020324707 35.2061576843262 35.2548217773438 35.2859535217285 35.3057060241699 35.3236656188965 35.3209648132324 35.313362121582 35.3186454772949 35.3052864074707 35.2893943786621 35.2861061096191 35.2645111083984 35.2170257568359 35.2078666687012 35.2031135559082 35.1596298217773 -9999 -9999 -9999 -9999 -9999 -9999 -9999 -9999 -9999 -9999 -9999 -9999 -9999 -9999 -9999 -9999 -9999 -9999 -9999 -9999 -9999 -9999 -9999 -9999 -9999 -9999 -9999 -9999 -9999 -9999 -9999 -9999 -9999 -9999 -9999 -9999 -9999 -9999 -9999
34.977222442627 35.0827178955078 35.152416229248 35.174976348877 35.2387733459473 35.2697257995605 35.277774810791 35.2919731140137 35.2992668151855 35.3002052307129 35.2952537536621 35.2919692993164 35.2855224609375 35.2601928710938 35.2458953857422 35.2313575744629 35.2031784057617 -9999 -9999 -9999 -9999 -9999 -9999 -9999 -9999 -9999 -9999 -9999 -9999 -9999 -9999 -9999 -9999 -9999 -9999 -9999 -9999 -9999 -9999 -9999 -9999 -9999 -9999 -9999 -9999 -9999 -9999 -9999 -9999 -9999 -9999 -9999 -9999 -9999 -9999 -9999 -9999
34.9181823730469 35.0119705200195 35.0954627990723 35.1267471313477 35.1780166625977 35.222354888916 35.2338066101074 35.2603149414062 35.2838668823242 35.2894515991211 35.2932586669922 35.2915115356445 35.2899971008301 35.276050567627 35.2590789794922 35.2530097961426 35.2190856933594 -9999 -9999 -9999 -9999 -9999 -9999 -9999 -9999 -9999 -9999 -9999 -9999 -9999 -9999 -9999 -9999 -9999 -9999 -9999 -9999 -9999 -9999 -9999 -9999 -9999 -9999 -9999 -9999 -9999 -9999 -9999 -9999 -9999 -9999 -9999 -9999 -9999 -9999 -9999 -9999
34.8825912475586 34.9945449829102 35.05029296875 35.0905838012695 35.1589508056641 35.1841087341309 35.1938362121582 35.2478790283203 35.2604522705078 35.2643356323242 35.2900581359863 35.2895317077637 35.280330657959 35.2766952514648 35.2621536254883 35.2565689086914 -9999 -9999 -9999 -9999 -9999 -9999 -9999 -9999 -9999 -9999 -9999 -9999 -9999 -9999 -9999 -9999 -9999 -9999 -9999 -9999 -9999 -9999 -9999 -9999 -9999 -9999 -9999 -9999 -9999 -9999 -9999 -9999 -9999 -9999 -9999 -9999 -9999 -9999 -9999 -9999 -9999
34.8905906677246 34.9263000488281 34.9988594055176 35.0213279724121 35.0867500305176 35.1525421142578 35.161735534668 35.1698112487793 35.2464447021484 35.2491111755371 35.2636337280273 35.2903594970703 35.2725982666016 -9999 -9999 -9999 -9999 -9999 -9999 -9999 -9999 -9999 -9999 -9999 -9999 -9999 -9999 -9999 -9999 -9999 -9999 -9999 -9999 -9999 -9999 -9999 -9999 -9999 -9999 -9999 -9999 -9999 -9999 -9999 -9999 -9999 -9999 -9999 -9999 -9999 -9999 -9999 -9999 -9999 -9999 -9999 -9999
34.8623962402344 34.9064483642578 34.9817085266113 34.9991683959961 35.028507232666 35.0874557495117 35.1283187866211 35.149845123291 35.191577911377 -9999 -9999 -9999 -9999 -9999 -9999 -9999 -9999 -9999 -9999 -9999 -9999 -9999 -9999 -9999 -9999 -9999 -9999 -9999 -9999 -9999 -9999 -9999 -9999 -9999 -9999 -9999 -9999 -9999 -9999 -9999 -9999 -9999 -9999 -9999 -9999 -9999 -9999 -9999 -9999 -9999 -9999 -9999 -9999 -9999 -9999 -9999 -9999
