G_variables/Set1/RCP8_2050/Sur_tem_max.asc
NCOLS 229 
NROWS 147 
XLLCORNER -101.25 
YLLCORNER 14.3333333333333 
CELLSIZE 0.0833333333333333 
NODATA_value -9999 
[rows 78 to 103 of 147, columns 171 to 227 of 229]
30.9907264709473 31.0209980010986 31.0280323028564 31.0990676879883 31.1126880645752 31.1408576965332 31.2008438110352 31.2073154449463 31.2343120574951 31.2731132507324 31.2834911346436 31.3092937469482 31.3580417633057 31.3786506652832 31.3855438232422 31.4251861572266 31.442310333252 31.453800201416 31.4780826568604 31.4868183135986 31.487585067749 31.4990978240967 31.5021286010742 31.5017242431641 -9999 -9999 -9999 -9999 -9999 -9999 -9999 -9999 -9999 -9999 -9999 -9999 -9999 -9999 -9999 -9999 -9999 -9999 -9999 -9999 -9999 -9999 -9999 -9999 -9999 -9999 -9999 -9999 -9999 -9999 -9999 -9999 -9999
31.0163173675537 31.0363273620605 31.0543231964111 31.1212596893311 31.1342353820801 31.1559886932373 31.211217880249 31.222448348999 31.2392177581787 31.2756328582764 31.2841720581055 31.3012886047363 31.3458976745605 31.3531036376953 31.365140914917 31.403902053833 31.4113140106201 31.4179553985596 31.4473476409912 31.4513969421387 31.4590015411377 31.47145652771 31.4750080108643 31.4747467041016 31.4763164520264 -9999 -9999 -9999 -9999 -9999 -9999 -9999 -9999 -9999 -9999 -9999 -9999 -9999 -9999 -9999 -9999 -9999 -9999 -9999 -9999 -9999 -9999 -9999 -9999 -9999 -9999 -9999 -9999 -9999 -9999 -9999 -9999
31.0138130187988 31.0572357177734 31.0938186645508 31.1070404052734 31.1552619934082 31.180103302002 31.1954746246338 31.232458114624 31.2620048522949 31.2778358459473 31.3055820465088 31.3293724060059 31.3271713256836 31.3488693237305 31.3715572357178 31.3896427154541 31.4117889404297 31.4177875518799 31.4285449981689 31.4553756713867 31.4576797485352 31.4576988220215 31.4733219146729 31.4701328277588 31.4796142578125 31.4748840332031 -9999 -9999 -9999 -9999 -9999 -9999 -9999 -9999 -9999 -9999 -9999 -9999 -9999 -9999 -9999 -9999 -9999 -9999 -9999 -9999 -9999 -9999 -9999 -9999 -9999 -9999 -9999 -9999 -9999 -9999 -9999
31.0362701416016 31.0665760040283 31.0807266235352 31.1365375518799 31.1564254760742 31.1609287261963 31.2122859954834 31.2391147613525 31.2505664825439 31.2893867492676 31.3089008331299 31.321195602417 31.3542823791504 31.3464660644531 31.3623199462891 31.3955402374268 31.3991279602051 31.4133853912354 31.4286937713623 31.4334049224854 31.4410266876221 31.4526596069336 31.4552536010742 31.4630851745605 31.4727821350098 31.4755439758301 31.4802360534668 -9999 -9999 -9999 -9999 -9999 -9999 -9999 -9999 -9999 -9999 -9999 -9999 -9999 -9999 -9999 -9999 -9999 -9999 -9999 -9999 -9999 -9999 -9999 -9999 -9999 -9999 -9999 -9999 -9999 -9999
31.0515594482422 31.0740203857422 31.0865478515625 31.1468276977539 31.159065246582 31.1634674072266 31.2199211120605 31.2380790710449 31.2495803833008 31.2871570587158 31.2947635650635 31.3101997375488 31.3417205810547 31.334774017334 31.3430023193359 31.3718814849854 31.3759708404541 31.3818550109863 31.4071846008301 31.3988952636719 31.4038867950439 31.4201812744141 31.4254131317139 31.4242115020752 31.4341239929199 31.4381237030029 31.4457225799561 -9999 -9999 -9999 -9999 -9999 -9999 -9999 -9999 -9999 -9999 -9999 -9999 -9999 -9999 -9999 -9999 -9999 -9999 -9999 -9999 -9999 -9999 -9999 -9999 -9999 -9999 -9999 -9999 -9999 -9999
31.0563621520996 31.0859909057617 31.1200580596924 31.145881652832 31.1884841918945 31.2022953033447 31.2152214050293 31.2517356872559 31.2673072814941 31.280200958252 31.3046054840088 31.3257427215576 31.3354682922363 31.3490028381348 31.36696434021 31.3750305175781 31.3631019592285 31.3832550048828 31.3917598724365 31.4062309265137 31.4010791778564 31.4073429107666 31.4143524169922 31.4098339080811 31.4124031066895 31.4238719940186 31.437406539917 31.4456882476807 -9999 -9999 -9999 -9999 -9999 -9999 -9999 -9999 -9999 -9999 -9999 -9999 -9999 -9999 -9999 -9999 -9999 -9999 -9999 -9999 -9999 -9999 -9999 -9999 -9999 -9999 -9999 -9999 -9999
31.0606899261475 31.0975437164307 31.1127643585205 31.1696300506592 31.1918430328369 31.1953411102295 31.2355308532715 31.2485694885254 31.2563991546631 31.2903003692627 31.3070182800293 31.3181495666504 31.343376159668 31.3459529876709 31.3567123413086 31.3781890869141 31.3837909698486 31.3968048095703 31.4195175170898 31.4199676513672 31.4256114959717 31.4167137145996 31.4132976531982 31.398962020874 31.4095840454102 31.4265594482422 31.4377956390381 31.4531097412109 31.4596786499023 31.4640369415283 31.4844818115234 31.4874496459961 -9999 -9999 -9999 -9999 -9999 -9999 -9999 -9999 -9999 -9999 -9999 -9999 -9999 -9999 -9999 -9999 -9999 -9999 -9999 -9999 -9999 -9999 -9999 -9999 -9999
31.0714130401611 31.0887413024902 31.112434387207 31.1651630401611 31.1849346160889 31.185791015625 31.2295627593994 31.2363948822021 31.2431468963623 31.2768249511719 31.2850379943848 31.2998313903809 31.3249225616455 31.3302879333496 31.3378658294678 31.3603420257568 31.3662376403809 31.3707447052002 31.3985538482666 31.4010810852051 31.3917598724365 31.4014415740967 31.3787517547607 31.372709274292 31.3834266662598 31.3951587677002 31.4037742614746 31.419282913208 31.4249572753906 31.4322490692139 31.4525051116943 31.4590740203857 31.4616603851318 31.4728603363037 31.4883518218994 31.486177444458 31.4878921508789 31.4955139160156 31.5048446655273 -9999 -9999 -9999 -9999 -9999 -9999 -9999 -9999 -9999 -9999 -9999 -9999 -9999 -9999 -9999 -9999 -9999 -9999
31.0737342834473 31.1100482940674 31.1310348510742 31.1495819091797 31.1870136260986 31.2017478942871 31.2165031433105 31.2504081726074 31.2645874023438 31.263614654541 31.3029193878174 31.3136749267578 31.3234462738037 31.3456878662109 31.3512401580811 31.3514080047607 31.3568325042725 31.3780632019043 31.386510848999 31.3944034576416 31.3928318023682 31.3914985656738 31.3943672180176 31.3785133361816 31.3810520172119 31.3877487182617 31.4018135070801 31.4087543487549 31.4256229400635 31.4301795959473 31.4429607391357 31.457332611084 31.4616165161133 31.4763412475586 31.488187789917 31.4893398284912 31.4962749481201 31.5064964294434 31.5068435668945 31.5210514068604 31.5374660491943 31.5361938476562 31.5371723175049 -9999 -9999 -9999 -9999 -9999 -9999 -9999 -9999 -9999 -9999 -9999 -9999 -9999 -9999
31.0878429412842 31.1096382141113 31.1202640533447 31.1653842926025 31.1692142486572 31.1845474243164 31.2226734161377 31.2403354644775 31.2469463348389 31.2843475341797 31.2970390319824 31.3052215576172 31.3268165588379 31.3328704833984 31.3423252105713 31.3624172210693 31.3658695220947 31.3699378967285 31.3850135803223 31.3888130187988 31.3862609863281 31.3927173614502 31.393892288208 31.3929901123047 31.3978176116943 31.4013652801514 31.4075889587402 31.4216461181641 31.4265193939209 31.4343757629395 31.4391918182373 31.4459247589111 31.4585208892822 31.4729461669922 31.4766082763672 31.4798049926758 31.5023002624512 31.5098190307617 31.5035209655762 31.5191192626953 31.5243911743164 31.5397491455078 31.5477447509766 31.5519313812256 -9999 -9999 -9999 -9999 -9999 -9999 -9999 -9999 -9999 -9999 -9999 -9999 -9999
31.083423614502 31.0982513427734 31.1032886505127 31.1500854492188 31.1645793914795 31.1693744659424 31.2049255371094 31.2099323272705 31.2295074462891 31.2619075775146 31.2676639556885 31.2828750610352 31.3048286437988 31.3114471435547 31.3226566314697 31.343692779541 31.3495750427246 31.3505878448486 31.3640308380127 31.3690166473389 31.3607845306396 31.3647613525391 31.3627300262451 31.3620357513428 31.3649635314941 31.367395401001 31.3696517944336 31.3820819854736 31.3856983184814 31.3910655975342 31.4053020477295 31.419376373291 31.4158172607422 31.4310321807861 31.4390544891357 31.4413719177246 31.4643001556396 31.4718112945557 31.4757766723633 31.4951305389404 31.5006904602051 31.4957866668701 31.5097732543945 31.5109729766846 31.5132961273193 -9999 -9999 -9999 -9999 -9999 -9999 -9999 -9999 -9999 -9999 -9999 -9999
31.0708408355713 31.0936870574951 31.1169166564941 31.1323337554932 31.1557750701904 31.1755962371826 31.1866550445557 31.217622756958 31.2430324554443 31.2540645599365 31.2611141204834 31.2808933258057 31.2867851257324 31.3089218139648 31.3272075653076 31.3395881652832 31.3560924530029 31.3520927429199 31.3588371276855 31.3713054656982 31.3598251342773 31.3580226898193 31.3516387939453 31.3603610992432 31.3576717376709 31.3581600189209 31.3700065612793 31.3744087219238 31.3831615447998 31.385232925415 31.3903942108154 31.4145736694336 31.414945602417 31.4222545623779 31.4296474456787 31.4377384185791 31.4513683319092 31.4666538238525 31.4717979431152 31.4789409637451 31.4996604919434 31.4900550842285 31.4957466125488 31.5152492523193 31.5117321014404 31.5158729553223 -9999 -9999 -9999 -9999 -9999 -9999 -9999 -9999 -9999 -9999 -9999
31.0877571105957 31.0984745025635 31.1034450531006 31.1428871154785 31.1585292816162 31.1696090698242 31.208667755127 31.2153339385986 31.2269325256348 31.2586059570312 31.2689723968506 31.2739429473877 31.2899589538574 31.3014163970947 31.31516456604 31.3406085968018 31.3502712249756 31.3566722869873 31.3577785491943 31.3632869720459 31.3556842803955 31.3548564910889 31.3553009033203 31.3566913604736 31.3564338684082 31.3569755554199 31.3591461181641 31.3626327514648 31.3663349151611 31.3735809326172 31.395528793335 31.3989791870117 31.3984680175781 31.4139823913574 31.4186992645264 31.4247093200684 31.4395008087158 31.4469261169434 31.4537181854248 31.4661998748779 31.4700355529785 31.4733600616455 31.4874057769775 31.4896984100342 31.4920177459717 31.5053272247314 -9999 -9999 -9999 -9999 -9999 -9999 -9999 -9999 -9999 -9999 -9999
31.0776519775391 31.0829563140869 31.1003532409668 31.1274490356445 31.1373252868652 31.1564617156982 31.1897869110107 31.204418182373 31.2090930938721 31.2413921356201 31.2528877258301 31.2597370147705 31.2791614532471 31.2866477966309 31.3002300262451 31.3251399993896 31.3313217163086 31.3397159576416 31.3504123687744 31.3427772521973 31.3434734344482 31.3427677154541 31.3414916992188 31.3289661407471 31.3269062042236 31.3221950531006 31.3198566436768 31.3206691741943 31.3235569000244 31.3391132354736 31.3496112823486 31.3495407104492 31.355152130127 31.3712196350098 31.3788604736328 31.3826007843018 31.3888187408447 31.4003734588623 31.4026756286621 31.4131393432617 31.4175510406494 31.4237480163574 31.4368057250977 31.4338722229004 31.4398174285889 31.4546966552734 31.4618892669678 -9999 -9999 -9999 -9999 -9999 -9999 -9999 -9999 -9999 -9999
31.0651321411133 31.080696105957 31.1096076965332 31.1211261749268 31.1303215026855 31.1617164611816 31.1746921539307 31.1914386749268 31.215124130249 31.2255744934082 31.2446422576904 31.2645854949951 31.2748126983643 31.2887649536133 31.3088245391846 31.3162803649902 31.3358688354492 31.3387680053711 31.3442039489746 31.3548545837402 31.3414249420166 31.347261428833 31.3416061401367 31.3336658477783 31.3307342529297 31.3223400115967 31.3219184875488 31.3129100799561 31.3229503631592 31.3302516937256 31.3336334228516 31.329216003418 31.3463573455811 31.3553237915039 31.3649196624756 31.3762397766113 31.383243560791 31.3949546813965 31.395227432251 31.3948459625244 31.3985061645508 31.4105472564697 31.4146785736084 31.4029006958008 31.4269828796387 31.4356822967529 31.4367408752441 31.4614887237549 -9999 -9999 -9999 -9999 -9999 -9999 -9999 -9999 -9999
31.0756092071533 31.0892391204834 31.0972385406494 31.1378364562988 31.1427783966064 31.1495094299316 31.1864681243896 31.2012786865234 31.2044086456299 31.2355670928955 31.2475814819336 31.2555618286133 31.2836322784424 31.2905578613281 31.3035621643066 31.3234252929688 31.3298892974854 31.3355102539062 31.343204498291 31.3454475402832 31.3481140136719 31.3424854278564 31.3441257476807 31.3376502990723 31.3274307250977 31.3222961425781 31.3189182281494 31.3109073638916 31.3153400421143 31.3192310333252 31.3237075805664 31.3291091918945 31.3320693969727 31.3467273712158 31.3542346954346 31.364372253418 31.3804950714111 31.3800506591797 31.3792591094971 31.3887214660645 31.3927745819092 31.3942623138428 31.4065971374512 31.4101142883301 31.412633895874 31.4316387176514 31.4418601989746 31.4583072662354 31.472188949585 -9999 -9999 -9999 -9999 -9999 -9999 -9999 -9999
31.075403213501 31.0834045410156 31.0974731445312 31.1369361877441 31.1515808105469 31.1645107269287 31.1855964660645 31.1928863525391 31.214319229126 31.2450408935547 31.2532539367676 31.2470207214355 31.2750434875488 31.2856578826904 31.2927494049072 31.3203239440918 31.3236885070801 31.3199653625488 31.3249397277832 31.3269214630127 31.326831817627 31.3230266571045 31.3241329193115 31.3381023406982 31.3124771118164 31.2979984283447 31.2882099151611 31.2780170440674 31.2804107666016 31.2837448120117 31.2873134613037 31.289514541626 31.2943859100342 31.3087768554688 31.3197574615479 31.3354320526123 31.351526260376 31.3425369262695 31.3412952423096 31.3517990112305 31.355899810791 31.3577842712402 31.3714656829834 31.374397277832 31.3760776519775 31.3958530426025 31.4136295318604 31.4394664764404 31.4525032043457 -9999 -9999 -9999 -9999 -9999 -9999 -9999 -9999
31.0670070648193 31.0823554992676 31.1138591766357 31.1291332244873 31.1603698730469 31.1811695098877 31.1890048980713 31.2007789611816 31.2270851135254 31.2391605377197 31.2568130493164 31.2707576751709 31.275541305542 31.2966423034668 31.3049335479736 31.3155632019043 31.3418960571289 31.3362007141113 31.3233203887939 31.3279590606689 31.319709777832 31.3204765319824 31.3267555236816 31.3266448974609 31.3201465606689 31.2971363067627 31.2928771972656 31.2716503143311 31.2728366851807 31.287504196167 31.2848739624023 31.2728633880615 31.285982131958 31.292854309082 31.2848262786865 31.3256034851074 31.3324317932129 31.3140983581543 31.3462600708008 31.3508586883545 31.3433399200439 31.3549766540527 31.3600845336914 31.3562717437744 31.3726463317871 31.3835391998291 31.3928356170654 31.4291954040527 31.4338150024414 31.4185085296631 -9999 -9999 -9999 -9999 -9999 -9999 -9999
31.0824241638184 31.0904369354248 31.1075859069824 31.1477279663086 31.1556797027588 31.1846027374268 31.2062244415283 31.2188491821289 31.2329769134521 31.2518863677979 31.2571353912354 31.2702903747559 31.2860050201416 31.2971801757812 31.3024768829346 31.3222255706787 31.3264846801758 31.3327121734619 31.328052520752 31.3201198577881 31.3212871551514 31.315788269043 31.3172817230225 31.3159713745117 31.3028221130371 31.2982788085938 31.293004989624 31.2822532653809 31.2847003936768 31.2862129211426 31.2852439880371 31.2869510650635 31.2966480255127 31.2960948944092 31.304515838623 31.3117637634277 31.3287792205811 31.3399353027344 31.3426952362061 31.3626403808594 31.3630752563477 31.3653297424316 31.3763904571533 31.3780460357666 31.3780460357666 31.3935794830322 31.4005489349365 31.4020519256592 31.4116592407227 31.4049892425537 31.3981456756592 -9999 -9999 -9999 -9999 -9999 -9999
31.0993576049805 31.10959815979 31.1280746459961 31.1689872741699 31.1954288482666 31.189416885376 31.2212333679199 31.2360858917236 31.2410583496094 31.2659473419189 31.2704792022705 31.2794456481934 31.2928638458252 31.2975807189941 31.3019027709961 31.3137969970703 31.3158493041992 31.3161716461182 31.3131885528564 31.3036441802979 31.3117961883545 31.3019828796387 31.3010559082031 31.2979202270508 31.2836399078369 31.2790184020996 31.2773838043213 31.2680149078369 31.2667407989502 31.2739715576172 31.2784557342529 31.2778816223145 31.2819366455078 31.2940120697021 31.2864818572998 31.2898330688477 31.3213119506836 31.3262920379639 31.3286457061768 31.3434867858887 31.3465614318848 31.3502311706543 31.3548336029053 31.3538112640381 31.3569927215576 31.3669319152832 31.3724632263184 31.3750877380371 31.3671550750732 31.3635730743408 31.3568649291992 -9999 -9999 -9999 -9999 -9999 -9999
31.0966320037842 31.1152057647705 31.1469249725342 31.1687507629395 31.2007999420166 31.213171005249 31.2266693115234 31.2476596832275 31.2552127838135 31.2631340026855 31.2786140441895 31.2918376922607 31.3046188354492 31.3120956420898 31.3197917938232 31.324893951416 31.3279685974121 31.32497215271 31.3293724060059 31.3293132781982 31.3163070678711 31.3134174346924 31.3003330230713 31.3004360198975 31.2931632995605 31.2727870941162 31.2832527160645 31.2829513549805 31.2734413146973 31.2850456237793 31.2964267730713 31.2927932739258 31.3026561737061 31.3083801269531 31.3094367980957 31.3032417297363 31.3147735595703 31.3297882080078 31.3334445953369 31.3393249511719 31.3584671020508 31.3493804931641 31.3498115539551 31.3599185943604 31.3551826477051 31.3580837249756 31.369556427002 31.3647499084473 31.3635559082031 31.3483257293701 31.3599834442139 31.3584098815918 -9999 -9999 -9999 -9999 -9999
31.112548828125 31.1316318511963 31.1445999145508 31.1868553161621 31.2070198059082 31.207935333252 31.2491569519043 31.2407932281494 31.2541389465332 31.275972366333 31.2804508209229 31.2940196990967 31.3125667572021 31.3196582794189 31.3222999572754 31.328218460083 31.330717086792 31.327522277832 31.3373241424561 31.3332633972168 31.3287010192871 31.3124389648438 31.3104267120361 31.3059005737305 31.2942276000977 31.2873878479004 31.2877407073975 31.2844505310059 31.2848606109619 31.2875747680664 31.299898147583 31.2986793518066 31.3011417388916 31.3106365203857 31.3257141113281 31.3149700164795 31.33229637146 31.3357009887695 31.3422527313232 31.3537979125977 31.3596019744873 31.355770111084 31.3604755401611 31.3614368438721 31.3606910705566 31.3640289306641 31.3691444396973 31.3686809539795 31.3697566986084 31.3760929107666 31.3655529022217 31.3690414428711 -9999 -9999 -9999 -9999 -9999
31.1255168914795 31.1385040283203 31.1573657989502 31.1998329162598 31.213436126709 31.2315578460693 31.2536582946777 31.2665824890137 31.2736339569092 31.2949752807617 31.3105278015137 31.3173408508301 31.3218688964844 31.3244457244873 31.3246269226074 31.3278961181641 31.3300266265869 31.333625793457 31.3272171020508 31.3348522186279 31.3295860290527 31.3223876953125 31.3116569519043 31.3094863891602 31.2975635528564 31.2928676605225 31.2933082580566 31.2905960083008 31.2908325195312 31.2898235321045 31.288610458374 31.3038330078125 31.3113956451416 31.3187828063965 31.3173675537109 31.3200511932373 31.3147048950195 31.3172359466553 31.3186359405518 31.3286685943604 31.3304138183594 31.3282489776611 31.3367080688477 31.3388862609863 31.339319229126 31.3417358398438 31.3403797149658 31.3384475708008 31.3442897796631 31.3400993347168 31.3385543823242 31.3323230743408 31.3316287994385 -9999 -9999 -9999 -9999
31.1259117126465 31.1394596099854 31.1745090484619 31.192684173584 31.2300586700439 31.2469749450684 31.2539081573486 31.2859153747559 31.2976474761963 31.3050689697266 31.323673248291 31.3242473602295 31.3215255737305 31.3318271636963 31.3287601470947 31.3322143554688 31.3407726287842 31.3412094116211 31.3345508575439 31.3346710205078 31.3288345336914 31.3266201019287 31.3254585266113 31.308443069458 31.3139038085938 31.3041648864746 31.3087482452393 31.3098945617676 31.3093547821045 31.3079776763916 31.3023509979248 31.3152751922607 31.3154945373535 31.3163032531738 31.3153743743896 31.3213710784912 31.319787979126 31.3189582824707 31.3197498321533 31.3220062255859 31.3285789489746 31.3439598083496 31.3445281982422 31.3342971801758 31.3325233459473 31.331090927124 31.3360424041748 31.3376750946045 31.3308086395264 31.3243618011475 31.3295841217041 31.3311805725098 31.3223934173584 31.3313598632812 -9999 -9999 -9999
31.1484889984131 31.1660099029541 31.1674098968506 31.2106895446777 31.2217960357666 31.2402057647705 31.2786388397217 31.2816867828369 31.2925720214844 31.31201171875 31.3171615600586 31.3245124816895 31.331148147583 31.3345184326172 31.3278522491455 31.3331356048584 31.3388862609863 31.3427467346191 31.3487129211426 31.3316020965576 31.3308238983154 31.326114654541 31.3298091888428 31.3287868499756 31.3203735351562 31.3204689025879 31.314640045166 31.3092422485352 31.3103885650635 31.3125610351562 31.3165340423584 31.3131084442139 31.3136138916016 31.3129711151123 31.3121681213379 31.3130722045898 31.3165626525879 31.3221454620361 31.3254318237305 31.3302688598633 31.3310089111328 31.3350601196289 31.3349895477295 31.3360004425049 31.3357448577881 31.3207035064697 31.3221378326416 31.3181991577148 31.3159675598145 31.3137722015381 31.3138160705566 31.318717956543 31.311243057251 31.3058834075928 -9999 -9999 -9999
31.1650505065918 31.1787242889404 31.1862659454346 31.2269229888916 31.2338905334473 31.2424087524414 31.2807292938232 31.2932510375977 31.2928924560547 31.3112506866455 31.3157138824463 31.3211364746094 31.3267040252686 31.3269062042236 31.3273906707764 31.3312759399414 31.3313446044922 31.3357620239258 31.3421478271484 31.3396816253662 31.3330078125 31.3301181793213 31.3327293395996 31.3275947570801 31.3201465606689 31.3239307403564 31.3247203826904 31.3190460205078 31.3143920898438 31.310209274292 31.3120632171631 31.3083782196045 31.3003768920898 31.2988452911377 31.296443939209 31.2973079681396 31.2994747161865 31.2998294830322 31.3045406341553 31.3085479736328 31.3068771362305 31.3064289093018 31.3068790435791 31.3044300079346 31.3007354736328 31.2973785400391 31.2838325500488 31.2768630981445 31.2749195098877 31.2714347839355 31.2740497589111 31.2796058654785 31.2704315185547 31.2777290344238 31.2887783050537 -9999 -9999
