G_variables/Set1/RCP8_2050/Sur_sal_min.asc
NCOLS 229 
NROWS 147 
XLLCORNER -101.25 
YLLCORNER 14.3333333333333 
CELLSIZE 0.0833333333333333 
NODATA_value -9999 
[rows 78 to 103 of 147, columns 171 to 227 of 229]
35.5155029296875 35.5096244812012 35.5191841125488 35.5201187133789 35.5150985717773 35.5143051147461 35.5089874267578 35.481502532959 35.4701652526855 35.4692573547363 35.4651985168457 35.4776611328125 35.4883079528809 35.5131568908691 35.5319633483887 35.5329704284668 35.5335731506348 35.5080146789551 35.4983673095703 35.4737701416016 35.4459991455078 35.4312400817871 35.410961151123 35.3906784057617 -9999 -9999 -9999 -9999 -9999 -9999 -9999 -9999 -9999 -9999 -9999 -9999 -9999 -9999 -9999 -9999 -9999 -9999 -9999 -9999 -9999 -9999 -9999 -9999 -9999 -9999 -9999 -9999 -9999 -9999 -9999 -9999 -9999
35.5119590759277 35.5039825439453 35.5157318115234 35.512809753418 35.5093002319336 35.5051383972168 35.4978675842285 35.4808616638184 35.4675369262695 35.4637451171875 35.462158203125 35.4699096679688 35.4804763793945 35.5036964416504 35.5196838378906 35.5294609069824 35.526554107666 35.5162887573242 35.4938507080078 35.4711608886719 35.4456825256348 35.4326057434082 35.4074287414551 35.3906326293945 35.3842010498047 -9999 -9999 -9999 -9999 -9999 -9999 -9999 -9999 -9999 -9999 -9999 -9999 -9999 -9999 -9999 -9999 -9999 -9999 -9999 -9999 -9999 -9999 -9999 -9999 -9999 -9999 -9999 -9999 -9999 -9999 -9999 -9999
35.5055503845215 35.5024452209473 35.4972839355469 35.5019607543945 35.4991569519043 35.4880142211914 35.4841079711914 35.474494934082 35.4539985656738 35.4508285522461 35.4561538696289 35.4661865234375 35.4734954833984 35.4953727722168 35.5142822265625 35.5158271789551 35.5136489868164 35.5089073181152 35.5012397766113 35.4718360900879 35.4507713317871 35.4446487426758 35.4202575683594 35.4017868041992 35.3926239013672 35.3962249755859 -9999 -9999 -9999 -9999 -9999 -9999 -9999 -9999 -9999 -9999 -9999 -9999 -9999 -9999 -9999 -9999 -9999 -9999 -9999 -9999 -9999 -9999 -9999 -9999 -9999 -9999 -9999 -9999 -9999 -9999 -9999
35.4965858459473 35.4880447387695 35.481861114502 35.4744071960449 35.4861793518066 35.4805450439453 35.4745483398438 35.4494247436523 35.4337043762207 35.4269638061523 35.4284706115723 35.4410743713379 35.4540672302246 35.4981689453125 35.5277366638184 35.5336761474609 35.5311965942383 35.5135917663574 35.5089073181152 35.4895820617676 35.4641380310059 35.4479293823242 35.4295806884766 35.4030876159668 35.3954200744629 35.3869552612305 35.3795585632324 -9999 -9999 -9999 -9999 -9999 -9999 -9999 -9999 -9999 -9999 -9999 -9999 -9999 -9999 -9999 -9999 -9999 -9999 -9999 -9999 -9999 -9999 -9999 -9999 -9999 -9999 -9999 -9999 -9999 -9999
35.4911041259766 35.4803619384766 35.4713478088379 35.4659423828125 35.4694938659668 35.4707908630371 35.4593048095703 35.4432106018066 35.4168014526367 35.4144554138184 35.4174118041992 35.4321556091309 35.4565544128418 35.4963455200195 35.5244560241699 35.5379905700684 35.5322227478027 35.5179443359375 35.5039100646973 35.4900703430176 35.4664497375488 35.4511909484863 35.420783996582 35.4038352966309 35.3940620422363 35.3831443786621 35.3832168579102 -9999 -9999 -9999 -9999 -9999 -9999 -9999 -9999 -9999 -9999 -9999 -9999 -9999 -9999 -9999 -9999 -9999 -9999 -9999 -9999 -9999 -9999 -9999 -9999 -9999 -9999 -9999 -9999 -9999 -9999
35.4911422729492 35.4750328063965 35.4616203308105 35.4581642150879 35.450267791748 35.4424133300781 35.4346618652344 35.4237174987793 35.4136047363281 35.4115219116211 35.4259872436523 35.4453048706055 35.4563751220703 35.4846038818359 35.5132904052734 35.5181159973145 35.5213470458984 35.5199394226074 35.5109786987305 35.4839286804199 35.4725914001465 35.4588508605957 35.4308586120605 35.4089050292969 35.4041976928711 35.3948707580566 35.3879585266113 35.3885231018066 -9999 -9999 -9999 -9999 -9999 -9999 -9999 -9999 -9999 -9999 -9999 -9999 -9999 -9999 -9999 -9999 -9999 -9999 -9999 -9999 -9999 -9999 -9999 -9999 -9999 -9999 -9999 -9999 -9999
35.4895286560059 35.4674758911133 35.4551277160645 35.4515113830566 35.4443778991699 35.4331245422363 35.4253807067871 35.4070358276367 35.3957138061523 35.3907051086426 35.4031372070312 35.434139251709 35.4554901123047 35.4947853088379 35.5295486450195 35.5407028198242 35.5384750366211 35.5239753723145 35.5043449401855 35.4833564758301 35.4685287475586 35.4560127258301 35.434253692627 35.4101181030273 35.3999176025391 35.3958206176758 35.3876762390137 35.3877716064453 35.3766746520996 35.3665199279785 35.3675880432129 35.356861114502 -9999 -9999 -9999 -9999 -9999 -9999 -9999 -9999 -9999 -9999 -9999 -9999 -9999 -9999 -9999 -9999 -9999 -9999 -9999 -9999 -9999 -9999 -9999 -9999 -9999
35.481990814209 35.4650344848633 35.4523811340332 35.4433937072754 35.4388999938965 35.4261131286621 35.4167137145996 35.4015502929688 35.386474609375 35.3894653320312 35.399772644043 35.4267921447754 35.4532241821289 35.4926071166992 35.5294456481934 35.5416526794434 35.5378227233887 35.5249633789062 35.5088996887207 35.4841842651367 35.4716567993164 35.4559555053711 35.4368095397949 35.4217376708984 35.4129333496094 35.3975982666016 35.3915367126465 35.3854866027832 35.3740463256836 35.3675765991211 35.3560371398926 35.3497505187988 35.3322257995605 35.3155097961426 35.3107490539551 35.302547454834 35.3073196411133 35.3380355834961 35.3562927246094 -9999 -9999 -9999 -9999 -9999 -9999 -9999 -9999 -9999 -9999 -9999 -9999 -9999 -9999 -9999 -9999 -9999 -9999
35.4839401245117 35.4674873352051 35.4453086853027 35.4404067993164 35.4270095825195 35.4160118103027 35.4070167541504 35.3993644714355 35.3933944702148 35.3919906616211 35.410327911377 35.435432434082 35.4475212097168 35.483154296875 35.5166549682617 35.5242652893066 35.5219078063965 35.524169921875 35.5112228393555 35.4897880554199 35.4751052856445 35.466796875 35.443603515625 35.4304847717285 35.4255180358887 35.409538269043 35.3972969055176 35.3939590454102 35.3763847351074 35.3600654602051 35.3551750183105 35.3364944458008 35.3148155212402 35.3092765808105 35.2998123168945 35.2892723083496 35.2905616760254 35.3102874755859 35.325080871582 35.3339576721191 35.357048034668 35.3734359741211 35.3781318664551 -9999 -9999 -9999 -9999 -9999 -9999 -9999 -9999 -9999 -9999 -9999 -9999 -9999 -9999
35.4756507873535 35.4536514282227 35.4403762817383 35.4329681396484 35.4153175354004 35.4119567871094 35.3981895446777 35.3834915161133 35.3793563842773 35.3748207092285 35.3940811157227 35.4258232116699 35.450496673584 35.49365234375 35.5247230529785 35.5390777587891 35.5492210388184 35.5331802368164 35.5149879455566 35.4953384399414 35.4795684814453 35.46533203125 35.4459915161133 35.430908203125 35.4177932739258 35.4050445556641 35.3960571289062 35.3880310058594 35.3741340637207 35.355411529541 35.3532333374023 35.3320541381836 35.3109741210938 35.2994537353516 35.279296875 35.2676773071289 35.2710914611816 35.2759170532227 35.2927932739258 35.3073806762695 35.3336715698242 35.3586044311523 35.3658676147461 35.3680763244629 -9999 -9999 -9999 -9999 -9999 -9999 -9999 -9999 -9999 -9999 -9999 -9999 -9999
35.4696922302246 35.4506568908691 35.4362297058105 35.4264907836914 35.4188194274902 35.4122619628906 35.4026374816895 35.3804702758789 35.3692436218262 35.3767242431641 35.3923568725586 35.422794342041 35.4477920532227 35.4906578063965 35.5255241394043 35.5399742126465 35.5479736328125 35.5387306213379 35.520938873291 35.4954414367676 35.4814109802246 35.4649696350098 35.4458465576172 35.4302558898926 35.419246673584 35.4039039611816 35.3940887451172 35.3859825134277 35.371509552002 35.3578186035156 35.342113494873 35.3231239318848 35.3089370727539 35.2947158813477 35.2770690917969 35.2645263671875 35.2597465515137 35.2709884643555 35.2791938781738 35.2947387695312 35.3254737854004 35.347038269043 35.353343963623 35.3576393127441 35.3619384765625 -9999 -9999 -9999 -9999 -9999 -9999 -9999 -9999 -9999 -9999 -9999 -9999
35.4629783630371 35.4478454589844 35.4277725219727 35.4230842590332 35.4122581481934 35.4014358520508 35.3933143615723 35.3847923278809 35.3828010559082 35.3838577270508 35.4083976745605 35.4354858398438 35.443733215332 35.481086730957 35.518985748291 35.5261192321777 35.5320358276367 35.5352325439453 35.5221824645996 35.4962959289551 35.4818267822266 35.4728736877441 35.4495735168457 35.4274597167969 35.4211730957031 35.4041213989258 35.3867340087891 35.3819236755371 35.3657150268555 35.3491821289062 35.3413505554199 35.3181266784668 35.3020782470703 35.2956428527832 35.2764129638672 35.2650756835938 35.2633666992188 35.2691650390625 35.2769050598145 35.2833213806152 35.3030815124512 35.3161506652832 35.3236541748047 35.3246459960938 35.3201560974121 35.3196411132812 -9999 -9999 -9999 -9999 -9999 -9999 -9999 -9999 -9999 -9999 -9999
35.4390487670898 35.4225692749023 35.4124374389648 35.4029541015625 35.3930549621582 35.3867301940918 35.3688316345215 35.3623428344727 35.3710136413574 35.3751335144043 35.3977966308594 35.430965423584 35.4492454528809 35.4936790466309 35.5295066833496 35.5444374084473 35.5529823303223 35.5448951721191 35.5234642028809 35.5021286010742 35.4846649169922 35.4690322875977 35.4455108642578 35.4246215820312 35.4117164611816 35.3975944519043 35.3852691650391 35.3737945556641 35.362850189209 35.3495254516602 35.335075378418 35.3165969848633 35.3036003112793 35.2893981933594 35.2733154296875 35.2648582458496 35.2574501037598 35.2588882446289 35.2685012817383 35.2814559936523 35.2893676757812 35.2906608581543 35.3010139465332 35.2946166992188 35.281364440918 35.2798843383789 -9999 -9999 -9999 -9999 -9999 -9999 -9999 -9999 -9999 -9999 -9999
35.430248260498 35.4127578735352 35.3945236206055 35.3975868225098 35.3832359313965 35.3733062744141 35.3652763366699 35.361198425293 35.3675727844238 35.377311706543 35.3991737365723 35.4347610473633 35.4578666687012 35.4975929260254 35.5325355529785 35.5462379455566 35.5533905029297 35.5433731079102 35.5250549316406 35.5008697509766 35.4759635925293 35.4576454162598 35.4340133666992 35.4219589233398 35.4073028564453 35.394588470459 35.3827323913574 35.3721580505371 35.3610534667969 35.3456573486328 35.3325233459473 35.3147010803223 35.2968368530273 35.2873153686523 35.2694206237793 35.262809753418 35.2603797912598 35.2660675048828 35.2720413208008 35.2703590393066 35.28515625 35.2800407409668 35.2739181518555 35.2835502624512 35.2628593444824 35.2620277404785 35.2699241638184 -9999 -9999 -9999 -9999 -9999 -9999 -9999 -9999 -9999 -9999
35.3997116088867 35.4015197753906 35.3848762512207 35.3821067810059 35.3796043395996 35.3631858825684 35.3598976135254 35.3659553527832 35.3817253112793 35.3843231201172 35.4146156311035 35.4467163085938 35.4584503173828 35.4944381713867 35.5282325744629 35.5330657958984 35.5347785949707 35.535831451416 35.5221519470215 35.4984436035156 35.4705505371094 35.4586906433105 35.4335327148438 35.4151878356934 35.4089813232422 35.3930206298828 35.3773078918457 35.3724555969238 35.3553199768066 35.3389511108398 35.3313293457031 35.3105316162109 35.2952156066895 35.2881050109863 35.2741394042969 35.2702217102051 35.2697868347168 35.2690658569336 35.2724075317383 35.2739753723145 35.2625350952148 35.2573509216309 35.2578926086426 35.2480201721191 35.2479095458984 35.2469291687012 35.246955871582 35.248176574707 -9999 -9999 -9999 -9999 -9999 -9999 -9999 -9999 -9999
35.3831825256348 35.3779373168945 35.380256652832 35.3674964904785 35.3673324584961 35.3588790893555 35.3542633056641 35.3498115539551 35.3676872253418 35.3774642944336 35.397403717041 35.4355964660645 35.4622955322266 35.49609375 35.5313529968262 35.5441284179688 35.5443229675293 35.539680480957 35.5208930969238 35.4963607788086 35.4684410095215 35.4485015869141 35.4214210510254 35.4069175720215 35.3959732055664 35.3846206665039 35.3760871887207 35.3700180053711 35.3563804626465 35.3425559997559 35.3275947570801 35.3148155212402 35.2992515563965 35.2871322631836 35.2805633544922 35.2779731750488 35.2744598388672 35.2710151672363 35.2739372253418 35.2774963378906 35.2626838684082 35.2514305114746 35.2504615783691 35.2458190917969 35.2424850463867 35.2382392883301 35.2465744018555 35.2568969726562 35.2602958679199 -9999 -9999 -9999 -9999 -9999 -9999 -9999 -9999
35.3655433654785 35.3705825805664 35.363109588623 35.3647041320801 35.3663024902344 35.3590049743652 35.3514175415039 35.3480224609375 35.3563995361328 35.3649940490723 35.3878173828125 35.4327278137207 35.4565963745117 35.4936561584473 35.5258522033691 35.5369338989258 35.537654876709 35.5327415466309 35.5174331665039 35.4937629699707 35.4630546569824 35.4442672729492 35.4151000976562 35.3819885253906 35.3819160461426 35.3794288635254 35.3730735778809 35.3682518005371 35.3552436828613 35.340503692627 35.3313369750977 35.3182754516602 35.2996215820312 35.2944374084473 35.281608581543 35.2808151245117 35.273120880127 35.2701721191406 35.2788009643555 35.2720260620117 35.2600402832031 35.2493629455566 35.2487754821777 35.2437210083008 35.237247467041 35.2413597106934 35.2493286132812 35.2635231018066 35.2698936462402 -9999 -9999 -9999 -9999 -9999 -9999 -9999 -9999
35.350830078125 35.3559226989746 35.3587074279785 35.3578605651855 35.360481262207 35.3540420532227 35.3520584106445 35.3565711975098 35.359561920166 35.362922668457 35.3940773010254 35.4212684631348 35.4391479492188 35.4762573242188 35.5049743652344 35.5096054077148 35.5150375366211 35.5128211975098 35.507007598877 35.4889717102051 35.4552040100098 35.4426879882812 35.4118194580078 35.3796424865723 35.374267578125 35.3683433532715 35.3576622009277 35.367301940918 35.3461112976074 35.3346252441406 35.327766418457 35.3124465942383 35.3087882995605 35.3061599731445 35.2951126098633 35.2887115478516 35.2864227294922 35.2742156982422 35.2637825012207 35.262134552002 35.2581443786621 35.2508773803711 35.2474517822266 35.2435760498047 35.2439880371094 35.2476348876953 35.2566184997559 35.2697296142578 35.2742118835449 35.2798805236816 -9999 -9999 -9999 -9999 -9999 -9999 -9999
35.3348236083984 35.3533554077148 35.3659858703613 35.3677749633789 35.3604545593262 35.3438377380371 35.3449554443359 35.3378944396973 35.3451690673828 35.3494415283203 35.3648071289062 35.3950080871582 35.4263000488281 35.452823638916 35.4871444702148 35.4995536804199 35.4984893798828 35.5034790039062 35.4891471862793 35.4758491516113 35.4574012756348 35.4291229248047 35.4089584350586 35.3894119262695 35.3781890869141 35.3709449768066 35.3608894348145 35.3587684631348 35.3500595092773 35.3390960693359 35.3261566162109 35.3170280456543 35.3099937438965 35.3105659484863 35.2972869873047 35.2969131469727 35.2926712036133 35.2657852172852 35.2547874450684 35.2528915405273 35.2359924316406 35.2380752563477 35.2317733764648 35.228343963623 35.2344741821289 35.2372741699219 35.2386283874512 35.2608299255371 35.2672538757324 35.264762878418 35.2868423461914 -9999 -9999 -9999 -9999 -9999 -9999
35.3279228210449 35.346851348877 35.3602905273438 35.3606071472168 35.3519744873047 35.3434295654297 35.3366394042969 35.333683013916 35.337215423584 35.3402214050293 35.3619041442871 35.3891716003418 35.4081993103027 35.444580078125 35.4724349975586 35.4831886291504 35.4944915771484 35.4844856262207 35.4836959838867 35.4701080322266 35.4423522949219 35.4357376098633 35.4168586730957 35.3975372314453 35.3848609924316 35.3747367858887 35.3632774353027 35.3611640930176 35.3515434265137 35.338077545166 35.3295631408691 35.3164367675781 35.3114471435547 35.3031158447266 35.3003997802734 35.3022422790527 35.2854614257812 35.2660942077637 35.2549438476562 35.2474212646484 35.2362365722656 35.2264785766602 35.2301139831543 35.2281074523926 35.2305107116699 35.2316665649414 35.2332191467285 35.243896484375 35.2579460144043 35.2608261108398 35.2831573486328 -9999 -9999 -9999 -9999 -9999 -9999
35.3358535766602 35.3429756164551 35.3505592346191 35.3476943969727 35.344425201416 35.3438606262207 35.3394432067871 35.339038848877 35.3355941772461 35.3368682861328 35.3599891662598 35.3744125366211 35.3762702941895 35.4070777893066 35.4274826049805 35.4316940307617 35.4470329284668 35.4502754211426 35.4416198730469 35.432445526123 35.431755065918 35.4263801574707 35.4157066345215 35.3990364074707 35.3892707824707 35.3754272460938 35.3628120422363 35.3566741943359 35.3437461853027 35.3281097412109 35.3233833312988 35.3075218200684 35.2952003479004 35.2923164367676 35.2866897583008 35.2855186462402 35.2806663513184 35.2623901367188 35.2418937683105 35.2383651733398 35.2324180603027 35.2233200073242 35.2240447998047 35.2286415100098 35.2241020202637 35.2260665893555 35.233325958252 35.2301254272461 35.2349967956543 35.2652626037598 35.2609634399414 35.2626686096191 -9999 -9999 -9999 -9999 -9999
35.3367958068848 35.3457450866699 35.3514442443848 35.3545989990234 35.3476753234863 35.3404083251953 35.3289222717285 35.325023651123 35.321044921875 35.3274383544922 35.3342895507812 35.3470039367676 35.360652923584 35.3751258850098 35.3940582275391 35.4061622619629 35.4129104614258 35.4247436523438 35.4102210998535 35.4005813598633 35.4139747619629 35.4109191894531 35.3930015563965 35.3978538513184 35.3831443786621 35.3631019592285 35.364330291748 35.3534812927246 35.3351135253906 35.328483581543 35.3208999633789 35.2996139526367 35.291088104248 35.2854995727539 35.268871307373 35.2696228027344 35.2588920593262 35.2345428466797 35.2110481262207 35.2023620605469 35.1946601867676 35.1973609924316 35.1976318359375 35.1920013427734 35.201847076416 35.2034606933594 35.1925010681152 35.1972351074219 35.2031860351562 35.2004356384277 35.2174339294434 35.2225646972656 -9999 -9999 -9999 -9999 -9999
35.3364410400391 35.3435173034668 35.3539085388184 35.355224609375 35.3480033874512 35.3356971740723 35.3330116271973 35.3191833496094 35.3194885253906 35.3171157836914 35.323902130127 35.3353614807129 35.3388938903809 35.3651847839355 35.3834190368652 35.3877029418945 35.40673828125 35.3971786499023 35.395149230957 35.3935279846191 35.3954467773438 35.3941192626953 35.3893699645996 35.3856811523438 35.3808250427246 35.3639717102051 35.3593368530273 35.3534965515137 35.3370590209961 35.324592590332 35.3145179748535 35.3028450012207 35.290111541748 35.2840003967285 35.2791557312012 35.2584991455078 35.2538185119629 35.232120513916 35.2058067321777 35.1905784606934 35.1886520385742 35.1926651000977 35.1871299743652 35.1878623962402 35.1920051574707 35.1918907165527 35.187370300293 35.1857643127441 35.1842079162598 35.1915092468262 35.1896820068359 35.1957206726074 35.2003593444824 -9999 -9999 -9999 -9999
35.3442802429199 35.3423271179199 35.3458023071289 35.3456192016602 35.3408660888672 35.3338737487793 35.3295631408691 35.323543548584 35.3139915466309 35.3127708435059 35.3208274841309 35.3228416442871 35.3249244689941 35.3413696289062 35.3477554321289 35.3488731384277 35.3672027587891 35.3675384521484 35.3535232543945 35.3669052124023 35.360912322998 35.3596496582031 35.3650970458984 35.3600234985352 35.3445930480957 35.3454170227051 35.3299751281738 35.3269424438477 35.32373046875 35.3073997497559 35.3061866760254 35.2951202392578 35.2792854309082 35.2763442993164 35.2679672241211 35.2467956542969 35.2381782531738 35.2288551330566 35.1993446350098 35.1923370361328 35.1821174621582 35.1569023132324 35.1554565429688 35.1663131713867 35.161075592041 35.1622543334961 35.1671409606934 35.1571083068848 35.1570854187012 35.1714057922363 35.1550178527832 35.1548271179199 35.1570510864258 35.1300201416016 -9999 -9999 -9999
35.3380508422852 35.3424415588379 35.3506240844727 35.3501358032227 35.3503684997559 35.3387870788574 35.327880859375 35.3254241943359 35.3116836547852 35.3122367858887 35.3133239746094 35.3102378845215 35.3186645507812 35.323169708252 35.3229522705078 35.3300247192383 35.3346099853516 35.332202911377 35.3300590515137 35.3246650695801 35.3240852355957 35.3232307434082 35.3261642456055 35.3239250183105 35.3179664611816 35.3150672912598 35.30810546875 35.3008613586426 35.2966651916504 35.2961311340332 35.2875022888184 35.279411315918 35.2727966308594 35.2646369934082 35.2734603881836 35.2612113952637 35.245719909668 35.230785369873 35.192943572998 35.1805000305176 35.1605758666992 35.1366348266602 35.1371040344238 35.1285209655762 35.1211128234863 35.1316833496094 35.1323204040527 35.1312408447266 35.1288146972656 35.1278991699219 35.1229667663574 35.1223678588867 35.1121063232422 35.1002388000488 -9999 -9999 -9999
35.3417739868164 35.3476905822754 35.3497886657715 35.3515777587891 35.3510437011719 35.3402252197266 35.3326721191406 35.3230247497559 35.3176498413086 35.3114738464355 35.3147735595703 35.3137512207031 35.3105354309082 35.3208084106445 35.3182106018066 35.3130722045898 35.3260803222656 35.3182983398438 35.3077735900879 35.3207473754883 35.3077392578125 35.3069648742676 35.3134460449219 35.3032875061035 35.3036117553711 35.306697845459 35.2942390441895 35.2935180664062 35.2916069030762 35.2816390991211 35.2810249328613 35.2822341918945 35.2667350769043 35.2700729370117 35.2746543884277 35.2605018615723 35.2555351257324 35.2349739074707 35.2032623291016 35.1815872192383 35.1618576049805 35.1384544372559 35.1187057495117 35.122241973877 35.1107292175293 35.1049842834473 35.1216201782227 35.1124649047852 35.1058120727539 35.1170616149902 35.1065902709961 35.0966949462891 35.0921783447266 35.0767364501953 35.065731048584 -9999 -9999
