G_variables/Set1/RCP8_2050/Sur_tem_max.asc
NCOLS 229 
NROWS 147 
XLLCORNER -101.25 
YLLCORNER 14.3333333333333 
CELLSIZE 0.0833333333333333 
NODATA_value -9999 
[rows 104 to 129 of 147, columns 171 to 227 of 229]
31.1701278686523 31.1831073760986 31.2076759338379 31.2187919616699 31.2405624389648 31.2653217315674 31.2826156616211 31.3085174560547 31.2997665405273 31.3044509887695 31.319242477417 31.3200435638428 31.320384979248 31.3239784240723 31.3276557922363 31.328592300415 31.3213729858398 31.3337783813477 31.3405246734619 31.3480682373047 31.3320178985596 31.3316440582275 31.3418369293213 31.318229675293 31.3158111572266 31.3282318115234 31.3236427307129 31.32350730896 31.3176155090332 31.3087787628174 31.3119983673096 31.3091316223145 31.2968997955322 31.2950820922852 31.2889423370361 31.2930927276611 31.2932872772217 31.2946605682373 31.2988834381104 31.2989120483398 31.2921028137207 31.3006229400635 31.2967567443848 31.291784286499 31.2891979217529 31.2837085723877 31.2730617523193 31.2543830871582 31.2510719299316 31.2561302185059 31.2605075836182 31.2638244628906 31.2618007659912 31.2682247161865 31.2711334228516 31.2812156677246 -9999
31.1854953765869 31.1905212402344 31.2023239135742 31.2347583770752 31.2595672607422 31.2670345306396 31.2885608673096 31.2905597686768 31.2939071655273 31.3077831268311 31.310905456543 31.3092002868652 31.3134021759033 31.3191871643066 31.3214988708496 31.327335357666 31.327465057373 31.3321018218994 31.332067489624 31.3429069519043 31.3384304046631 31.3365020751953 31.3278751373291 31.3139381408691 31.307689666748 31.3209667205811 31.3252143859863 31.3174095153809 31.3147830963135 31.3131656646729 31.2946166992188 31.2957859039307 31.2969741821289 31.2905368804932 31.2895374298096 31.2907752990723 31.2893676757812 31.2928104400635 31.2954139709473 31.2952365875244 31.2932147979736 31.2944850921631 31.2884540557861 31.2843570709229 31.2808322906494 31.2734813690186 31.2575588226318 31.2413291931152 31.2367343902588 31.2447204589844 31.2493286132812 31.250358581543 31.248046875 31.249927520752 31.2509632110596 31.2566871643066 31.2631340026855
31.1997394561768 31.2150363922119 31.2184963226318 31.2517051696777 31.263111114502 31.271728515625 31.2910099029541 31.2935409545898 31.2979564666748 31.3029708862305 31.3032398223877 31.3038101196289 31.3077526092529 31.3086605072021 31.3104648590088 31.3259391784668 31.3166255950928 31.3194694519043 31.3201389312744 31.3293857574463 31.3208484649658 31.323637008667 31.3169746398926 31.312915802002 31.3072299957275 31.3130912780762 31.3160572052002 31.3077297210693 31.3056907653809 31.3025436401367 31.2837886810303 31.2881031036377 31.2902355194092 31.284538269043 31.2843589782715 31.2847347259521 31.2830066680908 31.2749977111816 31.2754764556885 31.276762008667 31.2709350585938 31.2689094543457 31.2618503570557 31.2544574737549 31.2505569458008 31.2452201843262 31.2356300354004 31.2315654754639 31.2237091064453 31.2258243560791 31.2255744934082 31.2183494567871 31.2015342712402 31.2045497894287 31.2048664093018 31.2103080749512 31.2154941558838
31.1960353851318 31.2259063720703 31.2375946044922 31.2456531524658 31.2640113830566 31.2776565551758 31.2972564697266 31.2966861724854 31.3033504486084 31.3066158294678 31.3124618530273 31.314151763916 31.3162136077881 31.3182792663574 31.3198833465576 31.321928024292 31.3248043060303 31.3232116699219 31.3126888275146 31.3226718902588 31.3166904449463 31.3183631896973 31.3188629150391 31.3095874786377 31.3121910095215 31.3174438476562 31.3089466094971 31.3076648712158 31.3082275390625 31.2923049926758 31.2950420379639 31.2849636077881 31.2845287322998 31.2815837860107 31.2748794555664 31.2775344848633 31.2801914215088 31.270206451416 31.2719497680664 31.2710437774658 31.2690601348877 31.2650394439697 31.2542762756348 31.243688583374 31.2439060211182 31.2391815185547 31.2358531951904 31.2257709503174 31.2154788970947 31.2079296112061 31.2090492248535 31.2045822143555 31.1736240386963 31.1895809173584 31.1941623687744 31.1724720001221 31.2072048187256
31.2135257720947 31.2222537994385 31.2367610931396 31.2579555511475 31.2715873718262 31.2939300537109 31.2951736450195 31.3040447235107 31.3053817749023 31.3118495941162 31.3125152587891 31.3166980743408 31.3184108734131 31.3189373016357 31.320198059082 31.320629119873 31.3224811553955 31.3166885375977 31.3132591247559 31.3125019073486 31.3116912841797 31.313362121582 31.3122844696045 31.3076992034912 31.3083915710449 31.310396194458 31.3080673217773 31.3009281158447 31.3023948669434 31.3006362915039 31.2870044708252 31.2851085662842 31.2840003967285 31.2765274047852 31.2756843566895 31.2769317626953 31.278356552124 31.2777786254883 31.2699928283691 31.266580581665 31.2653732299805 31.2600708007812 31.2536544799805 31.2427234649658 31.2402820587158 31.2301807403564 31.2290287017822 31.2246589660645 31.2101020812988 31.2080593109131 31.2063064575195 31.1995830535889 31.189037322998 31.1896266937256 -9999 -9999 -9999
31.2375621795654 31.2461738586426 31.2550830841064 31.2758255004883 31.2930603027344 31.3059539794922 31.3051509857178 31.3076934814453 31.3062782287598 31.3114318847656 31.3117694854736 31.3101558685303 31.3108520507812 31.3105125427246 31.3101367950439 31.3090744018555 31.3081932067871 31.2982482910156 31.2920150756836 31.2876682281494 31.2873077392578 31.2863178253174 31.2871246337891 31.2836875915527 31.2853088378906 31.2888145446777 31.289888381958 31.2850112915039 31.2844657897949 31.2853984832764 31.2756175994873 31.2716770172119 31.2709007263184 31.2636528015137 31.2643661499023 31.2656478881836 31.2670936584473 31.2691555023193 31.2682094573975 31.2557506561279 31.2536754608154 31.2462577819824 31.2388362884521 31.2228183746338 31.2193641662598 31.2120971679688 31.2067928314209 31.2023220062256 31.1875629425049 31.187126159668 31.1848335266113 31.178524017334 -9999 -9999 -9999 -9999 -9999
31.2496738433838 31.275447845459 31.2826862335205 31.2908344268799 31.3204288482666 31.3098907470703 31.3086719512939 31.3132514953613 31.3145160675049 31.3124046325684 31.3144454956055 31.3116893768311 31.3090381622314 31.3061408996582 31.3024978637695 31.3034534454346 31.2992477416992 31.2946605682373 31.2893714904785 31.2948570251465 31.2951564788818 31.2954711914062 31.2950305938721 31.2891654968262 31.2833385467529 31.2900390625 31.2845916748047 31.2840938568115 31.2862358093262 31.2817993164062 31.2737789154053 31.2643394470215 31.2625007629395 31.2602024078369 31.2570724487305 31.2594223022461 31.2600078582764 31.2575550079346 31.2577514648438 31.2557926177979 31.2536201477051 31.2443771362305 31.2413463592529 31.2248973846436 31.2212944030762 31.2147102355957 31.1937675476074 31.1950855255127 31.1854515075684 -9999 -9999 -9999 -9999 -9999 -9999 -9999 -9999
31.2660903930664 31.2747325897217 31.2865524291992 31.305643081665 31.3172779083252 31.3134498596191 31.3138236999512 31.3147392272949 31.3193817138672 31.3141899108887 31.3143787384033 31.316478729248 31.3081283569336 31.3066692352295 31.3063793182373 31.2971477508545 31.2963085174561 31.29319190979 31.279857635498 31.2899723052979 31.2889041900635 31.2878932952881 31.2877540588379 31.2875099182129 31.2766933441162 31.2792339324951 31.2799644470215 31.2780799865723 31.2831420898438 31.2860851287842 31.2730884552002 31.2640533447266 31.2611045837402 31.2575359344482 31.2591094970703 31.2609233856201 31.2597408294678 31.2590751647949 31.2589721679688 31.2547454833984 31.2513332366943 31.2542324066162 31.2383804321289 31.2280387878418 31.2236022949219 31.2100982666016 -9999 -9999 -9999 -9999 -9999 -9999 -9999 -9999 -9999 -9999 -9999
31.2899036407471 31.2994155883789 31.3058471679688 31.3300075531006 31.3340244293213 31.3388423919678 31.3314590454102 31.3234252929688 31.3247947692871 31.3170585632324 31.3160762786865 31.3122005462646 31.3038196563721 31.3007507324219 31.2997264862061 31.2895774841309 31.2870540618896 31.2845668792725 31.2715492248535 31.2653961181641 31.2590522766113 31.2563438415527 31.2537975311279 31.2569923400879 31.2642517089844 31.2596073150635 31.260425567627 31.259449005127 31.2619514465332 31.2532157897949 31.245361328125 31.2491455078125 31.249059677124 31.2465553283691 31.2511940002441 31.2488975524902 31.2498569488525 31.2535285949707 31.2562141418457 31.2519588470459 31.2489910125732 31.2357025146484 31.2246170043945 31.2245826721191 -9999 -9999 -9999 -9999 -9999 -9999 -9999 -9999 -9999 -9999 -9999 -9999 -9999
31.292308807373 31.30246925354 31.3220119476318 31.3301639556885 31.3414745330811 31.3433246612549 31.3342990875244 31.3374557495117 31.3281555175781 31.3255882263184 31.3154220581055 31.312292098999 31.3082389831543 31.304256439209 31.2971382141113 31.2915744781494 31.2825546264648 31.2764759063721 31.2752132415771 31.2646102905273 31.2535133361816 31.2490081787109 31.2398815155029 31.2546234130859 31.2575664520264 31.2625026702881 31.2617149353027 31.2650718688965 31.2537631988525 31.2467803955078 31.2414035797119 31.2445373535156 31.2510585784912 31.2522125244141 31.2538509368896 31.2504272460938 31.2526741027832 31.2547073364258 31.2534656524658 31.2509670257568 31.2552433013916 -9999 -9999 -9999 -9999 -9999 -9999 -9999 -9999 -9999 -9999 -9999 -9999 -9999 -9999 -9999 -9999
31.306848526001 31.3167915344238 31.3258285522461 31.3390121459961 31.3443717956543 31.3484115600586 31.3363666534424 31.3386459350586 31.3361625671387 31.3251132965088 31.3231887817383 31.3191165924072 31.3082523345947 31.304666519165 31.3014526367188 31.284538269043 31.2865886688232 31.28297996521 31.2653141021729 31.2595767974854 31.254056930542 31.2412776947021 31.238452911377 31.2438087463379 31.2435302734375 31.2511959075928 31.2542915344238 31.2553730010986 31.2396602630615 31.2389621734619 31.2446308135986 31.2487716674805 31.2437896728516 31.2552509307861 31.2589626312256 31.2594451904297 31.2679824829102 31.2560214996338 31.254337310791 -9999 -9999 -9999 -9999 -9999 -9999 -9999 -9999 -9999 -9999 -9999 -9999 -9999 -9999 -9999 -9999 -9999 -9999
31.3405590057373 31.3446407318115 31.34840965271 31.3619651794434 31.3516063690186 31.3567695617676 31.3531093597412 31.3564109802246 31.3456993103027 31.3338260650635 31.3249912261963 31.3238048553467 31.3064632415771 31.3012962341309 31.2923183441162 31.2814502716064 31.2717113494873 31.2652168273926 31.2546138763428 31.2486915588379 31.2351837158203 31.2291946411133 31.2256736755371 31.2201347351074 31.2197971343994 31.2288932800293 31.231143951416 31.2314052581787 31.2346286773682 31.2351703643799 31.2236003875732 31.225004196167 31.2291831970215 31.2374782562256 31.2430591583252 31.2517929077148 -9999 -9999 -9999 -9999 -9999 -9999 -9999 -9999 -9999 -9999 -9999 -9999 -9999 -9999 -9999 -9999 -9999 -9999 -9999 -9999 -9999
31.3355922698975 31.3507347106934 31.3570804595947 31.3638668060303 31.3627853393555 31.3618392944336 31.3600273132324 31.3635501861572 31.3467617034912 31.3429889678955 31.3336982727051 31.3276805877686 31.3152027130127 31.294734954834 31.2910327911377 31.2835540771484 31.2697658538818 31.2585468292236 31.2554588317871 31.2333869934082 31.235294342041 31.2260913848877 31.210262298584 31.2160015106201 31.2188377380371 31.2214488983154 31.2326164245605 31.2325954437256 31.2211894989014 31.2273941040039 31.2244262695312 31.2166557312012 31.2335796356201 -9999 -9999 -9999 -9999 -9999 -9999 -9999 -9999 -9999 -9999 -9999 -9999 -9999 -9999 -9999 -9999 -9999 -9999 -9999 -9999 -9999 -9999 -9999 -9999
31.3439121246338 31.3567981719971 31.3633708953857 31.369255065918 31.3650207519531 31.3728885650635 31.361629486084 31.3646850585938 31.3605308532715 31.3453712463379 31.3478145599365 31.3472232818604 31.3190536499023 31.3074398040771 31.3001594543457 31.2779579162598 31.2671279907227 31.2624816894531 31.2556629180908 31.2507190704346 31.2389698028564 31.2210941314697 31.2189540863037 31.2212886810303 31.2184944152832 31.2255973815918 31.233865737915 31.2379570007324 31.235279083252 31.2172660827637 31.2194805145264 -9999 -9999 -9999 -9999 -9999 -9999 -9999 -9999 -9999 -9999 -9999 -9999 -9999 -9999 -9999 -9999 -9999 -9999 -9999 -9999 -9999 -9999 -9999 -9999 -9999 -9999
31.3734798431396 31.3839073181152 31.3902435302734 31.3952655792236 31.3912010192871 31.3951644897461 31.3831062316895 31.379207611084 31.378116607666 31.3665904998779 31.3725700378418 31.3652210235596 31.3296661376953 31.3074951171875 31.2985515594482 31.2750759124756 31.2636890411377 31.2608184814453 31.2464694976807 31.2383460998535 31.2278022766113 31.2129039764404 31.2043743133545 31.2069034576416 31.2046165466309 31.2125453948975 31.2236309051514 31.2160739898682 -9999 -9999 -9999 -9999 -9999 -9999 -9999 -9999 -9999 -9999 -9999 -9999 -9999 -9999 -9999 -9999 -9999 -9999 -9999 -9999 -9999 -9999 -9999 -9999 -9999 -9999 -9999 -9999 -9999
31.3820877075195 31.3970909118652 31.3981075286865 31.3941421508789 31.3979682922363 31.3976459503174 31.3946475982666 31.388090133667 31.3833503723145 31.3788623809814 31.3590068817139 31.3550090789795 31.3358669281006 31.3009624481201 31.2954540252686 31.2844791412354 31.2687301635742 31.2510948181152 31.2496376037598 31.2438793182373 31.2270755767822 31.2141933441162 31.1984386444092 31.2006568908691 31.2117176055908 31.2191753387451 -9999 -9999 -9999 -9999 -9999 -9999 -9999 -9999 -9999 -9999 -9999 -9999 -9999 -9999 -9999 -9999 -9999 -9999 -9999 -9999 -9999 -9999 -9999 -9999 -9999 -9999 -9999 -9999 -9999 -9999 -9999
31.388053894043 31.3987903594971 31.4082088470459 31.4002323150635 31.4045448303223 31.4118976593018 31.3960742950439 31.4007968902588 31.4007549285889 31.3767547607422 31.3754940032959 31.3668594360352 31.3300323486328 31.3165092468262 31.3111610412598 31.2814292907715 31.2729930877686 31.2620429992676 31.2331714630127 31.2261848449707 31.2208881378174 31.2095718383789 31.2075309753418 -9999 -9999 -9999 -9999 -9999 -9999 -9999 -9999 -9999 -9999 -9999 -9999 -9999 -9999 -9999 -9999 -9999 -9999 -9999 -9999 -9999 -9999 -9999 -9999 -9999 -9999 -9999 -9999 -9999 -9999 -9999 -9999 -9999 -9999
31.4178009033203 31.4252700805664 31.4236831665039 31.4286956787109 31.4348926544189 31.4447536468506 31.4300327301025 31.4317684173584 31.438814163208 31.4122447967529 31.3911304473877 31.3907947540283 31.3529949188232 31.3211269378662 31.3114204406738 31.2790012359619 31.2562446594238 31.2475185394287 31.2174892425537 31.2031345367432 -9999 -9999 -9999 -9999 -9999 -9999 -9999 -9999 -9999 -9999 -9999 -9999 -9999 -9999 -9999 -9999 -9999 -9999 -9999 -9999 -9999 -9999 -9999 -9999 -9999 -9999 -9999 -9999 -9999 -9999 -9999 -9999 -9999 -9999 -9999 -9999 -9999
31.4228210449219 31.4305324554443 31.4289703369141 31.4355297088623 31.4487400054932 31.4466304779053 31.4484939575195 31.4656772613525 31.4440383911133 31.4412212371826 31.4172382354736 31.3967704772949 31.3787002563477 31.3392810821533 31.3096771240234 31.2907009124756 31.2669811248779 31.236478805542 31.2200260162354 31.2134876251221 -9999 -9999 -9999 -9999 -9999 -9999 -9999 -9999 -9999 -9999 -9999 -9999 -9999 -9999 -9999 -9999 -9999 -9999 -9999 -9999 -9999 -9999 -9999 -9999 -9999 -9999 -9999 -9999 -9999 -9999 -9999 -9999 -9999 -9999 -9999 -9999 -9999
31.4191036224365 31.4238872528076 31.4356079101562 31.4423809051514 31.4530754089355 31.4611835479736 31.4604339599609 31.4647636413574 31.4687023162842 31.4430561065674 31.4400787353516 31.4401912689209 31.3844585418701 31.3587551116943 31.3320980072021 31.2725410461426 31.2524318695068 31.2371425628662 31.1898441314697 -9999 -9999 -9999 -9999 -9999 -9999 -9999 -9999 -9999 -9999 -9999 -9999 -9999 -9999 -9999 -9999 -9999 -9999 -9999 -9999 -9999 -9999 -9999 -9999 -9999 -9999 -9999 -9999 -9999 -9999 -9999 -9999 -9999 -9999 -9999 -9999 -9999 -9999
31.4181289672852 31.4392700195312 31.4567337036133 31.46559715271 31.4776000976562 31.5007610321045 31.4925670623779 31.5070419311523 31.5114555358887 31.4832382202148 31.4788761138916 31.4964179992676 31.433048248291 31.3641204833984 31.3332233428955 31.2663612365723 31.2291889190674 31.2129096984863 -9999 -9999 -9999 -9999 -9999 -9999 -9999 -9999 -9999 -9999 -9999 -9999 -9999 -9999 -9999 -9999 -9999 -9999 -9999 -9999 -9999 -9999 -9999 -9999 -9999 -9999 -9999 -9999 -9999 -9999 -9999 -9999 -9999 -9999 -9999 -9999 -9999 -9999 -9999
31.4290046691895 31.450870513916 31.4658432006836 31.4751510620117 31.5034484863281 31.5032558441162 31.5103187561035 31.5443630218506 31.5090408325195 31.5055885314941 31.5165195465088 31.4763946533203 31.4416351318359 31.3573360443115 31.3148097991943 31.2851581573486 31.2283420562744 -9999 -9999 -9999 -9999 -9999 -9999 -9999 -9999 -9999 -9999 -9999 -9999 -9999 -9999 -9999 -9999 -9999 -9999 -9999 -9999 -9999 -9999 -9999 -9999 -9999 -9999 -9999 -9999 -9999 -9999 -9999 -9999 -9999 -9999 -9999 -9999 -9999 -9999 -9999 -9999
31.4478511810303 31.457498550415 31.4689407348633 31.4886684417725 31.4993896484375 31.5090274810791 31.5080547332764 31.5178089141846 31.5236663818359 31.490421295166 31.4921226501465 31.4744873046875 31.3969345092773 31.3653373718262 31.3362789154053 31.2528266906738 31.2330627441406 -9999 -9999 -9999 -9999 -9999 -9999 -9999 -9999 -9999 -9999 -9999 -9999 -9999 -9999 -9999 -9999 -9999 -9999 -9999 -9999 -9999 -9999 -9999 -9999 -9999 -9999 -9999 -9999 -9999 -9999 -9999 -9999 -9999 -9999 -9999 -9999 -9999 -9999 -9999 -9999
31.4582595825195 31.4667224884033 31.4861621856689 31.4978370666504 31.5060253143311 31.5145263671875 31.5127258300781 31.5228691101074 31.5178413391113 31.4948749542236 31.4778327941895 31.4542694091797 31.4002838134766 31.3668098449707 31.3211669921875 31.2624111175537 -9999 -9999 -9999 -9999 -9999 -9999 -9999 -9999 -9999 -9999 -9999 -9999 -9999 -9999 -9999 -9999 -9999 -9999 -9999 -9999 -9999 -9999 -9999 -9999 -9999 -9999 -9999 -9999 -9999 -9999 -9999 -9999 -9999 -9999 -9999 -9999 -9999 -9999 -9999 -9999 -9999
31.4640045166016 31.4806213378906 31.4895896911621 31.5010528564453 31.5203666687012 31.5164566040039 31.5270900726318 31.5646228790283 31.5100116729736 31.4960880279541 31.5113201141357 31.4387588500977 31.4058456420898 -9999 -9999 -9999 -9999 -9999 -9999 -9999 -9999 -9999 -9999 -9999 -9999 -9999 -9999 -9999 -9999 -9999 -9999 -9999 -9999 -9999 -9999 -9999 -9999 -9999 -9999 -9999 -9999 -9999 -9999 -9999 -9999 -9999 -9999 -9999 -9999 -9999 -9999 -9999 -9999 -9999 -9999 -9999 -9999
31.4694976806641 31.4820785522461 31.4911041259766 31.5005226135254 31.5094757080078 31.5142230987549 31.5219268798828 31.5175285339355 31.4969482421875 -9999 -9999 -9999 -9999 -9999 -9999 -9999 -9999 -9999 -9999 -9999 -9999 -9999 -9999 -9999 -9999 -9999 -9999 -9999 -9999 -9999 -9999 -9999 -9999 -9999 -9999 -9999 -9999 -9999 -9999 -9999 -9999 -9999 -9999 -9999 -9999 -9999 -9999 -9999 -9999 -9999 -9999 -9999 -9999 -9999 -9999 -9999 -9999
