G_variables/Set1/RCP8_2050/Sur_sal_min.asc
NCOLS 229 
NROWS 147 
XLLCORNER -101.25 
YLLCORNER 14.3333333333333 
CELLSIZE 0.0833333333333333 
NODATA_value -9999 
[rows 0 to 25 of 147, columns 114 to 170 of 229]
-9999 -9999 -9999 -9999 -9999 -9999 -9999 -9999 -9999 -9999 -9999 -9999 -9999 -9999 -9999 -9999 -9999 -9999 -9999 -9999 -9999 -9999 -9999 -9999 -9999 -9999 -9999 -9999 -9999 -9999 -9999 -9999 -9999 -9999 -9999 -9999 -9999 -9999 -9999 -9999 -9999 -9999 -9999 -9999 -9999 -9999 -9999 -9999 -9999 -9999 -9999 -9999 -9999 -9999 -9999 -9999 -9999
-9999 -9999 -9999 -9999 -9999 -9999 -9999 -9999 -9999 -9999 -9999 -9999 -9999 -9999 -9999 -9999 -9999 -9999 -9999 -9999 -9999 -9999 -9999 -9999 -9999 -9999 -9999 -9999 -9999 -9999 -9999 -9999 -9999 -9999 -9999 -9999 -9999 -9999 -9999 -9999 -9999 -9999 -9999 -9999 -9999 -9999 -9999 -9999 -9999 -9999 -9999 -9999 -9999 -9999 -9999 -9999 -9999
-9999 -9999 -9999 -9999 -9999 -9999 -9999 -9999 -9999 -9999 -9999 -9999 -9999 -9999 -9999 -9999 -9999 -9999 -9999 -9999 -9999 -9999 -9999 -9999 -9999 -9999 -9999 -9999 -9999 -9999 -9999 -9999 -9999 -9999 -9999 -9999 -9999 -9999 -9999 -9999 -9999 -9999 -9999 -9999 -9999 -9999 -9999 -9999 -9999 -9999 -9999 -9999 -9999 -9999 -9999 -9999 35.0172996520996
-9999 -9999 -9999 -9999 -9999 -9999 -9999 -9999 -9999 -9999 -9999 -9999 -9999 -9999 -9999 -9999 -9999 -9999 -9999 -9999 -9999 -9999 -9999 -9999 -9999 -9999 -9999 -9999 -9999 -9999 -9999 -9999 -9999 -9999 -9999 -9999 -9999 -9999 -9999 -9999 -9999 -9999 -9999 -9999 -9999 -9999 -9999 -9999 -9999 -9999 -9999 -9999 -9999 -9999 34.8447265625 34.9457015991211 35.0228004455566
-9999 -9999 -9999 -9999 -9999 -9999 -9999 -9999 -9999 -9999 -9999 -9999 -9999 -9999 -9999 -9999 -9999 -9999 -9999 -9999 -9999 -9999 -9999 -9999 -9999 -9999 -9999 -9999 -9999 -9999 -9999 -9999 -9999 -9999 -9999 -9999 -9999 -9999 -9999 -9999 -9999 -9999 -9999 -9999 -9999 -9999 -9999 -9999 -9999 -9999 -9999 -9999 -9999 34.7672309875488 34.8519554138184 34.94384765625 35.0149765014648
-9999 -9999 -9999 -9999 -9999 -9999 -9999 -9999 -9999 -9999 -9999 -9999 -9999 -9999 -9999 -9999 -9999 -9999 -9999 -9999 -9999 -9999 -9999 -9999 -9999 -9999 -9999 -9999 -9999 -9999 -9999 -9999 -9999 -9999 -9999 -9999 -9999 -9999 -9999 -9999 -9999 -9999 -9999 -9999 -9999 -9999 -9999 -9999 -9999 -9999 -9999 34.4578056335449 34.6061935424805 34.8011093139648 34.8440437316895 34.9222373962402 35.0295104980469
-9999 -9999 -9999 -9999 -9999 -9999 -9999 -9999 -9999 -9999 -9999 -9999 -9999 -9999 -9999 -9999 -9999 -9999 -9999 -9999 -9999 -9999 -9999 -9999 -9999 -9999 -9999 -9999 -9999 -9999 -9999 -9999 -9999 -9999 -9999 -9999 -9999 -9999 -9999 -9999 -9999 -9999 -9999 -9999 -9999 -9999 -9999 -9999 -9999 -9999 34.4257354736328 34.5711708068848 34.72021484375 34.8514289855957 34.9302520751953 35.0043296813965 35.0301361083984
-9999 -9999 -9999 -9999 -9999 -9999 -9999 -9999 -9999 -9999 -9999 -9999 -9999 -9999 -9999 -9999 -9999 -9999 -9999 -9999 -9999 -9999 -9999 -9999 -9999 -9999 -9999 -9999 -9999 -9999 -9999 -9999 -9999 -9999 -9999 -9999 -9999 -9999 -9999 -9999 -9999 -9999 -9999 -9999 -9999 -9999 -9999 -9999 34.1886787414551 34.2964210510254 34.4738845825195 34.5963897705078 34.7312393188477 34.8712539672852 34.9399223327637 35.0223045349121 35.0795021057129
-9999 -9999 -9999 -9999 -9999 -9999 -9999 -9999 -9999 -9999 -9999 -9999 -9999 -9999 -9999 -9999 -9999 -9999 -9999 -9999 -9999 -9999 -9999 -9999 -9999 -9999 -9999 -9999 -9999 -9999 -9999 -9999 -9999 -9999 -9999 -9999 -9999 -9999 -9999 -9999 -9999 -9999 -9999 -9999 -9999 -9999 -9999 34.1964263916016 34.2321166992188 34.363712310791 34.5465240478516 34.6079750061035 34.7624893188477 34.9095497131348 34.9422225952148 35.0367698669434 35.1294975280762
-9999 -9999 -9999 -9999 -9999 -9999 -9999 -9999 -9999 -9999 -9999 -9999 -9999 -9999 -9999 -9999 -9999 -9999 -9999 -9999 -9999 -9999 -9999 -9999 -9999 -9999 -9999 -9999 -9999 -9999 -9999 -9999 -9999 -9999 -9999 -9999 -9999 -9999 -9999 -9999 -9999 -9999 -9999 34.2955207824707 34.1561050415039 34.1196250915527 34.0966300964355 34.1608543395996 34.251163482666 34.364086151123 34.5258026123047 34.6373329162598 34.8298950195312 34.980842590332 35.0522422790527 35.105297088623 35.1289024353027
35.0364227294922 34.8006248474121 34.5783233642578 34.4548568725586 34.1494560241699 33.8994827270508 -9999 -9999 -9999 -9999 -9999 -9999 -9999 -9999 -9999 -9999 -9999 -9999 -9999 -9999 -9999 -9999 -9999 -9999 -9999 -9999 -9999 -9999 -9999 -9999 -9999 -9999 -9999 -9999 -9999 -9999 -9999 -9999 -9999 34.8749656677246 34.8295364379883 34.6336479187012 34.5019569396973 34.3071479797363 34.1874847412109 34.1231422424316 34.1026649475098 34.1965827941895 34.2488822937012 34.362865447998 34.521800994873 34.6718940734863 34.8446578979492 35.000431060791 35.082447052002 35.1304512023926 35.165641784668
35.0644035339355 34.8246574401855 34.6280212402344 34.5566902160645 34.2891273498535 34.0646667480469 33.9746131896973 33.7202606201172 33.557544708252 33.5110321044922 33.3682098388672 33.372386932373 33.3798942565918 33.3039817810059 -9999 -9999 -9999 -9999 -9999 -9999 -9999 -9999 -9999 -9999 -9999 -9999 -9999 -9999 -9999 -9999 -9999 -9999 -9999 -9999 -9999 -9999 34.8578033447266 34.8654708862305 34.9095687866211 34.9037399291992 34.7655792236328 34.6605644226074 34.5963096618652 34.4091567993164 34.2730865478516 34.2473907470703 34.220142364502 34.2400970458984 34.2690887451172 34.4123382568359 34.5896072387695 34.663501739502 34.8632698059082 35.0224494934082 35.0509605407715 35.1286201477051 35.1928558349609
35.0437622070312 34.9119491577148 34.7410507202148 34.583194732666 34.4846229553223 34.3034744262695 34.1281433105469 33.991584777832 33.7817993164062 33.6929626464844 33.6607627868652 33.5688858032227 33.5843963623047 33.7221565246582 33.7020988464355 33.6709747314453 33.7580223083496 -9999 33.4981307983398 33.4310607910156 33.1906280517578 33.126091003418 33.102466583252 32.9486198425293 32.9717216491699 33.040168762207 33.0135345458984 33.1242904663086 33.5445175170898 33.8289527893066 34.0621910095215 34.4880676269531 34.6489524841309 34.8260345458984 35.0121192932129 35.0285453796387 35.0987892150879 35.160587310791 35.0991096496582 35.0990791320801 34.9791870117188 34.7543830871582 34.6349678039551 34.4319648742676 34.2686424255371 34.2221641540527 34.1662406921387 34.1900062561035 34.2515106201172 34.3909492492676 34.5553779602051 34.6851806640625 34.940128326416 35.0897598266602 35.163257598877 35.1918907165527 35.1655197143555
35.0724563598633 34.9170608520508 34.7643508911133 34.6940155029297 34.5173225402832 34.369873046875 34.3097305297852 34.0778656005859 33.9331092834473 33.8717308044434 33.759334564209 33.7608871459961 33.7756462097168 33.793041229248 33.884651184082 33.9407997131348 33.879093170166 33.8310127258301 33.7806930541992 33.576229095459 33.4623413085938 33.3530540466309 33.2272415161133 33.2062950134277 33.162223815918 33.1312217712402 33.2240447998047 33.3861274719238 33.6645431518555 34.0423393249512 34.2751007080078 34.6097297668457 34.9126129150391 34.9928359985352 35.1006698608398 35.2071952819824 35.2015991210938 35.2234764099121 35.2552909851074 35.1495170593262 34.9928512573242 34.8246421813965 34.6634826660156 34.4457130432129 34.2987174987793 34.2157287597656 34.158130645752 34.1943664550781 34.2513084411621 34.371898651123 34.5538673400879 34.7065086364746 34.9404411315918 35.1179809570312 35.1758613586426 35.2036476135254 35.1895980834961
35.1263275146484 34.9614219665527 34.8371353149414 34.7987174987793 34.6144790649414 34.5313453674316 34.4944763183594 34.3103637695312 34.2390937805176 34.2038688659668 34.0815277099609 34.097972869873 34.1042022705078 34.0488166809082 34.1964721679688 34.2089920043945 34.103687286377 34.1792373657227 34.1477737426758 33.9235076904297 33.8745498657227 33.8225212097168 33.5809516906738 33.5690422058105 33.5457878112793 33.4980010986328 33.7480278015137 33.8174247741699 34.0523681640625 34.4843673706055 34.6083679199219 34.8247299194336 35.177059173584 35.2249908447266 35.250659942627 35.4127311706543 35.4207611083984 35.3197250366211 35.2899894714355 35.2405319213867 35.0091934204102 34.8339385986328 34.7561454772949 34.5385589599609 34.3578834533691 34.3175926208496 34.2656631469727 34.2756042480469 34.304801940918 34.4562339782715 34.6439666748047 34.7243347167969 34.9016799926758 35.0857124328613 35.1168556213379 35.1805000305176 35.2233657836914
35.1787643432617 35.0974922180176 34.9568176269531 34.8717651367188 34.8608894348145 34.7737846374512 34.6741523742676 34.7006454467773 34.5890846252441 34.5018196105957 34.5293617248535 34.4358253479004 34.4392051696777 34.5695457458496 34.5694999694824 34.5982131958008 34.7061233520508 34.6391906738281 34.5661697387695 34.4928092956543 34.300235748291 34.199089050293 34.0964508056641 33.9494972229004 33.9025535583496 33.9696350097656 34.0523529052734 34.1929244995117 34.5442390441895 34.8682556152344 35.1215476989746 35.2871780395508 35.418025970459 35.5347442626953 35.5503387451172 35.5887145996094 35.623592376709 35.5647773742676 35.4585762023926 35.3826866149902 35.177562713623 34.9198188781738 34.7737731933594 34.5622520446777 34.387279510498 34.3048820495605 34.252025604248 34.2620048522949 34.3207588195801 34.4888534545898 34.6622123718262 34.8155326843262 35.0295486450195 35.149284362793 35.2409744262695 35.2526245117188 35.211238861084
35.2610473632812 35.1378707885742 35.0289840698242 35.002685546875 34.9212455749512 34.8764381408691 34.9004325866699 34.8085746765137 34.7723579406738 34.7747497558594 34.6671485900879 34.6956748962402 34.6960334777832 34.7014579772949 34.8330078125 34.8448219299316 34.8321647644043 34.8874740600586 34.8288688659668 34.6225662231445 34.5484657287598 34.4572639465332 34.2290687561035 34.2144432067871 34.2141799926758 34.1196823120117 34.328727722168 34.4339332580566 34.6813201904297 35.1645774841309 35.2472801208496 35.3620529174805 35.5908966064453 35.6223220825195 35.5952301025391 35.6821594238281 35.6856651306152 35.6022109985352 35.5405616760254 35.4273681640625 35.2010498046875 34.9692840576172 34.8110809326172 34.5838088989258 34.4270210266113 34.3525543212891 34.2770538330078 34.3051567077637 34.3767433166504 34.5161399841309 34.7139434814453 34.8398933410645 35.0504455566406 35.1984214782715 35.2394676208496 35.2624435424805 35.2280006408691
35.3532104492188 35.240062713623 35.2042236328125 35.1870880126953 35.0869140625 35.1322746276855 35.1369895935059 35.0678176879883 35.1545791625977 35.1481513977051 35.0555152893066 35.1415138244629 35.1407165527344 35.0727233886719 35.1939849853516 35.2038726806641 35.1001091003418 35.1685485839844 35.1415367126465 34.9234771728516 34.8857231140137 34.8395538330078 34.6336669921875 34.6579322814941 34.6503944396973 34.679744720459 34.8519058227539 34.9092674255371 35.0800361633301 35.3397636413574 35.3989601135254 35.4697875976562 35.6557426452637 35.6739845275879 35.6938819885254 35.735954284668 35.7361946105957 35.6366233825684 35.5315780639648 35.4727172851562 35.2322235107422 35.012393951416 34.9305114746094 34.6913719177246 34.5194931030273 34.4798927307129 34.4323997497559 34.463939666748 34.4960670471191 34.645809173584 34.8276062011719 34.8955116271973 35.0296936035156 35.1851463317871 35.2053031921387 35.2149963378906 35.2440032958984
35.466739654541 35.4342384338379 35.3695259094238 35.3152351379395 35.3405952453613 35.3764953613281 35.3667030334473 35.4240913391113 35.4900054931641 35.4666061401367 35.4394378662109 35.4664878845215 35.4741134643555 35.4584617614746 35.5139656066895 35.552116394043 35.5107574462891 35.4706840515137 35.4245567321777 35.3237075805664 35.2093276977539 35.1043739318848 35.0245132446289 34.9727935791016 34.9439392089844 35.0082359313965 35.1325454711914 35.2906608581543 35.3629264831543 35.4384078979492 35.6023216247559 35.6371765136719 35.665096282959 35.7052803039551 35.7575035095215 35.7850151062012 35.7762603759766 35.7680130004883 35.6750221252441 35.563117980957 35.3765907287598 35.1139831542969 34.9489822387695 34.7405776977539 34.5669097900391 34.483341217041 34.4633827209473 34.507495880127 34.5694694519043 34.7421531677246 34.9007911682129 35.0438804626465 35.1840705871582 35.2511405944824 35.2969741821289 35.2805519104004 35.2356071472168
35.5687026977539 35.4800224304199 35.4516334533691 35.4454383850098 35.4037971496582 35.4981307983398 35.5265884399414 35.4974060058594 35.6224746704102 35.6388092041016 35.5251274108887 35.6371269226074 35.6317977905273 35.5467720031738 35.6943244934082 35.6851997375488 35.5822830200195 35.6270217895508 35.5904273986816 35.4048385620117 35.355152130127 35.3216857910156 35.1314582824707 35.1671447753906 35.1565895080566 35.1213073730469 35.3552474975586 35.3725852966309 35.4284896850586 35.6174201965332 35.618034362793 35.6521186828613 35.7000160217285 35.726146697998 35.7641792297363 35.7923583984375 35.8117561340332 35.7840766906738 35.6965866088867 35.6153221130371 35.4029960632324 35.1646766662598 35.0015411376953 34.7725830078125 34.6282119750977 34.5633163452148 34.5007820129395 34.5686264038086 34.6507759094238 34.7807388305664 34.9795379638672 35.0696029663086 35.2040252685547 35.2977600097656 35.3026542663574 35.2845153808594 35.2412948608398
35.6223297119141 35.6056251525879 35.629035949707 35.620475769043 35.619140625 35.6719970703125 35.6884994506836 35.7004814147949 35.7786407470703 35.7875442504883 35.7831611633301 35.8229293823242 35.8183898925781 35.7970657348633 35.818000793457 35.8120536804199 35.7466201782227 35.7502670288086 35.7187843322754 35.6090812683105 35.581859588623 35.5565338134766 35.4952392578125 35.4853286743164 35.4827308654785 35.4839401245117 35.5486907958984 35.5680236816406 35.5772933959961 35.6605758666992 35.6574859619141 35.6796417236328 35.7300796508789 35.7391242980957 35.7657585144043 35.8064079284668 35.8122444152832 35.7428970336914 35.6768951416016 35.6341438293457 35.4202194213867 35.2137336730957 35.1307563781738 34.9098510742188 34.7576026916504 34.7247276306152 34.6941719055176 34.7379570007324 34.784294128418 34.9056777954102 35.0587959289551 35.1073608398438 35.183837890625 35.2761421203613 35.2837409973145 35.2679710388184 35.2577629089355
35.7075958251953 35.7074851989746 35.726448059082 35.7119750976562 35.7055854797363 35.7564926147461 35.7969398498535 35.8091583251953 35.8549461364746 35.8717460632324 35.8622970581055 35.8826866149902 35.8830184936523 35.8565902709961 35.8641700744629 35.8603210449219 35.8326683044434 35.8341369628906 35.7824668884277 35.7565155029297 35.7600212097168 35.6933250427246 35.6534461975098 35.6529769897461 35.6643104553223 35.6401023864746 35.6376495361328 35.6976165771484 35.6915550231934 35.6841049194336 35.7053871154785 35.7358589172363 35.7496452331543 35.7716445922852 35.8208274841309 35.8432197570801 35.847469329834 35.8600616455078 35.8017463684082 35.7131996154785 35.5671501159668 35.3454132080078 35.1856880187988 35.0028686523438 34.8229446411133 34.7566795349121 34.776912689209 34.8194580078125 34.8955917358398 35.0178108215332 35.114200592041 35.2176361083984 35.3080978393555 35.3338890075684 35.3561019897461 35.3284301757812 35.2581329345703
35.7581520080566 35.7252807617188 35.7562866210938 35.7579154968262 35.7304420471191 35.8110733032227 35.8224411010742 35.8242950439453 35.8927307128906 35.8998374938965 35.8735694885254 35.9047050476074 35.9010162353516 35.8640518188477 35.8844871520996 35.8746643066406 35.8374938964844 35.8383522033691 35.8441886901855 35.7822875976562 35.8011436462402 35.8048133850098 35.7059211730957 35.7431755065918 35.7333641052246 35.6861686706543 35.7436637878418 35.7275848388672 35.712028503418 35.7263488769531 35.7309684753418 35.7517547607422 35.780834197998 35.7953414916992 35.8336486816406 35.8649406433105 35.8688354492188 35.8705863952637 35.8169479370117 35.7759857177734 35.5942306518555 35.3873176574707 35.2693901062012 35.0457992553711 34.9103813171387 34.8580055236816 34.8250427246094 34.9084281921387 34.9458389282227 35.0529747009277 35.1931228637695 35.2393989562988 35.3234405517578 35.3772964477539 35.3718719482422 35.3376121520996 35.2820854187012
35.7550964355469 35.7762336730957 35.7999076843262 35.8069725036621 35.8258743286133 35.8396492004395 35.8445663452148 35.8676948547363 35.8877487182617 35.8908805847168 35.9034271240234 35.905200958252 35.9022903442383 35.900634765625 35.8787231445312 35.8700065612793 35.8556365966797 35.8533058166504 35.853874206543 35.8543167114258 35.8692169189453 35.8627052307129 35.8563575744629 35.8519897460938 35.8480072021484 35.8182640075684 35.8171119689941 35.8031997680664 35.7701377868652 35.7754287719727 35.7783737182617 35.7902870178223 35.8224983215332 35.8295555114746 35.8480262756348 35.8801040649414 35.8807945251465 35.8254089355469 35.8117828369141 35.7839584350586 35.6109390258789 35.4680366516113 35.399829864502 35.2196655273438 35.0949859619141 35.0688438415527 35.0285873413086 35.0572738647461 35.0782852172852 35.1389427185059 35.2678375244141 35.286750793457 35.3165512084961 35.3710136413574 35.3694114685059 35.3343467712402 35.3009605407715
35.7745170593262 35.8046760559082 35.8108329772949 35.8141326904297 35.8369369506836 35.8310623168945 35.8491592407227 35.8651390075684 35.8669509887695 35.8752708435059 35.8853912353516 35.887077331543 35.8827247619629 35.8812026977539 35.8675842285156 35.848804473877 35.8594398498535 35.8520278930664 35.8508453369141 35.8916168212891 35.90869140625 35.9063453674316 35.9278106689453 35.9255218505859 35.9151954650879 35.9026832580566 35.8745651245117 35.8533325195312 35.8415946960449 35.8164672851562 35.8228988647461 35.8504829406738 35.8651962280273 35.8911933898926 35.9133529663086 35.9142990112305 35.9208068847656 35.9391021728516 35.9047889709473 35.8439826965332 35.7742691040039 35.6396560668945 35.4981460571289 35.376106262207 35.2301330566406 35.1772880554199 35.1644897460938 35.1589241027832 35.2146453857422 35.2672271728516 35.3087768554688 35.3753890991211 35.4354591369629 35.4502792358398 35.4421577453613 35.4097213745117 35.3313980102539
35.7869911193848 35.8071136474609 35.8130798339844 35.8225593566895 35.839672088623 35.8461952209473 35.8385887145996 35.8631362915039 35.8656234741211 35.8628005981445 35.8780517578125 35.8713493347168 35.8738899230957 35.8736991882324 35.8558387756348 35.8549957275391 35.8599433898926 35.8558807373047 35.8724937438965 35.902214050293 35.929874420166 35.933349609375 35.9393005371094 35.9487686157227 35.9464225769043 35.9143142700195 35.9008560180664 35.8859596252441 35.8568954467773 35.8611907958984 35.8593940734863 35.8722457885742 35.9137535095215 35.918872833252 35.9294319152832 35.9462585449219 35.9452743530273 35.9454345703125 35.9181365966797 35.9024848937988 35.7971839904785 35.6723709106445 35.6173896789551 35.4327735900879 35.3357734680176 35.2791976928711 35.2200202941895 35.2766036987305 35.2626113891602 35.2897872924805 35.3677291870117 35.4009857177734 35.4472694396973 35.4742851257324 35.4688491821289 35.4249076843262 35.3733940124512
