G_variables/Set1/RCP8_2050/Sur_sal_min.asc
NCOLS 229 
NROWS 147 
XLLCORNER -101.25 
YLLCORNER 14.3333333333333 
CELLSIZE 0.0833333333333333 
NODATA_value -9999 
[rows 52 to 77 of 147, columns 114 to 170 of 229]
35.6830787658691 35.8063125610352 35.8674697875977 35.9462013244629 36.0532760620117 36.1071929931641 36.1586570739746 36.2118988037109 36.2348289489746 36.2503623962402 36.2572479248047 36.2599906921387 36.2591133117676 36.2566947937012 36.261962890625 36.2741966247559 36.2734718322754 36.2864074707031 36.2830657958984 36.2784614562988 36.2838973999023 36.2783737182617 36.2666473388672 36.2636184692383 36.2580261230469 36.2439575195312 36.2414894104004 36.2385787963867 36.225528717041 36.2251815795898 36.2208976745605 36.2117881774902 36.2111015319824 36.2012405395508 36.1774711608887 36.1597213745117 36.1423950195312 36.1207962036133 36.1027221679688 36.0922508239746 36.0718116760254 36.0547294616699 36.0357360839844 36.0150413513184 35.9946060180664 35.9886131286621 35.9853553771973 35.9842185974121 35.9791069030762 35.96728515625 35.9666862487793 35.9639587402344 35.9475173950195 35.9402236938477 35.9340667724609 35.9061088562012 35.8941535949707
35.6609115600586 35.7597389221191 35.8714065551758 35.9180030822754 36.0132942199707 36.111930847168 36.1386070251465 36.190071105957 36.2437744140625 36.2526664733887 36.2629890441895 36.2753067016602 36.2768402099609 36.272029876709 36.273120880127 36.2886390686035 36.284049987793 36.2820587158203 36.2881774902344 36.283618927002 36.2769508361816 36.2749519348145 36.2670097351074 36.2574157714844 36.2509727478027 36.2450828552246 36.2339820861816 36.2312774658203 36.2283363342285 36.217399597168 36.2158393859863 36.2088508605957 36.1958274841309 36.193977355957 36.1689910888672 36.1436004638672 36.1336517333984 36.1124267578125 36.0856666564941 36.077392578125 36.0613288879395 36.0356636047363 36.0214614868164 36.0091972351074 35.9864845275879 35.9850234985352 35.9833679199219 35.9691963195801 35.9682579040527 35.9595413208008 35.9458618164062 35.9450988769531 35.9428062438965 35.9284744262695 35.9251327514648 35.9140701293945 35.8968238830566
35.6940231323242 35.7800407409668 35.8651313781738 35.9463005065918 36.0480575561523 36.1270446777344 36.1785125732422 36.2341995239258 36.2638320922852 36.2764167785645 36.2837028503418 36.2871856689453 36.2874603271484 36.2778816223145 36.2782363891602 36.2947044372559 36.2815742492676 36.278938293457 36.285717010498 36.2700386047363 36.2668876647949 36.2632026672363 36.2461891174316 36.2405242919922 36.2332954406738 36.2183113098145 36.2198791503906 36.2147750854492 36.1976013183594 36.2005348205566 36.1966552734375 36.1798286437988 36.174633026123 36.1696319580078 36.1348648071289 36.1238861083984 36.1088447570801 36.0753440856934 36.0611534118652 36.0454864501953 36.0163078308105 36.0073394775391 35.9941177368164 35.976879119873 35.9733505249023 35.9691772460938 35.9543914794922 35.9497566223145 35.945198059082 35.9236602783203 35.9223480224609 35.9180488586426 35.905330657959 35.906421661377 35.9033660888672 35.8888969421387 35.8901977539062
35.6976509094238 35.7852020263672 35.8769645690918 35.9564666748047 36.0527229309082 36.1408309936523 36.1824645996094 36.2370300292969 36.2723999023438 36.2783279418945 36.2841720581055 36.287036895752 36.2838363647461 36.2773704528809 36.2790451049805 36.2882995605469 36.2787551879883 36.2771034240723 36.2765579223633 36.2653198242188 36.2590866088867 36.2505264282227 36.2378387451172 36.2306442260742 36.2187843322754 36.2112617492676 36.2051544189453 36.1993293762207 36.1901206970215 36.1817398071289 36.1755981445312 36.1668739318848 36.1578025817871 36.1415023803711 36.1243171691895 36.1047477722168 36.0867919921875 36.0640830993652 36.0393409729004 36.0224075317383 36.0029945373535 35.9876441955566 35.9803733825684 35.9716835021973 35.9619064331055 35.9560966491699 35.947883605957 35.9367942810059 35.9292182922363 35.9203605651855 35.9075698852539 35.9006881713867 35.8967781066895 35.8872032165527 35.8873405456543 35.8802680969238 35.8729820251465
35.7015380859375 35.7988319396973 35.9145393371582 35.962215423584 36.0569534301758 36.1488304138184 36.1703109741211 36.2207489013672 36.2651023864746 36.2687225341797 36.2760009765625 36.278980255127 36.2791748046875 36.2753639221191 36.2677536010742 36.2812843322754 36.278995513916 36.263671875 36.2610473632812 36.2527236938477 36.2371711730957 36.2316131591797 36.224479675293 36.2018203735352 36.1986122131348 36.1952133178711 36.17578125 36.1701202392578 36.1684417724609 36.1497039794922 36.1486396789551 36.1456298828125 36.1126403808594 36.1096496582031 36.0952606201172 36.0599517822266 36.0550384521484 36.0376853942871 36.0001945495605 35.9926223754883 35.9857444763184 35.9584922790527 35.9568328857422 35.9557495117188 35.9370651245117 35.9332046508789 35.9296264648438 35.913516998291 35.9095573425293 35.9015884399414 35.8825645446777 35.8768501281738 35.8743019104004 35.8582000732422 35.8560676574707 35.8614654541016 35.8513031005859
35.7068557739258 35.7848014831543 35.8946800231934 35.9771995544434 36.0688972473145 36.1540145874023 36.2013359069824 36.2356414794922 36.2523040771484 36.271915435791 36.2681274414062 36.2662696838379 36.265064239502 36.2494964599609 36.246898651123 36.2657928466797 36.2401924133301 36.2358703613281 36.2306137084961 36.2064018249512 36.206111907959 36.1985816955566 36.1669502258301 36.1636009216309 36.157585144043 36.1324806213379 36.1359443664551 36.1304397583008 36.1104011535645 36.1137580871582 36.1078300476074 36.0924453735352 36.0810737609863 36.0734901428223 36.0467338562012 36.026912689209 36.0085067749023 36.0031585693359 35.9789581298828 35.9737014770508 35.9550018310547 35.943058013916 35.9395561218262 35.933666229248 35.9254112243652 35.9190940856934 35.9059791564941 35.9029998779297 35.9000930786133 35.8792572021484 35.8686828613281 35.8674583435059 35.8508758544922 35.8396224975586 35.8375625610352 35.8385734558105 35.8337821960449
35.7028427124023 35.7798233032227 35.8849258422852 35.9663734436035 36.0695457458496 36.1564407348633 36.1982040405273 36.2339973449707 36.2532653808594 36.2534980773926 36.2549667358398 36.2556343078613 36.2485160827637 36.2480354309082 36.2398452758789 36.2321853637695 36.2185668945312 36.2171745300293 36.2064628601074 36.194953918457 36.1835098266602 36.1697616577148 36.1522369384766 36.1366348266602 36.1265068054199 36.1171913146973 36.104362487793 36.1028671264648 36.0966949462891 36.0846214294434 36.0823249816895 36.0754470825195 36.0547790527344 36.0507469177246 36.0361404418945 35.9984283447266 35.9919929504395 35.9969139099121 35.9703178405762 35.9571418762207 35.9538040161133 35.9426002502441 35.9422721862793 35.9299049377441 35.9223136901855 35.9183349609375 35.9090576171875 35.9018898010254 35.8980674743652 35.8765182495117 35.8690757751465 35.8699264526367 35.8515319824219 35.839412689209 35.8372192382812 35.8332405090332 35.8229560852051
35.6527824401855 35.7816696166992 35.8944816589355 35.9361305236816 36.046573638916 36.1439781188965 36.1664619445801 36.2110214233398 36.2345886230469 36.2359085083008 36.2353439331055 36.2229156494141 36.2335739135742 36.2268486022949 36.2033195495605 36.1981658935547 36.1935958862305 36.1662940979004 36.1632881164551 36.1661796569824 36.1333808898926 36.1280899047852 36.118350982666 36.0846328735352 36.0799789428711 36.0796661376953 36.0563316345215 36.0541954040527 36.0601005554199 36.0403175354004 36.0392112731934 36.0331916809082 36.0141830444336 36.0123519897461 36.0011253356934 35.9944152832031 35.9888458251953 35.9652519226074 35.9759330749512 35.9631690979004 35.9514961242676 35.9574775695801 35.9389572143555 35.9320869445801 35.9290199279785 35.9120254516602 35.9117851257324 35.9064865112305 35.8878974914551 35.8816871643066 35.8752403259277 35.8618202209473 35.854061126709 35.845890045166 35.838306427002 35.8223533630371 35.8245658874512
35.613956451416 35.7323684692383 35.8598785400391 35.9349784851074 36.0492210388184 36.1371650695801 36.1916313171387 36.2229881286621 36.2256660461426 36.2277908325195 36.2171745300293 36.2046394348145 36.2003631591797 36.1902809143066 36.1720962524414 36.1636238098145 36.1448059082031 36.1291961669922 36.1220245361328 36.1142730712891 36.0930862426758 36.0905570983887 36.0695266723633 36.0468101501465 36.0408134460449 36.0310211181641 36.0232009887695 36.0228538513184 36.0161628723145 36.0147171020508 36.0105934143066 36.0033874511719 35.9986534118652 35.9983024597168 35.9943161010742 35.968879699707 35.9747848510742 35.9638710021973 35.9605102539062 35.9560356140137 35.9596633911133 35.9557342529297 -9999 -9999 35.9302368164062 35.9181213378906 35.9136505126953 35.910026550293 35.8920097351074 35.8833160400391 35.8783302307129 35.8627319335938 35.8554534912109 35.8537979125977 35.8273162841797 35.8114433288574 35.8132171630859
35.5920906066895 35.7204284667969 35.8347053527832 35.9280166625977 36.0453224182129 36.1290817260742 36.1731300354004 36.2211112976074 36.2223739624023 36.2187156677246 36.2127113342285 36.1966171264648 36.180061340332 36.1711120605469 36.155143737793 36.1443519592285 36.1350555419922 36.1096992492676 36.1068382263184 36.1074600219727 36.0778961181641 36.0751876831055 36.0632095336914 36.0341377258301 36.0252799987793 36.01953125 36.0101547241211 36.0138282775879 36.0041351318359 36.0050468444824 36.0068206787109 36.0014801025391 36.0012245178223 35.9999732971191 35.9936599731445 35.9682540893555 35.9636154174805 35.9637680053711 -9999 -9999 -9999 -9999 -9999 -9999 -9999 -9999 -9999 -9999 -9999 -9999 35.8865852355957 35.8619995117188 35.8585815429688 35.839729309082 35.8155784606934 35.8071365356445 -9999
35.5405693054199 35.6954345703125 35.8343620300293 35.8834686279297 36.0046653747559 36.1032752990723 36.1291236877441 36.1746139526367 36.2072296142578 36.2060432434082 36.1925010681152 36.1717300415039 36.1620292663574 36.142650604248 36.1181411743164 36.1243095397949 36.1083946228027 36.0905456542969 36.0915641784668 36.0797538757324 36.0834503173828 36.0807304382324 36.0498924255371 36.052318572998 36.038444519043 36.0172119140625 36.0177459716797 36.0013847351074 36.0046043395996 36.005729675293 35.9999084472656 36.0058097839355 36.0148544311523 36.0135726928711 35.9854698181152 -9999 -9999 -9999 -9999 -9999 -9999 -9999 -9999 -9999 -9999 -9999 -9999 -9999 -9999 -9999 -9999 -9999 -9999 -9999 -9999 -9999 -9999
35.5237121582031 35.667537689209 35.8062324523926 35.8958587646484 36.0171737670898 36.1054573059082 36.1510429382324 36.1933670043945 36.200252532959 36.1971054077148 36.1784057617188 36.1613655090332 36.144832611084 36.1213417053223 36.1015129089355 36.0964508056641 36.0949859619141 36.0800514221191 36.0807304382324 36.0741310119629 36.0791511535645 36.0836563110352 36.0523834228516 36.0490303039551 36.0288047790527 36.0214767456055 36.0111846923828 36.0017929077148 -9999 -9999 -9999 -9999 -9999 -9999 -9999 -9999 -9999 -9999 -9999 -9999 -9999 -9999 -9999 -9999 -9999 -9999 -9999 -9999 -9999 -9999 -9999 -9999 -9999 -9999 -9999 -9999 -9999
35.515796661377 35.6614875793457 35.7933502197266 35.8824348449707 36.0114288330078 36.0963249206543 36.1500205993652 36.1868705749512 36.1857452392578 36.1847648620605 36.1728210449219 36.1443939208984 36.1325035095215 36.1154327392578 36.0910453796387 36.096794128418 36.0905990600586 36.0766448974609 36.0755615234375 36.0798950195312 36.0743217468262 36.0748710632324 36.0579299926758 -9999 -9999 -9999 -9999 -9999 -9999 -9999 -9999 -9999 -9999 -9999 -9999 -9999 -9999 -9999 -9999 -9999 -9999 -9999 -9999 -9999 -9999 -9999 -9999 -9999 -9999 -9999 -9999 -9999 -9999 -9999 -9999 -9999 -9999
35.4559364318848 35.6492614746094 35.7962989807129 35.8422660827637 35.9600715637207 36.0644035339355 36.1009712219238 36.1416816711426 36.1673011779785 36.1678924560547 36.1533050537109 36.1249504089355 36.1269149780273 36.1036567687988 36.0727462768555 36.0701713562012 36.079662322998 36.0832939147949 36.074291229248 36.0769348144531 36.0790367126465 -9999 -9999 -9999 -9999 -9999 -9999 -9999 -9999 -9999 -9999 -9999 -9999 -9999 -9999 -9999 -9999 -9999 -9999 -9999 -9999 -9999 -9999 -9999 -9999 -9999 -9999 -9999 -9999 -9999 -9999 -9999 -9999 -9999 -9999 -9999 -9999
35.4360427856445 35.5914268493652 35.7655639648438 35.8576889038086 35.9679565429688 36.0569610595703 36.1121788024902 36.144847869873 36.1621742248535 36.1600570678711 36.1392288208008 36.115104675293 36.1093826293945 36.0713577270508 36.0587921142578 36.0570487976074 36.0622291564941 36.0644836425781 -9999 -9999 -9999 -9999 -9999 -9999 -9999 -9999 -9999 -9999 -9999 -9999 -9999 -9999 -9999 -9999 -9999 -9999 -9999 -9999 -9999 -9999 -9999 -9999 -9999 -9999 -9999 -9999 -9999 -9999 -9999 -9999 -9999 -9999 -9999 -9999 -9999 -9999 -9999
35.4180641174316 35.5793151855469 35.7259178161621 35.8405303955078 35.9576988220215 36.0449600219727 36.0875587463379 36.1255722045898 36.1441688537598 36.1449661254883 36.1251564025879 36.1006164550781 36.0915222167969 36.0620155334473 36.0500030517578 36.0409317016602 36.0432472229004 -9999 -9999 -9999 -9999 -9999 -9999 -9999 -9999 -9999 -9999 -9999 -9999 -9999 -9999 -9999 -9999 -9999 -9999 -9999 -9999 -9999 -9999 -9999 -9999 -9999 -9999 -9999 -9999 -9999 -9999 -9999 -9999 -9999 -9999 -9999 -9999 -9999 -9999 -9999 -9999
35.2947692871094 35.5263175964355 35.7017707824707 35.767147064209 35.9064140319824 36.0056495666504 36.0291557312012 36.0757789611816 36.0968360900879 36.1058502197266 36.0932312011719 36.0743637084961 36.0661430358887 36.0545806884766 36.0062294006348 36.0031280517578 36.0266532897949 -9999 -9999 -9999 -9999 -9999 -9999 -9999 -9999 -9999 -9999 -9999 -9999 -9999 -9999 -9999 -9999 -9999 -9999 -9999 -9999 -9999 -9999 -9999 -9999 -9999 -9999 -9999 -9999 -9999 -9999 -9999 -9999 -9999 -9999 -9999 -9999 -9999 -9999 -9999 -9999
35.236743927002 35.4465866088867 35.6575469970703 35.770336151123 35.8765411376953 35.9670104980469 36.015998840332 36.0504913330078 36.0760078430176 36.0834312438965 36.0585975646973 36.0334854125977 36.0277442932129 35.9851989746094 35.9687919616699 35.9607009887695 35.9671440124512 -9999 -9999 -9999 -9999 -9999 -9999 -9999 -9999 -9999 -9999 -9999 -9999 -9999 -9999 -9999 -9999 -9999 -9999 -9999 -9999 -9999 -9999 -9999 -9999 -9999 -9999 -9999 -9999 -9999 -9999 -9999 -9999 -9999 -9999 -9999 -9999 -9999 -9999 -9999 -9999
35.1926231384277 35.4185218811035 35.5997123718262 35.7269287109375 35.8641700744629 35.9401931762695 35.9901504516602 36.0380744934082 36.0479583740234 36.0537071228027 36.0471115112305 36.0103797912598 35.9845504760742 35.9702377319336 35.9495658874512 35.9476623535156 -9999 -9999 -9999 -9999 -9999 -9999 -9999 -9999 -9999 -9999 -9999 -9999 -9999 -9999 -9999 -9999 -9999 -9999 -9999 -9999 -9999 -9999 -9999 -9999 -9999 -9999 -9999 -9999 -9999 -9999 -9999 -9999 -9999 -9999 -9999 -9999 -9999 -9999 -9999 -9999 35.6141662597656
35.0303382873535 35.3103675842285 35.5355491638184 35.5993041992188 35.7779693603516 35.8875846862793 35.9135589599609 35.9731750488281 36.0011367797852 36.0062561035156 36.0019798278809 35.9645500183105 35.9547958374023 35.9313583374023 35.8922309875488 35.8876762390137 -9999 -9999 -9999 -9999 -9999 -9999 -9999 -9999 -9999 -9999 -9999 -9999 -9999 -9999 -9999 -9999 -9999 -9999 -9999 -9999 -9999 -9999 -9999 -9999 -9999 -9999 -9999 -9999 -9999 -9999 -9999 -9999 -9999 -9999 -9999 -9999 -9999 -9999 -9999 35.5996246337891 35.605541229248
34.9374504089355 35.1812133789062 35.4592628479004 35.5769920349121 35.698413848877 35.8245582580566 35.8714561462402 35.9303398132324 35.9854431152344 35.9873008728027 35.9703674316406 35.9388732910156 35.9088401794434 35.8565902709961 35.8275909423828 -9999 -9999 -9999 -9999 -9999 -9999 -9999 -9999 -9999 -9999 -9999 -9999 -9999 -9999 -9999 -9999 -9999 -9999 -9999 -9999 -9999 -9999 -9999 -9999 -9999 -9999 -9999 -9999 -9999 -9999 -9999 -9999 -9999 -9999 -9999 -9999 -9999 -9999 -9999 35.5636749267578 35.5708351135254 35.5812606811523
34.8573341369629 35.1372108459473 35.3600578308105 35.5197486877441 35.667407989502 35.7590713500977 35.8421173095703 35.9147834777832 35.9425506591797 35.9654731750488 35.9562759399414 35.912181854248 35.8810272216797 35.8414077758789 35.8140296936035 35.8120918273926 -9999 -9999 -9999 -9999 -9999 -9999 -9999 -9999 -9999 -9999 -9999 -9999 -9999 -9999 -9999 -9999 -9999 -9999 -9999 -9999 -9999 -9999 -9999 -9999 -9999 -9999 -9999 -9999 -9999 -9999 -9999 -9999 -9999 -9999 -9999 -9999 -9999 35.5465126037598 35.5483436584473 35.5646362304688 35.5744323730469
34.6922035217285 34.9890251159668 35.2336463928223 35.3217315673828 35.5364303588867 35.6855659484863 35.7280502319336 35.8330993652344 35.8837242126465 35.8835144042969 35.8900680541992 35.8626556396484 35.8464813232422 35.8221054077148 35.7621269226074 -9999 -9999 -9999 -9999 -9999 -9999 -9999 -9999 -9999 -9999 -9999 -9999 -9999 -9999 -9999 -9999 -9999 -9999 -9999 -9999 -9999 -9999 -9999 -9999 -9999 -9999 -9999 -9999 -9999 -9999 -9999 -9999 -9999 -9999 -9999 -9999 -9999 -9999 35.5391044616699 35.5378608703613 35.5397109985352 35.5433044433594
34.5724792480469 34.8161087036133 35.0983619689941 35.2399749755859 35.4127388000488 35.589958190918 35.6505165100098 35.7494354248047 35.8479194641113 35.8522758483887 35.85107421875 35.8376312255859 35.8139152526855 35.750129699707 35.7140274047852 -9999 -9999 -9999 -9999 -9999 -9999 -9999 -9999 -9999 -9999 -9999 -9999 -9999 -9999 -9999 -9999 -9999 -9999 -9999 -9999 -9999 -9999 -9999 -9999 -9999 -9999 -9999 -9999 -9999 -9999 -9999 -9999 -9999 -9999 -9999 -9999 35.5301513671875 35.5276641845703 35.522216796875 35.5179405212402 35.5146903991699 35.5241851806641
34.4718818664551 34.7645301818848 34.9970245361328 35.1614837646484 35.3628196716309 35.485481262207 35.5996589660645 35.718563079834 35.7729797363281 35.821590423584 35.8321990966797 35.7994537353516 35.7824058532715 35.7335586547852 35.6992492675781 -9999 -9999 -9999 -9999 -9999 -9999 -9999 -9999 -9999 -9999 -9999 -9999 -9999 -9999 -9999 -9999 -9999 -9999 -9999 -9999 -9999 -9999 -9999 -9999 -9999 -9999 -9999 -9999 -9999 -9999 -9999 -9999 -9999 -9999 -9999 -9999 35.5296401977539 35.5273056030273 35.5236701965332 35.5193328857422 35.5185241699219 35.51416015625
34.336109161377 34.6178779602051 34.8555145263672 34.938907623291 35.1936645507812 35.3899192810059 35.4455108642578 35.5980224609375 35.6840705871582 35.7057037353516 35.7469863891602 35.73876953125 35.7314453125 35.7066955566406 35.6913795471191 -9999 -9999 -9999 -9999 -9999 -9999 -9999 -9999 -9999 -9999 -9999 -9999 -9999 -9999 -9999 -9999 -9999 -9999 -9999 -9999 -9999 -9999 -9999 -9999 -9999 -9999 -9999 -9999 -9999 -9999 -9999 -9999 -9999 -9999 -9999 -9999 35.5305671691895 35.5290794372559 35.5266304016113 35.5251083374023 35.5157432556152 35.5147399902344
