G_variables/Set1/RCP8_2100/Min_tem_max.asc
NCOLS 229 
NROWS 147 
XLLCORNER -101.25 
YLLCORNER 14.3333333333333 
CELLSIZE 0.0833333333333333 
NODATA_value -9999 
[rows 0 to 25 of 147, columns 114 to 170 of 229]
-9999 -9999 -9999 -9999 -9999 -9999 -9999 -9999 -9999 -9999 -9999 -9999 -9999 -9999 -9999 -9999 -9999 -9999 -9999 -9999 -9999 -9999 -9999 -9999 -9999 -9999 -9999 -9999 -9999 -9999 -9999 -9999 -9999 -9999 -9999 -9999 -9999 -9999 -9999 -9999 -9999 -9999 -9999 -9999 -9999 -9999 -9999 -9999 -9999 -9999 -9999 -9999 -9999 -9999 -9999 -9999 -9999
-9999 -9999 -9999 -9999 -9999 -9999 -9999 -9999 -9999 -9999 -9999 -9999 -9999 -9999 -9999 -9999 -9999 -9999 -9999 -9999 -9999 -9999 -9999 -9999 -9999 -9999 -9999 -9999 -9999 -9999 -9999 -9999 -9999 -9999 -9999 -9999 -9999 -9999 -9999 -9999 -9999 -9999 -9999 -9999 -9999 -9999 -9999 -9999 -9999 -9999 -9999 -9999 -9999 -9999 -9999 -9999 -9999
-9999 -9999 -9999 -9999 -9999 -9999 -9999 -9999 -9999 -9999 -9999 -9999 -9999 -9999 -9999 -9999 -9999 -9999 -9999 -9999 -9999 -9999 -9999 -9999 -9999 -9999 -9999 -9999 -9999 -9999 -9999 -9999 -9999 -9999 -9999 -9999 -9999 -9999 -9999 -9999 -9999 -9999 -9999 -9999 -9999 -9999 -9999 -9999 -9999 -9999 -9999 -9999 -9999 -9999 -9999 -9999 3.98846054077148
-9999 -9999 -9999 -9999 -9999 -9999 -9999 -9999 -9999 -9999 -9999 -9999 -9999 -9999 -9999 -9999 -9999 -9999 -9999 -9999 -9999 -9999 -9999 -9999 -9999 -9999 -9999 -9999 -9999 -9999 -9999 -9999 -9999 -9999 -9999 -9999 -9999 -9999 -9999 -9999 -9999 -9999 -9999 -9999 -9999 -9999 -9999 -9999 -9999 -9999 -9999 -9999 -9999 -9999 3.98854923248291 3.98841571807861 3.98842692375183
-9999 -9999 -9999 -9999 -9999 -9999 -9999 -9999 -9999 -9999 -9999 -9999 -9999 -9999 -9999 -9999 -9999 -9999 -9999 -9999 -9999 -9999 -9999 -9999 -9999 -9999 -9999 -9999 -9999 -9999 -9999 -9999 -9999 -9999 -9999 -9999 -9999 -9999 -9999 -9999 -9999 -9999 -9999 -9999 -9999 -9999 -9999 -9999 -9999 -9999 -9999 -9999 -9999 3.98881697654724 3.98869514465332 3.9886691570282 3.9921863079071
-9999 -9999 -9999 -9999 -9999 -9999 -9999 -9999 -9999 -9999 -9999 -9999 -9999 -9999 -9999 -9999 -9999 -9999 -9999 -9999 -9999 -9999 -9999 -9999 -9999 -9999 -9999 -9999 -9999 -9999 -9999 -9999 -9999 -9999 -9999 -9999 -9999 -9999 -9999 -9999 -9999 -9999 -9999 -9999 -9999 -9999 -9999 -9999 -9999 -9999 -9999 3.98865246772766 3.98850035667419 3.99226784706116 3.99226760864258 3.99199843406677 3.99238777160645
-9999 -9999 -9999 -9999 -9999 -9999 -9999 -9999 -9999 -9999 -9999 -9999 -9999 -9999 -9999 -9999 -9999 -9999 -9999 -9999 -9999 -9999 -9999 -9999 -9999 -9999 -9999 -9999 -9999 -9999 -9999 -9999 -9999 -9999 -9999 -9999 -9999 -9999 -9999 -9999 -9999 -9999 -9999 -9999 -9999 -9999 -9999 -9999 -9999 -9999 3.98879218101501 3.9922730922699 3.99195981025696 3.99246168136597 3.99219369888306 3.9908664226532 3.9921760559082
-9999 -9999 -9999 -9999 -9999 -9999 -9999 -9999 -9999 -9999 -9999 -9999 -9999 -9999 -9999 -9999 -9999 -9999 -9999 -9999 -9999 -9999 -9999 -9999 -9999 -9999 -9999 -9999 -9999 -9999 -9999 -9999 -9999 -9999 -9999 -9999 -9999 -9999 -9999 -9999 -9999 -9999 -9999 -9999 -9999 -9999 -9999 -9999 3.99279975891113 3.99233102798462 3.99307942390442 3.99160027503967 3.99215292930603 3.99245643615723 3.9923152923584 3.99259996414185 3.99256014823914
-9999 -9999 -9999 -9999 -9999 -9999 -9999 -9999 -9999 -9999 -9999 -9999 -9999 -9999 -9999 -9999 -9999 -9999 -9999 -9999 -9999 -9999 -9999 -9999 -9999 -9999 -9999 -9999 -9999 -9999 -9999 -9999 -9999 -9999 -9999 -9999 -9999 -9999 -9999 -9999 -9999 -9999 -9999 -9999 -9999 -9999 -9999 3.99336099624634 3.99283194541931 3.99321031570435 3.99263525009155 3.99266958236694 3.99289727210999 3.99281692504883 3.9924476146698 3.99270701408386 3.99314212799072
-9999 -9999 -9999 -9999 -9999 -9999 -9999 -9999 -9999 -9999 -9999 -9999 -9999 -9999 -9999 -9999 -9999 -9999 -9999 -9999 -9999 -9999 -9999 -9999 -9999 -9999 -9999 -9999 -9999 -9999 -9999 -9999 -9999 -9999 -9999 -9999 -9999 -9999 -9999 -9999 -9999 -9999 -9999 3.99498867988586 3.9940459728241 3.99318814277649 3.99358892440796 3.99309802055359 3.99274802207947 3.99328112602234 3.99306297302246 3.99309754371643 3.9930694103241 3.99280953407288 3.99211668968201 3.99278736114502 3.99266886711121
3.99675607681274 3.9997296333313 3.99927759170532 3.99337339401245 4.00003671646118 4.00025987625122 -9999 -9999 -9999 -9999 -9999 -9999 -9999 -9999 -9999 -9999 -9999 -9999 -9999 -9999 -9999 -9999 -9999 -9999 -9999 -9999 -9999 -9999 -9999 -9999 -9999 -9999 -9999 -9999 -9999 -9999 -9999 -9999 -9999 3.99675893783569 3.99682760238647 3.99624729156494 3.99562120437622 3.99567890167236 3.99507427215576 3.9937572479248 3.99427652359009 3.99368715286255 3.99383902549744 3.99325847625732 3.99287438392639 3.9893786907196 3.98881602287292 3.99503684043884 3.99492478370667 3.99484848976135 3.99462270736694
3.99977779388428 3.99974012374878 3.99963569641113 3.99810123443604 4.00051975250244 4.00025510787964 4.00030755996704 3.99997305870056 3.99996757507324 4.00237894058228 4.00247383117676 3.99975609779358 4.00243330001831 4.00209283828735 -9999 -9999 -9999 -9999 -9999 -9999 -9999 -9999 -9999 -9999 -9999 -9999 -9999 -9999 -9999 -9999 -9999 -9999 -9999 -9999 -9999 -9999 3.99720788002014 3.99733853340149 3.99783134460449 3.99763512611389 3.99769067764282 3.996262550354 3.99651265144348 3.99657249450684 3.9950840473175 3.99484968185425 3.99539732933044 3.99356031417847 3.99322724342346 3.99288320541382 3.9957640171051 3.99565052986145 3.99506402015686 3.99526214599609 3.99493432044983 3.99486970901489 3.99504232406616
4.00012540817261 4.00077295303345 3.99852347373962 4.0010347366333 4.00118112564087 4.00093221664429 4.00063896179199 4.0016393661499 4.00038003921509 4.00237798690796 3.99482369422913 3.99469423294067 3.99478340148926 3.99444246292114 3.99481725692749 3.99481105804443 4.0000958442688 -9999 4.00130462646484 4.00006294250488 4.00002431869507 3.99980878829956 3.99997091293335 3.99957919120789 3.99978041648865 3.99995875358582 3.9999258518219 3.99987292289734 3.99959063529968 4.00022220611572 4.00016307830811 4.00059509277344 4.0005202293396 4.00037288665771 4.00008916854858 3.9992778301239 3.99961018562317 3.9985146522522 3.99908804893494 3.99857950210571 3.99872159957886 3.99802660942078 3.99747443199158 3.99471592903137 3.99425745010376 3.99398708343506 3.99350762367249 3.99651503562927 3.99678492546082 3.99561476707458 3.99566435813904 3.99567747116089 3.9950749874115 3.99526286125183 3.99482870101929 3.99505138397217 3.99505114555359
4.00070762634277 3.99927425384521 3.99442887306213 4.0012583732605 4.00200796127319 4.00147581100464 4.00192451477051 4.0015344619751 4.00089693069458 3.99512386322021 3.99482274055481 3.99520516395569 3.99497532844543 3.9948148727417 3.9950578212738 3.99501276016235 3.99484181404114 4.00025272369385 4.00009393692017 4.00024032592773 4.00046253204346 4.00083446502686 4.00060176849365 4.00103282928467 4.00063610076904 4.0012993812561 4.00152921676636 4.00132369995117 4.00145864486694 4.00103569030762 4.00084066390991 4.00184726715088 4.00052642822266 4.00037336349487 4.00081634521484 3.99970746040344 3.99970626831055 3.99930882453918 3.99930357933044 3.9993748664856 3.99878525733948 3.99824047088623 3.99792861938477 3.99798917770386 3.99755454063416 3.99681067466736 3.99671411514282 3.99680542945862 3.99680685997009 3.99579644203186 3.99583649635315 3.99565935134888 3.99507665634155 3.99526190757751 3.99500250816345 3.99502444267273 3.99522709846497
4.00066804885864 4.00287246704102 4.0032262802124 4.00337219238281 4.002037525177 4.00150966644287 4.00158357620239 4.00153112411499 4.00273323059082 3.99512243270874 3.99550461769104 3.99520397186279 3.99497365951538 3.99513745307922 3.99526715278625 3.98639273643494 3.99511313438416 3.99497652053833 4.00291061401367 4.0008430480957 4.00159883499146 4.00146150588989 4.00113105773926 4.00190496444702 4.001220703125 4.00126838684082 4.00186061859131 4.00150394439697 4.00140714645386 4.0017786026001 4.00134038925171 4.00182342529297 4.00137138366699 4.00129318237305 4.00136852264404 3.99976444244385 3.9997284412384 3.99936938285828 4.00032329559326 3.99938344955444 3.99881720542908 3.99899053573608 3.99814105033875 3.99907755851746 3.99758625030518 3.99725294113159 3.99740242958069 3.9968056678772 3.99681186676025 3.99579477310181 3.99584054946899 3.99568653106689 3.99527502059937 3.99526119232178 3.99518346786499 3.99504733085632 3.99523448944092
4.00359201431274 4.00372743606567 4.0036416053772 4.00368928909302 4.00379610061646 4.0044059753418 4.00425386428833 4.00434255599976 3.99742078781128 3.99748349189758 3.99604344367981 3.99520301818848 3.99525451660156 3.98963022232056 3.98975777626038 3.98981189727783 3.98960971832275 3.9952380657196 3.99525713920593 3.99497079849243 3.99560928344727 3.99549913406372 3.99529480934143 4.00307321548462 4.00303220748901 4.00309324264526 4.00242567062378 4.0022873878479 4.00223541259766 4.00223875045776 4.00193405151367 4.00199413299561 4.00199508666992 4.00128698348999 4.00166845321655 4.00083351135254 4.0003228187561 4.00099420547485 4.00044870376587 4.00045347213745 4.00004720687866 4.00004529953003 3.99964261054993 3.99932289123535 3.9984450340271 3.99750709533691 3.99775528907776 3.9968900680542 3.99654340744019 3.99612522125244 3.99583864212036 3.99567842483521 3.99526476860046 3.99532341957092 3.99503421783447 3.99522590637207 3.9952654838562
4.00426054000854 4.00462293624878 4.00607872009277 4.00428819656372 4.00428771972656 4.00456666946411 4.00479745864868 4.00350093841553 3.99764704704285 3.99770712852478 3.99754905700684 3.99769139289856 3.9915599822998 3.99058651924133 3.9907910823822 3.99109673500061 3.99096584320068 3.98796772956848 3.98983430862427 3.99546909332275 3.99560689926147 3.99549555778503 3.99529385566711 3.99580907821655 3.99585127830505 3.99271774291992 3.99354243278503 4.00391674041748 4.00407552719116 4.00292634963989 4.00280332565308 4.00443696975708 3.99406242370605 4.00243425369263 4.00443696975708 4.00443696975708 4.00443649291992 4.00184679031372 3.99491405487061 3.99491405487061 3.99511456489563 3.99530577659607 4.00622510910034 3.99926257133484 3.99926114082336 3.99779081344604 3.99786019325256 3.99763131141663 3.99670124053955 3.99604797363281 3.99582266807556 3.9958713054657 3.99593329429626 3.99551057815552 3.99503779411316 3.99523401260376 3.99529004096985
4.00479364395142 4.0049352645874 4.00477123260498 4.00116586685181 3.9977765083313 3.99786639213562 3.99792981147766 3.99775624275208 3.99784588813782 3.99801206588745 3.99771475791931 3.99769115447998 3.99208998680115 3.99232316017151 3.99256181716919 3.99259448051453 3.9925742149353 3.98825669288635 3.99131369590759 3.99689078330994 3.99684619903564 3.99696969985962 3.99694752693176 3.99706029891968 3.99713134765625 3.99613690376282 3.99625468254089 3.99369931221008 3.99369955062866 3.99370074272156 3.99415469169617 3.99418687820435 3.99418663978577 3.99418687820435 4.00359869003296 3.99473142623901 3.99473142623901 3.99491357803345 3.99491333961487 3.99545812606812 3.99565935134888 4.00622510910034 3.99981594085693 4.00640296936035 3.99945974349976 3.99874925613403 3.9986424446106 3.99731683731079 3.99758815765381 3.99668860435486 3.99593663215637 3.99573659896851 3.99592351913452 3.99600148200989 3.99505114555359 3.99529099464417 3.99528884887695
3.9999053478241 3.99993205070496 3.99989080429077 3.99961423873901 3.99997043609619 3.99976706504822 3.9980640411377 3.99853491783142 3.99824190139771 3.99826812744141 3.99279236793518 3.99257755279541 3.99270725250244 3.99297070503235 3.99300074577332 3.99303317070007 3.99309897422791 3.99315857887268 3.99315881729126 3.99051427841187 3.98985004425049 3.99039578437805 3.99059772491455 3.99605965614319 3.99055409431458 3.99646711349487 3.99610018730164 3.99618697166443 3.99668669700623 3.99668622016907 3.99526929855347 3.99560117721558 3.99418640136719 3.99418616294861 4.00510692596436 3.9952757358551 3.9952757358551 3.99545788764954 3.99545764923096 3.99565863609314 3.99565935134888 3.9958508014679 3.9958508014679 4.00640344619751 4.00018739700317 3.99951601028442 3.99864625930786 3.99752068519592 3.99723339080811 3.99833273887634 3.99662280082703 3.99587225914001 3.99568033218384 3.99598026275635 3.99522137641907 3.99528336524963 3.99538803100586
4.0003809928894 4.00064468383789 4.00013208389282 4.00013494491577 4.00048160552979 4.00021076202393 4.00029516220093 3.99638271331787 3.99554634094238 3.99322557449341 3.99341058731079 3.99312925338745 3.99316167831421 3.99330735206604 3.99325156211853 3.993408203125 3.99394249916077 3.99367809295654 3.99354910850525 3.99947428703308 3.99957895278931 3.99384021759033 4.00973653793335 4.0092716217041 3.99669218063354 3.99093961715698 3.9894871711731 3.99819040298462 3.99819087982178 3.99847102165222 3.99847078323364 3.99874186515808 3.99901604652405 3.99904799461365 3.99617719650269 3.99617767333984 3.996178150177 3.99636054039001 3.99545788764954 3.9956591129303 3.9958508014679 4.00039386749268 4.00064897537231 4.00423145294189 4.03713893890381 4.00811338424683 4.01454162597656 4.01350927352905 4.0381908416748 4.03183603286743 4.01336336135864 3.99701857566833 3.99559116363525 3.99572896957397 3.9957447052002 3.99598360061646 3.9961404800415
3.99511051177979 3.99540066719055 3.99638295173645 3.9964587688446 3.99666261672974 3.99626994132996 3.99640822410583 3.99670624732971 3.99647450447083 3.99659466743469 3.99645209312439 4.00117349624634 4.00013303756714 3.99382662773132 3.99421286582947 3.99482035636902 3.99407529830933 3.99423265457153 3.99428987503052 3.99972343444824 3.99979782104492 3.99436259269714 4.01077365875244 4.01093292236328 3.99965333938599 3.99451112747192 3.99315524101257 3.99304246902466 3.99320578575134 3.9932382106781 3.99350714683533 3.99901795387268 3.99901866912842 3.99904561042786 3.99904656410217 3.99904656410217 3.99949145317078 3.99949240684509 3.99949336051941 4.00886726379395 4.05797290802002 4.08816337585449 4.08163833618164 4.02150917053223 4.06392335891724 4.05839014053345 4.0550594329834 4.10867118835449 4.10922384262085 4.08539819717407 4.04844236373901 4.07904291152954 4.01076936721802 4.00983238220215 3.99590826034546 3.9959077835083 3.99610710144043
3.99890995025635 3.9983069896698 3.99891638755798 3.99710893630981 3.99683356285095 3.99722242355347 3.99708890914917 3.99686622619629 3.99675846099854 4.00169992446899 4.00016307830811 4.00099611282349 4.00061321258545 3.99982666969299 3.99994492530823 3.99782729148865 4.00137233734131 3.994797706604 3.99477982521057 3.99189066886902 3.99517869949341 3.9950532913208 4.00071859359741 4.00026845932007 3.99192118644714 3.9919159412384 3.99649667739868 3.9965295791626 3.99673461914062 3.99673366546631 3.9967315196991 4.00224113464355 4.0022406578064 3.99355149269104 3.99381136894226 3.99930858612061 3.99949073791504 3.99949240684509 3.99968767166138 4.04894590377808 4.10986185073853 4.30611801147461 4.25521326065063 4.12084674835205 4.0895414352417 4.09426212310791 4.15223073959351 4.26042699813843 4.26137971878052 4.15571546554565 4.15644645690918 4.09230422973633 4.08760595321655 4.0786509513855 4.07918119430542 4.004958152771 4.00401592254639
4.00255107879639 4.0015606880188 3.99985837936401 3.99963998794556 4.00076723098755 4.00175809860229 3.9994752407074 3.9973669052124 4.0016655921936 4.00026512145996 4.00027704238892 4.00068235397339 4.00078773498535 4.00032329559326 2.84574484825134 4.00062656402588 4.00167798995972 3.99887943267822 3.99892711639404 3.99867558479309 3.99562931060791 3.99549555778503 3.99555921554565 3.99743008613586 3.99716687202454 3.99708032608032 3.99685525894165 3.99688625335693 3.9967360496521 3.99673533439636 3.99673366546631 3.99673366546631 3.99673318862915 3.9967303276062 3.99677419662476 3.99680829048157 4.00244951248169 4.00245237350464 4.03431177139282 4.11150550842285 4.26984453201294 4.30500602722168 4.30678176879883 4.25737619400024 4.15254545211792 4.15333318710327 4.2711935043335 4.45268869400024 4.27774381637573 4.15669536590576 4.23066806793213 4.23423147201538 4.212721824646 4.16046142578125 4.09696054458618 4.09005784988403 4.11773347854614
4.00193119049072 4.00229740142822 4.00243425369263 4.00350570678711 4.0063533782959 4.00315189361572 4.00308609008789 4.00293636322021 4.00095129013062 4.00272560119629 4.00283861160278 4.0002613067627 4.00057458877563 4.00059223175049 3.96107482910156 4.00112342834473 3.99955797195435 4.00007724761963 4.00015497207642 3.99933266639709 3.99976587295532 4.00294542312622 3.9993097782135 3.99930882453918 3.99763202667236 3.99746298789978 3.99717330932617 3.9972038269043 3.9970440864563 3.99393653869629 3.99704313278198 3.99709677696228 3.99707460403442 3.99703502655029 3.99707674980164 3.9971342086792 3.99702596664429 4.00296211242676 4.1964693069458 4.30400705337524 4.44745826721191 4.5543475151062 4.55323696136475 4.25974750518799 4.44648885726929 5.00083780288696 4.59505414962769 4.56067276000977 4.45717287063599 4.45867252349854 4.46364402770996 4.32380199432373 4.28837776184082 4.28134346008301 4.15760326385498 4.24068355560303 4.28655099868774
4.00299072265625 4.00336980819702 4.00312232971191 4.00271940231323 4.00361156463623 4.00360441207886 4.00380039215088 4.00420331954956 4.00441932678223 4.00165462493896 4.00206804275513 4.00215196609497 4.00215196609497 4.00228691101074 4.00236892700195 4.00120687484741 4.00158596038818 4.00073289871216 4.00069856643677 4.0009126663208 4.00150680541992 4.00171852111816 4.00013256072998 3.99989080429077 3.99948191642761 3.99926900863647 3.99919629096985 3.99768853187561 4.00290966033936 4.00291156768799 4.0029091835022 3.99745011329651 3.99744963645935 4.00058841705322 3.99734091758728 3.99740242958069 3.99748706817627 4.00331497192383 4.1963939666748 4.44778919219971 4.63953447341919 4.63909578323364 6.74865961074829 7.86102247238159 6.80376243591309 4.68527698516846 5.00857782363892 5.0101056098938 5.01781988143921 4.69287252426147 4.66014814376831 4.52083826065063 4.47355461120605 4.32950592041016 4.32946395874023 4.3314061164856 4.3969464302063
4.00323581695557 4.00345373153687 4.00330781936646 4.00341081619263 4.00373411178589 4.00363397598267 4.0038628578186 4.00427150726318 4.00439834594727 4.0047607421875 4.00493669509888 4.00217533111572 4.00229692459106 4.00230884552002 4.00235271453857 4.00262308120728 4.00372362136841 4.00366306304932 4.00366306304932 4.00197553634644 4.00474739074707 4.00100517272949 4.00098562240601 4.00036478042603 4.00020217895508 4.00004386901855 3.99952554702759 3.99961996078491 3.99939632415771 4.00461864471436 3.99776673316956 3.99776911735535 3.99768877029419 3.99774956703186 3.99765586853027 4.0018892288208 3.99801254272461 3.9977970123291 4.14876461029053 4.44501256942749 4.63616323471069 4.63935279846191 4.50510549545288 6.76887702941895 7.81308603286743 7.84293270111084 7.84299182891846 7.97078466415405 6.23733806610107 6.13093090057373 5.38206672668457 5.04719257354736 4.94192743301392 4.68236923217773 4.59014511108398 4.481858253479 4.48310899734497
