G_variables/Set1/RCP8_2100/Min_tem_max.asc
NCOLS 229 
NROWS 147 
XLLCORNER -101.25 
YLLCORNER 14.3333333333333 
CELLSIZE 0.0833333333333333 
NODATA_value -9999 
[rows 78 to 103 of 147, columns 57 to 113 of 229]
30.4425830841064 27.159330368042 24.8443813323975 8.79156494140625 5.31048488616943 4.3892674446106 4.21364307403564 4.13126420974731 4.09287309646606 4.09289741516113 4.08231687545776 4.08222007751465 4.053297996521 4.03307580947876 4.03292322158813 4.02830028533936 4.02830123901367 4.02830171585083 4.02830171585083 4.02864217758179 4.03358316421509 4.04524278640747 4.05706071853638 4.26819562911987 4.4637017250061 4.39230918884277 4.80432605743408 5.07401037216187 4.57740306854248 5.07415628433228 6.3354377746582 4.626633644104 4.58125829696655 4.58093166351318 4.81143999099731 7.02761125564575 6.98272323608398 5.84773921966553 5.99893188476562 6.38728427886963 5.85853624343872 5.72874736785889 5.73111724853516 7.15548419952393 6.54105520248413 5.8631010055542 4.9519190788269 4.64272403717041 5.11400413513184 6.41041898727417 13.6110391616821 24.8075714111328 27.0859794616699 31.4557952880859 31.9121742248535 32.315113067627 32.5128479003906
32.7722282409668 29.4721946716309 26.562816619873 20.534854888916 7.12567615509033 4.57643413543701 4.26761722564697 4.21343803405762 4.12943410873413 4.10496139526367 4.09275007247925 4.08988809585571 4.05377578735352 4.04512453079224 4.04537057876587 4.03319931030273 4.03294849395752 4.03278541564941 4.03319358825684 4.03319406509399 4.03320121765137 4.05706834793091 4.12830495834351 4.46453857421875 4.39318943023682 4.62167501449585 4.92453670501709 4.92603206634521 4.6222095489502 5.82617235183716 5.83374977111816 4.6275634765625 4.62871360778809 4.93070840835571 5.7080717086792 6.47912788391113 6.33820915222168 5.84352207183838 7.12143611907959 7.81210088729858 7.14111709594727 6.39832544326782 5.72931814193726 6.53017902374268 6.5357141494751 7.17133474349976 6.54478025436401 6.42020130157471 6.4023060798645 7.897292137146 11.5393505096436 29.5540428161621 31.4304485321045 29.5106258392334 31.944450378418 32.3293380737305 32.3436813354492
32.9412803649902 32.5193252563477 28.5406112670898 25.611120223999 10.6094427108765 5.71537971496582 4.57512187957764 4.26745557785034 4.21306753158569 4.12993764877319 4.10481023788452 4.09011745452881 4.13181495666504 4.05381202697754 4.04506540298462 4.0329122543335 4.03294992446899 4.03292465209961 4.03335618972778 4.03335237503052 4.0333080291748 4.08230400085449 4.39311838150024 4.62203693389893 4.92265701293945 5.07017421722412 4.33126163482666 4.49667692184448 4.57637405395508 4.80871200561523 4.92949056625366 5.44850730895996 5.20051527023315 5.70093774795532 6.34940195083618 6.33328342437744 5.8408031463623 5.84431552886963 7.12103605270386 7.12610578536987 7.81709766387939 7.14531517028809 6.40301465988159 6.38053798675537 6.38664627075195 7.77952480316162 9.75141143798828 11.5426082611084 11.4322271347046 14.4972124099731 27.0765838623047 30.5090007781982 30.457799911499 29.5119953155518 30.5471420288086 31.9643096923828 32.3360023498535
32.9394912719727 32.9508666992188 31.3565788269043 26.6008071899414 21.9754047393799 9.61829566955566 4.92884683609009 4.49398136138916 4.39228534698486 4.2129807472229 4.13053560256958 4.10466957092285 4.0926308631897 4.05381917953491 4.05369329452515 4.04509925842285 4.0451397895813 4.03429508209229 4.03320789337158 4.03322124481201 4.04524278640747 4.08183240890503 4.80053567886353 5.28228187561035 4.92342090606689 4.58013343811035 4.46761035919189 4.58039903640747 4.80802392959595 4.58151197433472 6.30694818496704 5.29028129577637 5.21044874191284 5.90660333633423 6.34914064407349 5.84213256835938 5.70616769790649 7.69740724563599 10.479546546936 7.80985593795776 7.13374710083008 7.13571119308472 6.39532566070557 7.84423732757568 7.15784311294556 8.91518211364746 11.4716300964355 16.6760787963867 22.743465423584 26.4927978515625 28.7851390838623 27.9539546966553 27.9477634429932 29.5930366516113 31.4485912322998 32.3419952392578 32.3465957641602
-9999 32.9461097717285 32.1638221740723 28.5010814666748 25.4496669769287 19.4835262298584 6.49556875228882 4.92480278015137 4.49260091781616 4.2692608833313 4.22997856140137 4.13037109375 4.17428493499756 4.07449245452881 4.05389642715454 4.04509019851685 4.05392837524414 4.05389308929443 4.04515361785889 4.04524374008179 4.05402946472168 4.15768384933472 4.9249005317688 5.0745530128479 4.80727672576904 4.9289493560791 4.92919921875 4.70406675338745 4.62474536895752 4.58093547821045 5.70076656341553 5.07618474960327 6.46464252471924 7.08875846862793 6.97641515731812 7.74547290802002 7.2021017074585 7.76598644256592 9.56689739227295 7.12644195556641 9.59983825683594 9.62335395812988 7.25180435180664 8.75631523132324 7.8565936088562 15.6671094894409 18.9728546142578 21.8066310882568 25.6341209411621 26.4600772857666 27.9384937286377 27.964916229248 28.8379611968994 29.5908489227295 31.4673328399658 32.3342819213867 32.4886703491211
-9999 32.9438972473145 32.9427185058594 30.4974250793457 26.5711936950684 22.8835887908936 11.5053796768188 6.34721755981445 4.9239501953125 4.46576452255249 4.23002529144287 4.17417430877686 4.17432308197021 4.09365749359131 4.08317089080811 4.09095859527588 4.05391216278076 4.05393075942993 4.05392789840698 4.05395984649658 4.05985450744629 4.15769100189209 4.92482805252075 4.49643039703369 4.80688428878784 5.69135475158691 5.20145463943481 5.28581428527832 5.83135175704956 5.83318185806274 5.28986787796021 5.2044997215271 6.46675157546997 6.46724462509155 6.46946382522583 7.75220775604248 7.67039632797241 9.50954532623291 9.57398128509521 9.64759635925293 10.4205465316772 10.4192504882812 7.82303905487061 9.63367652893066 12.3465394973755 20.9479827880859 22.7270584106445 24.7369918823242 30.4345302581787 27.1134490966797 28.7861728668213 30.4225673675537 30.4430084228516 30.57546043396 31.4570121765137 32.1355476379395 32.4624824523926
-9999 32.9368171691895 32.9104499816895 31.758716583252 27.0441436767578 24.7110748291016 21.2481288909912 8.71465873718262 5.45648193359375 4.49575662612915 4.26946210861206 4.21534061431885 4.12932252883911 4.13017177581787 4.09104633331299 4.07559156417847 4.05386209487915 4.06000089645386 4.05723285675049 4.05743885040283 4.08406209945679 4.14325761795044 4.58031797409058 4.62472820281982 4.80695152282715 5.2859263420105 4.92876386642456 4.80858945846558 5.44386100769043 5.69908237457275 5.83480405807495 5.98303079605103 6.33935403823853 7.71981382369995 7.83151817321777 8.70083045959473 9.50123691558838 9.54778480529785 10.3559074401855 9.65195560455322 10.4238700866699 11.368106842041 9.61087608337402 14.3637018203735 19.847240447998 23.6397647857666 23.8428153991699 24.7625675201416 25.6894779205322 27.13694190979 29.6191005706787 32.5788116455078 32.2684020996094 32.2726287841797 32.3456039428711 32.3325386047363 32.6728401184082
-9999 -9999 32.9264488220215 32.1753425598145 31.3892974853516 27.0636653900146 24.7187347412109 17.0469093322754 7.08867788314819 4.92740678787231 4.57514572143555 4.23003816604614 4.19056272506714 4.13198757171631 4.09239864349365 4.09239530563354 4.05734491348267 4.07693433761597 4.08404588699341 4.08405017852783 4.09465408325195 4.26876592636108 4.49661588668823 4.80656576156616 4.62520885467529 5.28522777557373 6.29546165466309 5.97287082672119 5.69657564163208 6.45487403869629 6.45805788040161 6.46249437332153 7.19250535964966 8.6776294708252 8.67953300476074 9.53306007385254 8.79762172698975 7.71922922134399 10.3995361328125 11.3166790008545 12.2220125198364 10.4389114379883 12.360878944397 18.7518901824951 21.7498035430908 27.0952472686768 31.9746952056885 31.49928855896 26.5335502624512 28.8852424621582 31.4749221801758 32.6016311645508 32.6493530273438 32.4212112426758 32.2868194580078 32.3368186950684 32.4758186340332
-9999 -9999 32.92138671875 32.7090377807617 31.9496803283691 29.543025970459 26.47340965271 23.7337608337402 14.7374629974365 5.29368686676025 4.57949876785278 4.3954029083252 4.23017740249634 4.17616748809814 4.13153743743896 4.09491205215454 4.08334064483643 4.09212064743042 4.13100624084473 4.13100576400757 4.15871667861938 4.26928234100342 4.58044910430908 5.82547998428345 5.69316482543945 4.80715227127075 6.32184791564941 6.32193470001221 6.30031824111938 6.45778894424438 6.45873689651489 7.08198642730713 7.67184638977051 7.719886302948 8.68144512176514 9.52482223510742 8.7135763168335 11.320499420166 11.2540006637573 11.3802795410156 12.2872457504272 18.6970710754395 17.6973628997803 20.9279441833496 22.6808700561523 24.7498092651367 32.2112617492676 31.9881591796875 28.8447170257568 31.4583168029785 32.2803001403809 32.6048622131348 32.4029960632324 32.4775657653809 32.6649055480957 32.6600494384766 32.7059631347656
-9999 -9999 32.9235343933105 32.9249954223633 32.8708114624023 31.9056262969971 30.6211757659912 28.645565032959 24.7509384155273 7.84773969650269 4.92865180969238 4.57974290847778 4.46643877029419 4.26937961578369 4.26938199996948 4.21565341949463 4.21564912796021 4.13082265853882 4.13079118728638 4.15841341018677 4.23019409179688 4.58009147644043 4.80543327331543 4.92718887329102 5.8275351524353 6.32975482940674 5.97705507278442 5.6945743560791 5.6971607208252 5.83087062835693 7.61458492279053 7.70285415649414 8.61674499511719 8.62277507781982 8.67949485778809 11.2092819213867 9.528244972229 11.2396049499512 10.4658985137939 12.1850385665894 14.2724103927612 18.7982292175293 21.7705936431885 21.7345428466797 22.6990718841553 24.7467918395996 27.1186656951904 28.8636703491211 31.4811744689941 32.2678184509277 32.5446472167969 32.8436851501465 32.880802154541 33.1177940368652 33.1934394836426 33.2218971252441 33.2676239013672
-9999 -9999 -9999 -9999 32.9250106811523 33.0531234741211 32.7325592041016 33.1415901184082 31.3756408691406 29.7044277191162 14.6204061508179 6.32598733901978 4.81079292297363 4.5827431678772 4.47094869613647 4.26899909973145 4.22995138168335 4.176344871521 4.22879695892334 4.33250999450684 4.58210754394531 5.20434761047363 5.68643522262573 5.69250297546387 7.06812906265259 6.32980585098267 5.97705841064453 6.45035266876221 7.07639503479004 7.08036851882935 7.70201873779297 8.67678356170654 10.4031524658203 10.4000282287598 9.5724401473999 9.51384162902832 10.317985534668 10.340404510498 12.1480903625488 14.4305610656738 18.6440124511719 20.8918533325195 24.693920135498 23.6603546142578 24.7320594787598 28.8178195953369 28.8395748138428 31.4730587005615 32.2757263183594 32.40283203125 32.5947151184082 32.847225189209 33.0974464416504 33.097843170166 33.3405838012695 33.4824485778809 33.4942626953125
-9999 -9999 -9999 -9999 32.9204521179199 32.9925918579102 32.8892211914062 32.8869705200195 33.0125160217285 30.5316066741943 27.9434719085693 22.6614170074463 8.66411018371582 6.31853151321411 5.45608997344971 4.62723588943481 4.58211994171143 4.39783525466919 4.39776992797852 4.39764499664307 4.58217859268188 5.68645620346069 6.31009197235107 5.82723617553711 7.0707540512085 6.45408487319946 7.70113372802734 8.64081382751465 8.64379596710205 9.41674137115479 9.42215347290039 10.2671279907227 11.2835159301758 12.1221733093262 12.1344108581543 11.3120718002319 12.1078691482544 15.4073638916016 19.7459774017334 20.8263473510742 20.8091850280762 20.825101852417 24.7162818908691 26.3614444732666 27.9800472259521 29.6059894561768 31.4741134643555 32.3187217712402 32.5079536437988 32.5650177001953 32.8428802490234 32.8273391723633 33.3854484558105 33.3560943603516 33.4436340332031 33.4705848693848 33.5400009155273
-9999 -9999 -9999 -9999 -9999 32.923454284668 32.9113883972168 32.884391784668 32.9139595031738 32.1972389221191 29.6747016906738 26.4578380584717 20.0650615692139 12.3017444610596 7.73440217971802 7.07831048965454 5.45044088363647 4.92756366729736 5.07931423187256 4.92643022537231 5.20631170272827 7.0682110786438 7.7131609916687 7.71233606338501 8.64931011199951 9.41343021392822 10.2576093673706 10.2519512176514 9.45617389678955 9.45576858520508 11.2133474349976 12.1128835678101 14.1246166229248 14.1332864761353 15.3521928787231 15.3613595962524 14.3758153915405 17.560525894165 19.7303848266602 20.814826965332 22.6069660186768 25.5502338409424 26.9714336395264 28.8431644439697 30.4303932189941 32.0142021179199 32.3348693847656 32.3890533447266 32.9708404541016 32.9793663024902 33.2262382507324 33.2453460693359 33.2687339782715 33.3853721618652 33.4476051330566 33.6423377990723 33.2728958129883
-9999 -9999 -9999 -9999 -9999 -9999 32.906681060791 33.122386932373 33.0755043029785 31.8723850250244 31.3558597564697 29.0570526123047 26.533239364624 25.3195705413818 21.0025177001953 17.9612941741943 10.4233255386353 8.62136363983154 7.07801628112793 7.07993125915527 7.07507038116455 10.2871360778809 10.3195343017578 9.45483493804932 11.1944227218628 12.158748626709 12.0929193496704 12.1175985336304 13.2136573791504 12.1349821090698 11.2655668258667 14.1222400665283 16.3319702148438 19.6342468261719 17.5458374023438 20.7630252838135 21.592170715332 21.61741065979 21.6963424682617 22.5966396331787 26.9816818237305 29.4421081542969 31.3455390930176 31.9064273834229 32.2785606384277 32.3600692749023 32.5429878234863 32.5970687866211 32.964241027832 33.2160339355469 33.2700958251953 33.2798728942871 33.3782577514648 32.9452972412109 33.5205726623535 33.4894561767578 33.6698265075684
-9999 -9999 -9999 -9999 -9999 -9999 32.9044342041016 32.8873176574707 32.8908615112305 33.0705184936523 31.9548568725586 30.5912952423096 29.6560401916504 29.5768241882324 27.1901378631592 26.0076141357422 24.6018733978271 22.6085014343262 26.6127548217773 15.5636672973633 10.3252458572388 11.2903470993042 11.3312330245972 9.46217632293701 11.2896223068237 14.2006454467773 14.3542070388794 14.14661693573 14.1635675430298 14.155816078186 14.1397686004639 16.3066482543945 20.7812061309814 19.6656436920166 24.5949306488037 26.9933700561523 26.8317470550537 26.1865310668945 26.2681007385254 29.2927684783936 31.8218173980713 31.8451843261719 32.263801574707 32.5634346008301 32.7631340026855 32.9030342102051 32.8885612487793 33.1166687011719 33.0980644226074 33.2109642028809 33.2629432678223 33.2879867553711 33.3488693237305 32.9875946044922 33.1870422363281 33.2138710021973 33.6343727111816
-9999 -9999 -9999 -9999 -9999 -9999 -9999 -9999 32.8841552734375 32.8808937072754 32.8469924926758 32.9645118713379 33.0674514770508 32.9352378845215 33.0801391601562 32.7443695068359 28.7620067596436 27.056734085083 26.5464553833008 24.6499309539795 20.7862548828125 20.7638549804688 21.6133003234863 16.522705078125 17.6244983673096 20.7835216522217 16.3589019775391 18.5325584411621 20.7630214691162 20.7839317321777 18.6564769744873 24.6683540344238 26.1121482849121 25.4223461151123 30.1078662872314 32.4878540039062 32.9273643493652 32.8080215454102 32.2146682739258 32.2342567443848 32.2434883117676 32.2459907531738 32.5757904052734 33.0568695068359 33.0806770324707 33.0242195129395 33.0858497619629 33.1180953979492 32.855396270752 32.8312301635742 32.9626617431641 32.9889793395996 33.0485572814941 32.9600830078125 32.952205657959 33.0624389648438 33.0566787719727
-9999 -9999 -9999 -9999 -9999 -9999 -9999 32.8780364990234 32.882381439209 -9999 32.8695526123047 32.8710174560547 32.860164642334 32.8622512817383 32.8502731323242 32.8453407287598 32.8399429321289 28.8109970092773 28.8089752197266 27.2961673736572 27.3005466461182 26.7137928009033 26.0065746307373 26.5525875091553 24.5310688018799 23.5993976593018 21.53883934021 21.5402660369873 23.5632286071777 24.6514282226562 26.0771732330322 26.8416481018066 29.9632530212402 27.58327293396 32.6669921875 32.680736541748 32.9263801574707 32.5977592468262 32.5524826049805 32.5590782165527 32.5555953979492 32.7727890014648 32.8626289367676 32.7295417785645 32.7229499816895 32.6996231079102 32.725170135498 32.7663078308105 32.7887306213379 32.8113403320312 32.8566513061523 32.8782272338867 32.8807830810547 32.9018821716309 32.9313583374023 33.014476776123 32.9802436828613
-9999 -9999 -9999 -9999 -9999 -9999 -9999 -9999 -9999 -9999 -9999 -9999 -9999 -9999 -9999 -9999 32.8189125061035 32.8191108703613 27.2701568603516 28.0593795776367 32.9876441955566 32.9453163146973 28.1787223815918 28.2079200744629 27.4279689788818 27.445556640625 26.6377792358398 23.6013698577881 25.3942070007324 31.0019226074219 29.0165176391602 30.881778717041 31.6950950622559 32.9255180358887 32.6369590759277 32.6630554199219 32.3774681091309 32.7065467834473 32.7246360778809 32.7197151184082 32.7789688110352 32.7160987854004 32.938591003418 33.0836906433105 32.7386932373047 32.7687873840332 32.7658615112305 32.7702941894531 32.8361549377441 -9999 -9999 -9999 -9999 32.9027061462402 32.9174690246582 32.9592475891113 32.9683456420898
-9999 -9999 -9999 -9999 -9999 -9999 -9999 -9999 -9999 -9999 -9999 -9999 -9999 -9999 -9999 -9999 -9999 32.8157577514648 32.7948989868164 32.7933349609375 32.7936706542969 32.7358207702637 32.2013511657715 29.8270778656006 28.9079837799072 29.6780586242676 29.7292213439941 29.7871913909912 30.8193397521973 31.5545272827148 32.8510818481445 32.6807098388672 32.6654281616211 32.6215362548828 32.620288848877 32.6098022460938 32.4891166687012 32.8665809631348 32.7796440124512 32.8898048400879 32.9283905029297 32.9366455078125 33.057674407959 32.6504287719727 32.720386505127 -9999 -9999 -9999 -9999 -9999 -9999 -9999 -9999 32.9038619995117 32.9194450378418 32.961971282959 33.0289154052734
-9999 -9999 -9999 -9999 -9999 -9999 -9999 -9999 -9999 -9999 -9999 -9999 -9999 -9999 -9999 -9999 -9999 -9999 -9999 -9999 32.789623260498 32.7804794311523 32.8108596801758 32.4896430969238 32.2378921508789 32.174690246582 32.5100936889648 32.6448402404785 32.8490104675293 32.0663261413574 32.6798095703125 32.6648025512695 32.6557693481445 31.6824684143066 29.9460067749023 32.2327041625977 32.687328338623 32.6805686950684 32.6856422424316 32.6946792602539 32.6934928894043 32.694263458252 32.7072715759277 32.7183113098145 -9999 -9999 -9999 -9999 -9999 -9999 -9999 -9999 -9999 -9999 -9999 32.9495811462402 32.9834976196289
-9999 -9999 -9999 -9999 -9999 -9999 -9999 -9999 -9999 -9999 -9999 -9999 -9999 -9999 -9999 -9999 -9999 -9999 -9999 -9999 -9999 32.7693328857422 32.7643394470215 32.8843955993652 32.5018539428711 32.4876403808594 32.5448341369629 32.9429969787598 32.6599349975586 32.6611709594727 30.9152030944824 32.9018669128418 32.6859321594238 32.6830825805664 32.6707534790039 32.6640892028809 -9999 -9999 -9999 -9999 32.692626953125 -9999 -9999 -9999 -9999 -9999 -9999 -9999 -9999 -9999 -9999 -9999 -9999 -9999 -9999 -9999 -9999
-9999 -9999 -9999 -9999 -9999 -9999 -9999 -9999 -9999 -9999 -9999 -9999 -9999 -9999 -9999 -9999 -9999 -9999 -9999 -9999 -9999 -9999 32.7539863586426 32.8722229003906 32.6777267456055 32.4747085571289 32.6773834228516 32.9274406433105 32.6621208190918 32.7016944885254 32.6962471008301 32.6886444091797 32.6752090454102 32.6745567321777 32.6711120605469 -9999 -9999 -9999 -9999 -9999 -9999 -9999 -9999 -9999 -9999 -9999 -9999 -9999 -9999 -9999 -9999 -9999 -9999 -9999 -9999 -9999 -9999
-9999 -9999 -9999 -9999 -9999 -9999 -9999 -9999 -9999 -9999 -9999 -9999 -9999 -9999 -9999 -9999 -9999 -9999 -9999 -9999 -9999 -9999 -9999 32.7366676330566 32.8515510559082 32.6732749938965 32.711597442627 32.7097396850586 32.7014465332031 32.6996726989746 -9999 32.6833534240723 -9999 -9999 -9999 -9999 -9999 -9999 -9999 -9999 -9999 -9999 -9999 -9999 -9999 -9999 -9999 -9999 -9999 -9999 -9999 -9999 -9999 -9999 -9999 -9999 -9999
-9999 -9999 -9999 -9999 -9999 -9999 -9999 -9999 -9999 -9999 -9999 -9999 -9999 -9999 -9999 -9999 -9999 -9999 -9999 -9999 -9999 -9999 -9999 -9999 32.7260627746582 32.7214584350586 -9999 -9999 -9999 -9999 -9999 -9999 -9999 -9999 -9999 -9999 -9999 -9999 -9999 -9999 -9999 -9999 -9999 -9999 -9999 -9999 -9999 -9999 -9999 -9999 -9999 -9999 -9999 -9999 -9999 -9999 -9999
-9999 -9999 -9999 -9999 -9999 -9999 -9999 -9999 -9999 -9999 -9999 -9999 -9999 -9999 -9999 -9999 -9999 -9999 -9999 -9999 -9999 -9999 -9999 -9999 -9999 -9999 -9999 -9999 -9999 -9999 -9999 -9999 -9999 -9999 -9999 -9999 -9999 -9999 -9999 -9999 -9999 -9999 -9999 -9999 -9999 -9999 -9999 -9999 -9999 -9999 -9999 -9999 -9999 -9999 -9999 -9999 -9999
-9999 -9999 -9999 -9999 -9999 -9999 -9999 -9999 -9999 -9999 -9999 -9999 -9999 -9999 -9999 -9999 -9999 -9999 -9999 -9999 -9999 -9999 -9999 -9999 -9999 -9999 -9999 -9999 -9999 -9999 -9999 -9999 -9999 -9999 -9999 -9999 -9999 -9999 -9999 -9999 -9999 -9999 -9999 -9999 -9999 -9999 -9999 -9999 -9999 -9999 -9999 -9999 -9999 -9999 -9999 -9999 -9999
