G_variables/Set1/RCP8_2100/Min_tem_max.asc
NCOLS 229 
NROWS 147 
XLLCORNER -101.25 
YLLCORNER 14.3333333333333 
CELLSIZE 0.0833333333333333 
NODATA_value -9999 
[rows 52 to 77 of 147, columns 114 to 170 of 229]
28.2059764862061 27.3089199066162 31.8029594421387 33.1245384216309 33.1028251647949 31.8528594970703 33.0716400146484 33.0480995178223 32.9985313415527 32.9035835266113 32.1002883911133 31.8070964813232 32.0399131774902 32.0038642883301 32.0004806518555 31.684175491333 30.9314937591553 31.5859756469727 31.825345993042 31.7777042388916 31.4199066162109 31.39133644104 31.6531658172607 31.2701225280762 31.5555000305176 30.4792079925537 31.0909767150879 30.4644641876221 30.454309463501 30.3314609527588 30.9232864379883 30.9043140411377 30.8223438262939 30.7817058563232 32.5075645446777 32.5160484313965 31.0497722625732 30.9678859710693 30.9103927612305 30.918420791626 30.8204460144043 30.8134937286377 32.4084548950195 32.3583335876465 31.0345153808594 31.0248279571533 30.9959964752197 31.0239334106445 31.4682292938232 31.4672203063965 31.9731998443604 31.5342578887939 31.2755260467529 31.2560806274414 31.1081657409668 31.0440807342529 31.9101295471191
31.2584457397461 28.8552894592285 33.0837745666504 33.1169891357422 33.0606422424316 32.6407470703125 32.8006324768066 32.7586364746094 32.9431762695312 32.8309211730957 32.1027030944824 32.0788688659668 32.9298667907715 32.8713531494141 31.006175994873 30.980842590332 30.9055862426758 30.9013385772705 32.1600952148438 31.5297832489014 30.7550659179688 31.4206085205078 31.6092624664307 31.2258567810059 31.535062789917 31.1808433532715 31.0895576477051 31.0880489349365 31.0186862945557 30.9848365783691 30.93603515625 30.8414134979248 30.8040256500244 30.747465133667 31.4194889068604 31.3933334350586 31.3063297271729 31.2849235534668 31.5867519378662 31.5607624053955 31.1130294799805 31.5074100494385 32.390697479248 32.3819198608398 31.4060020446777 31.4398059844971 30.9796276092529 30.9966735839844 31.0415210723877 31.1007995605469 31.1788444519043 31.1792068481445 31.8491077423096 31.7961006164551 31.6445121765137 31.1937580108643 31.1729011535645
31.8644027709961 31.3111686706543 33.0583229064941 33.081615447998 32.820255279541 32.9356727600098 31.2259883880615 32.9050445556641 32.204761505127 32.1496200561523 31.9157752990723 31.1468563079834 32.8810119628906 32.845817565918 32.5657691955566 32.5110054016113 31.6801815032959 31.6690788269043 31.5926303863525 31.5417804718018 31.4770736694336 31.4084568023682 31.6140003204346 31.3241710662842 31.5563945770264 31.1797485351562 31.0907287597656 31.0744705200195 31.0151500701904 31.3569717407227 31.2353248596191 31.180871963501 31.2086124420166 31.4498348236084 31.42262840271 31.4018859863281 31.7025165557861 31.6062622070312 31.9454746246338 31.9333686828613 31.9054050445557 31.4878330230713 32.3643112182617 32.3616409301758 31.7752895355225 31.4212474822998 31.4014739990234 31.4025859832764 31.4637184143066 31.1003971099854 31.1439037322998 31.1860179901123 31.8451442718506 31.9895515441895 31.843111038208 31.8272819519043 31.8403244018555
31.3208770751953 31.3006114959717 32.3215789794922 32.8228225708008 32.2976188659668 32.6151847839355 31.2211933135986 31.8705425262451 32.2117652893066 32.163818359375 31.844820022583 32.1132049560547 31.7904682159424 32.5762672424316 32.7600746154785 32.766544342041 31.8795223236084 31.6174488067627 31.8333702087402 31.7655429840088 31.6921691894531 31.6836814880371 32.2924652099609 31.9024829864502 31.5180168151855 31.4926986694336 31.412670135498 31.3638439178467 32.5799827575684 32.5312576293945 31.6330509185791 31.9333724975586 31.50217628479 31.8789024353027 31.4261112213135 31.7096843719482 32.2446594238281 32.1881980895996 32.3608818054199 32.3600234985352 32.0902976989746 32.096004486084 32.2446632385254 32.3893890380859 32.0510292053223 32.0353927612305 31.9662704467773 32.0076141357422 31.7434482574463 31.9503803253174 31.7466564178467 32.1597633361816 31.520076751709 31.9405670166016 32.3733062744141 32.3845024108887 32.0025062561035
31.4005336761475 32.0172729492188 32.3416938781738 32.6451873779297 32.8710060119629 31.2688999176025 31.9695358276367 31.9610862731934 32.5300636291504 31.919075012207 31.8523921966553 32.118824005127 32.7117118835449 32.7550392150879 31.9845752716064 32.6226501464844 32.2534980773926 32.6117858886719 32.6564598083496 32.5817489624023 32.0361862182617 32.5081100463867 32.5720138549805 32.5921478271484 31.877836227417 31.7290592193604 31.7281055450439 32.0504570007324 32.5661277770996 32.5001373291016 32.2523651123047 32.208683013916 32.3435821533203 32.3212966918945 32.3180046081543 32.2889633178711 32.3890724182129 32.2224617004395 32.3678932189941 32.3701820373535 32.335865020752 32.2482147216797 32.2717132568359 32.3674774169922 32.0412826538086 32.2726745605469 31.9646511077881 32.0044937133789 31.8715400695801 31.8747978210449 31.9087924957275 31.9136562347412 31.9219760894775 31.9402866363525 32.3931541442871 32.390926361084 32.1498985290527
32.0432624816895 32.3533973693848 32.3342323303223 32.6539192199707 32.7421798706055 32.0040550231934 31.291223526001 31.9141845703125 32.0721321105957 31.9636421203613 32.175163269043 31.9123268127441 32.7956581115723 32.7472038269043 31.9949035644531 32.2518615722656 32.5717277526855 32.427173614502 32.6751403808594 32.614803314209 32.0292358398438 32.4791221618652 32.2492332458496 32.4049911499023 32.3992462158203 32.4026184082031 32.4708099365234 32.3466835021973 32.3407859802246 32.4104995727539 32.39404296875 32.3676452636719 32.4474029541016 32.4335556030273 32.4016494750977 32.4498329162598 32.3395881652832 32.336181640625 32.3535423278809 32.3575744628906 32.3400573730469 31.8137035369873 31.7978267669678 32.3569564819336 32.3474388122559 32.2739601135254 32.2691917419434 32.3057250976562 32.1724700927734 32.2465019226074 32.1938819885254 32.2560539245605 32.2753601074219 32.2913398742676 32.391414642334 32.3894653320312 32.2687301635742
32.0086898803711 32.6602478027344 32.3968772888184 32.3736686706543 32.3689994812012 32.3476753234863 32.7102928161621 32.8230895996094 32.2961196899414 32.7874031066895 32.699634552002 32.6992301940918 32.7537002563477 32.7196922302246 32.0193138122559 32.2614631652832 32.6668815612793 32.6545486450195 32.633903503418 32.606861114502 32.2970542907715 32.6003913879395 32.4591522216797 32.4055862426758 32.5058364868164 32.5248947143555 32.5233421325684 32.501838684082 32.522216796875 32.5022621154785 32.4655799865723 32.4985466003418 32.3415718078613 32.3204689025879 32.3825836181641 32.3903694152832 32.3866920471191 32.3760948181152 32.3596878051758 32.3555374145508 32.334587097168 32.3311958312988 32.2918548583984 32.2827186584473 32.2610397338867 32.2588768005371 32.3125686645508 32.2950286865234 32.184986114502 32.2542610168457 31.9697284698486 31.9583072662354 32.3554763793945 32.3723297119141 32.3843460083008 32.3963890075684 31.4878368377686
32.431568145752 32.6439628601074 32.1807746887207 32.772289276123 32.9269638061523 32.0223426818848 32.6164093017578 32.8235054016113 32.7971458435059 32.7765502929688 32.4551467895508 32.5937652587891 32.4044303894043 32.4248924255371 32.302116394043 32.3148040771484 32.6640548706055 32.6230506896973 32.614803314209 32.6369972229004 32.6025886535645 32.6113891601562 32.5782318115234 32.5753936767578 32.5497207641602 32.5670166015625 32.5354194641113 32.5245323181152 32.4931640625 32.4768486022949 32.4729995727539 32.4552993774414 32.4143524169922 32.4227333068848 32.4104652404785 32.3858108520508 32.3790969848633 32.3758010864258 32.329891204834 32.3202514648438 32.3437843322754 32.3321495056152 32.3416938781738 32.3376960754395 32.3417167663574 32.3423042297363 32.3176040649414 32.2940406799316 32.3088722229004 32.3152313232422 31.4452686309814 31.5049209594727 32.3323822021484 32.3602561950684 32.3702201843262 32.4183464050293 32.3287620544434
32.426700592041 32.8284034729004 32.7990798950195 32.9472618103027 32.9097099304199 32.660083770752 32.7891616821289 32.831657409668 32.7360305786133 32.6715202331543 32.6185493469238 32.5905952453613 32.5640487670898 32.5490493774414 32.5042572021484 32.6358032226562 32.5885047912598 32.6336250305176 32.6051826477051 32.6202926635742 32.5898513793945 32.5920486450195 32.5621757507324 32.5448455810547 32.540340423584 32.5424766540527 32.4908981323242 32.4766960144043 32.5029144287109 32.4744262695312 32.4409523010254 32.4240531921387 32.4299125671387 32.4266395568848 32.3893394470215 32.376049041748 32.3796997070312 32.3815269470215 32.3635368347168 32.3596496582031 32.3596801757812 32.3444328308105 -9999 -9999 32.3383598327637 32.3413619995117 32.3351516723633 32.3357009887695 32.3546905517578 32.3565139770508 32.3116073608398 32.290843963623 32.3809471130371 32.3976707458496 32.4070053100586 32.4267616271973 32.4485359191895
32.1750984191895 32.4964485168457 32.9676818847656 32.9285316467285 32.695384979248 32.6511650085449 32.8516883850098 32.803108215332 32.7351188659668 32.7370719909668 32.7284049987793 32.72509765625 32.7208938598633 32.6549949645996 32.6713256835938 32.6740684509277 32.6800498962402 32.6264228820801 32.615665435791 32.6027870178223 32.5789222717285 32.561164855957 32.576171875 32.5346412658691 32.5153846740723 32.5105590820312 32.5041427612305 32.4562530517578 32.4452056884766 32.4627342224121 32.4208145141602 32.4123916625977 32.4187355041504 32.4009056091309 32.4052314758301 32.393180847168 32.3900337219238 32.367603302002 -9999 -9999 -9999 -9999 -9999 -9999 -9999 -9999 -9999 -9999 -9999 -9999 32.3658218383789 32.3823547363281 32.3806686401367 32.4013595581055 32.4156875610352 32.4413566589355 -9999
32.8570442199707 32.9757041931152 32.9558067321777 32.7906227111816 32.7240333557129 32.7987327575684 32.7823143005371 32.7798347473145 32.7668113708496 32.742057800293 32.7570610046387 32.7442817687988 32.7267723083496 32.711368560791 32.6848373413086 32.6785011291504 32.6437149047852 32.6597595214844 32.6265907287598 32.5989570617676 32.603874206543 32.5908432006836 32.5433731079102 32.5421600341797 32.5088882446289 32.4933891296387 32.4812393188477 32.4545364379883 32.4450035095215 32.4702262878418 32.4489135742188 32.4378433227539 32.4248847961426 32.4184837341309 32.4109306335449 -9999 -9999 -9999 -9999 -9999 -9999 -9999 -9999 -9999 -9999 -9999 -9999 -9999 -9999 -9999 -9999 -9999 -9999 -9999 -9999 -9999 -9999
33.0084228515625 32.9651947021484 32.8909378051758 32.8796043395996 32.7452507019043 32.8053741455078 32.7903900146484 32.7780723571777 32.8487815856934 32.7561187744141 32.7565002441406 32.7318496704102 32.709846496582 32.729663848877 32.7068214416504 32.6944465637207 32.6975860595703 32.6753730773926 32.6375350952148 32.6137428283691 32.6185150146484 32.5863952636719 32.5727691650391 32.5559120178223 32.5514297485352 32.5252838134766 32.5042419433594 32.4844665527344 -9999 -9999 -9999 -9999 -9999 -9999 -9999 -9999 -9999 -9999 -9999 -9999 -9999 -9999 -9999 -9999 -9999 -9999 -9999 -9999 -9999 -9999 -9999 -9999 -9999 -9999 -9999 -9999 -9999
32.9980010986328 32.9353828430176 32.5697555541992 32.8748016357422 32.7937164306641 32.839111328125 32.8118553161621 32.835018157959 32.7675628662109 32.7608413696289 32.7414703369141 32.7494697570801 32.7612724304199 32.7324829101562 32.7115287780762 32.7131271362305 32.7121162414551 32.6934661865234 32.6748809814453 32.6538925170898 32.6494445800781 32.6226119995117 32.6023826599121 -9999 -9999 -9999 -9999 -9999 -9999 -9999 -9999 -9999 -9999 -9999 -9999 -9999 -9999 -9999 -9999 -9999 -9999 -9999 -9999 -9999 -9999 -9999 -9999 -9999 -9999 -9999 -9999 -9999 -9999 -9999 -9999 -9999 -9999
32.6265716552734 32.6222229003906 32.9027214050293 32.8706817626953 32.8965339660645 32.8429985046387 32.7747039794922 32.7592163085938 32.8027763366699 32.7965812683105 32.7547607421875 32.7739639282227 32.7247543334961 32.7681350708008 32.7680015563965 32.7426300048828 32.7496566772461 32.7211608886719 32.7237396240234 32.7085075378418 32.6895790100098 -9999 -9999 -9999 -9999 -9999 -9999 -9999 -9999 -9999 -9999 -9999 -9999 -9999 -9999 -9999 -9999 -9999 -9999 -9999 -9999 -9999 -9999 -9999 -9999 -9999 -9999 -9999 -9999 -9999 -9999 -9999 -9999 -9999 -9999 -9999 -9999
32.631404876709 32.635856628418 32.8776359558105 32.8372573852539 32.8521347045898 32.8214683532715 32.8004417419434 32.8170967102051 32.7807846069336 32.7560653686523 32.7643928527832 32.7534599304199 32.7988166809082 32.8154792785645 32.8078842163086 32.7915344238281 32.7835540771484 32.7648429870605 -9999 -9999 -9999 -9999 -9999 -9999 -9999 -9999 -9999 -9999 -9999 -9999 -9999 -9999 -9999 -9999 -9999 -9999 -9999 -9999 -9999 -9999 -9999 -9999 -9999 -9999 -9999 -9999 -9999 -9999 -9999 -9999 -9999 -9999 -9999 -9999 -9999 -9999 -9999
32.9167633056641 32.9151878356934 32.634578704834 32.8297882080078 32.8641586303711 32.818473815918 32.8564147949219 32.8216590881348 32.8428115844727 32.7696838378906 32.8460807800293 32.8507957458496 32.8404579162598 32.8326644897461 32.8352203369141 32.8154563903809 32.7890090942383 -9999 -9999 -9999 -9999 -9999 -9999 -9999 -9999 -9999 -9999 -9999 -9999 -9999 -9999 -9999 -9999 -9999 -9999 -9999 -9999 -9999 -9999 -9999 -9999 -9999 -9999 -9999 -9999 -9999 -9999 -9999 -9999 -9999 -9999 -9999 -9999 -9999 -9999 -9999 -9999
32.8863296508789 32.7921447753906 32.6263542175293 32.8043022155762 32.8993988037109 32.8872337341309 32.8803863525391 32.9031105041504 32.8669090270996 32.8645935058594 32.870044708252 32.8631477355957 32.8552169799805 32.8889541625977 32.8702163696289 32.8647766113281 32.838809967041 -9999 -9999 -9999 -9999 -9999 -9999 -9999 -9999 -9999 -9999 -9999 -9999 -9999 -9999 -9999 -9999 -9999 -9999 -9999 -9999 -9999 -9999 -9999 -9999 -9999 -9999 -9999 -9999 -9999 -9999 -9999 -9999 -9999 -9999 -9999 -9999 -9999 -9999 -9999 -9999
32.9135437011719 32.9021797180176 32.7968444824219 32.8035888671875 32.9117698669434 32.841064453125 32.8544540405273 32.8884086608887 32.8719139099121 32.890323638916 32.9025421142578 32.9057197570801 32.9092330932617 32.911262512207 32.9162979125977 32.9232368469238 32.8824234008789 -9999 -9999 -9999 -9999 -9999 -9999 -9999 -9999 -9999 -9999 -9999 -9999 -9999 -9999 -9999 -9999 -9999 -9999 -9999 -9999 -9999 -9999 -9999 -9999 -9999 -9999 -9999 -9999 -9999 -9999 -9999 -9999 -9999 -9999 -9999 -9999 -9999 -9999 -9999 -9999
32.9107093811035 32.925121307373 32.6695137023926 32.9572410583496 32.8769378662109 32.9382743835449 32.8954544067383 32.9304618835449 32.921085357666 32.9291458129883 32.9056015014648 32.9432258605957 32.9658966064453 32.940860748291 32.9941520690918 32.9221839904785 -9999 -9999 -9999 -9999 -9999 -9999 -9999 -9999 -9999 -9999 -9999 -9999 -9999 -9999 -9999 -9999 -9999 -9999 -9999 -9999 -9999 -9999 -9999 -9999 -9999 -9999 -9999 -9999 -9999 -9999 -9999 -9999 -9999 -9999 -9999 -9999 -9999 -9999 -9999 -9999 32.762939453125
32.8792953491211 32.8840675354004 32.8848571777344 32.881233215332 32.8693962097168 33.0116539001465 32.9995307922363 32.9888229370117 32.929271697998 32.9526138305664 32.9596633911133 32.9814605712891 32.9928207397461 32.9929733276367 33.0057563781738 32.9504470825195 -9999 -9999 -9999 -9999 -9999 -9999 -9999 -9999 -9999 -9999 -9999 -9999 -9999 -9999 -9999 -9999 -9999 -9999 -9999 -9999 -9999 -9999 -9999 -9999 -9999 -9999 -9999 -9999 -9999 -9999 -9999 -9999 -9999 -9999 -9999 -9999 -9999 -9999 -9999 32.7753028869629 32.7774696350098
32.8741569519043 32.9186820983887 32.9201316833496 32.8474807739258 32.6138038635254 33.0099411010742 33.0032920837402 32.9773902893066 32.9983863830566 32.9834022521973 33.0265502929688 33.0124206542969 33.0397796630859 33.0130081176758 33.0710792541504 -9999 -9999 -9999 -9999 -9999 -9999 -9999 -9999 -9999 -9999 -9999 -9999 -9999 -9999 -9999 -9999 -9999 -9999 -9999 -9999 -9999 -9999 -9999 -9999 -9999 -9999 -9999 -9999 -9999 -9999 -9999 -9999 -9999 -9999 -9999 -9999 -9999 -9999 -9999 32.7930374145508 32.7874450683594 32.5605125427246
32.8694152832031 32.9261703491211 32.9384269714355 32.9259300231934 32.8591194152832 33.0448265075684 33.0457725524902 33.0540809631348 33.0742263793945 33.0094680786133 33.042667388916 33.0465202331543 33.0687255859375 33.1125869750977 33.0265579223633 33.0177841186523 -9999 -9999 -9999 -9999 -9999 -9999 -9999 -9999 -9999 -9999 -9999 -9999 -9999 -9999 -9999 -9999 -9999 -9999 -9999 -9999 -9999 -9999 -9999 -9999 -9999 -9999 -9999 -9999 -9999 -9999 -9999 -9999 -9999 -9999 -9999 -9999 -9999 32.7953948974609 32.7964744567871 32.3607482910156 32.7903366088867
32.8183517456055 32.852970123291 33.0204963684082 33.0150718688965 33.1353302001953 32.9654235839844 32.9672813415527 33.0050506591797 33.0353965759277 33.0425148010254 33.0562171936035 33.0740966796875 33.1327362060547 33.1323013305664 33.1364479064941 -9999 -9999 -9999 -9999 -9999 -9999 -9999 -9999 -9999 -9999 -9999 -9999 -9999 -9999 -9999 -9999 -9999 -9999 -9999 -9999 -9999 -9999 -9999 -9999 -9999 -9999 -9999 -9999 -9999 -9999 -9999 -9999 -9999 -9999 -9999 -9999 -9999 -9999 32.7929077148438 32.807014465332 31.5912990570068 32.8070602416992
32.9441108703613 33.052661895752 33.0568923950195 33.1024589538574 32.8373870849609 33.1088104248047 33.0121688842773 33.0218963623047 33.057373046875 33.0615653991699 33.1122970581055 33.1079750061035 33.1676979064941 33.1736869812012 33.1943168640137 -9999 -9999 -9999 -9999 -9999 -9999 -9999 -9999 -9999 -9999 -9999 -9999 -9999 -9999 -9999 -9999 -9999 -9999 -9999 -9999 -9999 -9999 -9999 -9999 -9999 -9999 -9999 -9999 -9999 -9999 -9999 -9999 -9999 -9999 -9999 -9999 32.8013648986816 32.8030395507812 32.8260726928711 24.9152488708496 31.8794803619385 32.8064422607422
33.0623016357422 33.0827331542969 33.0807800292969 33.0818252563477 33.12890625 33.1805572509766 33.2224349975586 33.1461524963379 33.0876846313477 33.0807418823242 33.1280250549316 33.1288299560547 33.135555267334 33.2001609802246 33.2040977478027 -9999 -9999 -9999 -9999 -9999 -9999 -9999 -9999 -9999 -9999 -9999 -9999 -9999 -9999 -9999 -9999 -9999 -9999 -9999 -9999 -9999 -9999 -9999 -9999 -9999 -9999 -9999 -9999 -9999 -9999 -9999 -9999 -9999 -9999 -9999 -9999 32.799633026123 32.7967109680176 32.8262138366699 18.0964317321777 23.7628612518311 31.5887336730957
32.5403594970703 32.784610748291 33.1497840881348 33.115234375 33.2515182495117 33.2305526733398 33.2200469970703 33.2750129699707 33.2232627868652 33.1046943664551 33.1209297180176 33.1503753662109 33.2256660461426 33.2307472229004 33.2355461120605 -9999 -9999 -9999 -9999 -9999 -9999 -9999 -9999 -9999 -9999 -9999 -9999 -9999 -9999 -9999 -9999 -9999 -9999 -9999 -9999 -9999 -9999 -9999 -9999 -9999 -9999 -9999 -9999 -9999 -9999 -9999 -9999 -9999 -9999 -9999 -9999 32.8111190795898 32.8338394165039 31.5097618103027 17.9986877441406 15.8971614837646 12.9683170318604
