G_variables/Set1/RCP8_2100/Min_tem_max.asc
NCOLS 229 
NROWS 147 
XLLCORNER -101.25 
YLLCORNER 14.3333333333333 
CELLSIZE 0.0833333333333333 
NODATA_value -9999 
[rows 78 to 103 of 147, columns 171 to 227 of 229]
6.21593952178955 5.6539306640625 5.3068962097168 5.66448450088501 16.4094066619873 17.6386413574219 10.7819576263428 12.0863065719604 5.00747394561768 3.74962329864502 3.63189673423767 3.58572578430176 3.50972986221313 3.50989127159119 3.50989699363708 3.50895547866821 3.50891542434692 3.51106429100037 3.51106214523315 3.50894355773926 3.50893688201904 3.53320956230164 3.50887894630432 3.50890207290649 -9999 -9999 -9999 -9999 -9999 -9999 -9999 -9999 -9999 -9999 -9999 -9999 -9999 -9999 -9999 -9999 -9999 -9999 -9999 -9999 -9999 -9999 -9999 -9999 -9999 -9999 -9999 -9999 -9999 -9999 -9999 -9999 -9999
6.21805334091187 5.52895975112915 5.30488395690918 11.7199096679688 10.6611166000366 8.48289108276367 4.65214061737061 4.8056845664978 3.74905586242676 3.70947980880737 3.51027417182922 3.50993514060974 3.50997233390808 3.50900149345398 3.50900983810425 3.5110330581665 3.51104879379272 3.53270196914673 3.53325128555298 3.50898766517639 3.50894927978516 3.53321838378906 3.51307320594788 3.5204541683197 3.50886964797974 -9999 -9999 -9999 -9999 -9999 -9999 -9999 -9999 -9999 -9999 -9999 -9999 -9999 -9999 -9999 -9999 -9999 -9999 -9999 -9999 -9999 -9999 -9999 -9999 -9999 -9999 -9999 -9999 -9999 -9999 -9999 -9999
5.62900543212891 5.29982948303223 5.6909351348877 11.847767829895 11.7562580108643 4.25432920455933 4.06951141357422 3.79590225219727 3.70733904838562 3.51130104064941 3.50995492935181 3.50993919372559 3.50898003578186 3.50898289680481 3.50904130935669 3.50895118713379 3.50895428657532 3.5089807510376 3.50897216796875 3.50906205177307 3.50907135009766 3.5089476108551 3.51385450363159 3.52401781082153 3.53319025039673 3.50896525382996 -9999 -9999 -9999 -9999 -9999 -9999 -9999 -9999 -9999 -9999 -9999 -9999 -9999 -9999 -9999 -9999 -9999 -9999 -9999 -9999 -9999 -9999 -9999 -9999 -9999 -9999 -9999 -9999 -9999 -9999 -9999
5.64948606491089 5.19291973114014 4.88661623001099 6.57848405838013 4.99735736846924 5.5388298034668 3.68696188926697 3.57593607902527 3.51049423217773 3.50991773605347 3.50903749465942 3.50902223587036 3.50898289680481 3.50900101661682 3.50898408889771 3.50898933410645 3.50902986526489 3.50899982452393 3.50899791717529 3.5014910697937 3.50092697143555 3.50212144851685 3.50894474983215 3.50894165039062 3.50906825065613 3.50897455215454 3.50896549224854 -9999 -9999 -9999 -9999 -9999 -9999 -9999 -9999 -9999 -9999 -9999 -9999 -9999 -9999 -9999 -9999 -9999 -9999 -9999 -9999 -9999 -9999 -9999 -9999 -9999 -9999 -9999 -9999 -9999 -9999
6.1889123916626 6.19990587234497 4.8853874206543 4.40287065505981 5.19595193862915 6.23033571243286 3.68676829338074 3.50988793373108 3.50990343093872 3.50897741317749 3.52975630760193 3.50898194313049 3.50898838043213 3.50902962684631 3.50897789001465 3.50898194313049 3.50802659988403 3.46132898330688 3.46592688560486 3.50065469741821 3.50828123092651 3.50897669792175 3.5089545249939 3.50898933410645 3.5090069770813 3.50895929336548 3.50894141197205 -9999 -9999 -9999 -9999 -9999 -9999 -9999 -9999 -9999 -9999 -9999 -9999 -9999 -9999 -9999 -9999 -9999 -9999 -9999 -9999 -9999 -9999 -9999 -9999 -9999 -9999 -9999 -9999 -9999 -9999
7.39523792266846 6.34001016616821 7.54491853713989 5.51491069793701 6.57183885574341 5.30594396591187 3.70928311347961 3.5090446472168 3.53278374671936 3.57550668716431 3.510897397995 3.51108598709106 3.51162481307983 3.50905632972717 3.50904703140259 3.50133299827576 3.50093102455139 3.46083760261536 3.46140313148499 3.50062417984009 3.50214815139771 3.50898289680481 3.50897097587585 3.50906443595886 3.50898146629333 3.50895285606384 3.50897264480591 3.51134014129639 -9999 -9999 -9999 -9999 -9999 -9999 -9999 -9999 -9999 -9999 -9999 -9999 -9999 -9999 -9999 -9999 -9999 -9999 -9999 -9999 -9999 -9999 -9999 -9999 -9999 -9999 -9999 -9999 -9999
6.16976356506348 5.66424608230591 9.3718433380127 6.00618696212769 4.88446092605591 4.37597942352295 3.51116251945496 3.51180863380432 3.51106572151184 3.50897693634033 3.5111231803894 3.51163363456726 3.51139116287231 3.50898289680481 3.50898957252502 3.50899767875671 3.50898504257202 3.50624203681946 3.46544408798218 3.4659252166748 3.50232672691345 3.50915884971619 3.50905251502991 3.50903010368347 3.51132678985596 3.5330183506012 3.5090446472168 3.50893545150757 3.50890517234802 3.50888061523438 3.50916528701782 3.50904154777527 -9999 -9999 -9999 -9999 -9999 -9999 -9999 -9999 -9999 -9999 -9999 -9999 -9999 -9999 -9999 -9999 -9999 -9999 -9999 -9999 -9999 -9999 -9999 -9999 -9999
4.63893985748291 4.39720392227173 3.96982598304749 3.7062406539917 3.63735938072205 3.5754656791687 3.50908184051514 3.50901079177856 3.50904130935669 3.53329920768738 3.51172161102295 3.51162815093994 3.50902318954468 3.50899505615234 3.50900173187256 3.51182246208191 3.52387762069702 3.51171374320984 3.50076079368591 3.50136828422546 3.50904846191406 3.50904083251953 3.50905299186707 3.51139187812805 3.51052498817444 3.51130819320679 3.51155662536621 3.53297090530396 3.50911116600037 3.50911474227905 3.53291773796082 3.53193116188049 3.50744605064392 3.50742220878601 3.53183579444885 3.5111391544342 3.63207530975342 3.70662450790405 3.70670676231384 -9999 -9999 -9999 -9999 -9999 -9999 -9999 -9999 -9999 -9999 -9999 -9999 -9999 -9999 -9999 -9999 -9999 -9999
4.67964506149292 4.64461946487427 3.85445070266724 3.70526552200317 3.62968420982361 3.50906777381897 3.50903129577637 3.50903081893921 3.50906848907471 3.50899696350098 3.50898861885071 3.50901508331299 3.50903964042664 3.51175427436829 3.51170349121094 3.51163053512573 3.51346755027771 3.51219439506531 3.5077953338623 3.50928926467896 3.50903820991516 3.5090434551239 3.50899767875671 3.52192234992981 3.51117753982544 3.51110363006592 3.5105402469635 3.51133871078491 3.5075044631958 3.50745797157288 3.51152610778809 3.53196835517883 3.50745844841003 3.50740528106689 3.5902636051178 3.63178777694702 3.7076849937439 3.72139167785645 3.71969151496887 3.71284079551697 3.73386406898499 3.73398685455322 3.73576951026917 -9999 -9999 -9999 -9999 -9999 -9999 -9999 -9999 -9999 -9999 -9999 -9999 -9999 -9999
4.64009189605713 4.641761302948 3.8545343875885 3.58657836914062 3.57577538490295 3.50898957252502 3.50906586647034 3.5090856552124 3.50911831855774 3.50905966758728 3.50908946990967 3.50902223587036 3.5090970993042 3.51180553436279 3.51220798492432 3.50902462005615 3.51221656799316 3.512122631073 3.50907373428345 3.51142191886902 3.53307247161865 3.50905323028564 3.53304529190063 3.51986598968506 3.51223802566528 3.51135325431824 3.51636123657227 3.53205800056458 3.50746393203735 3.57695889472961 3.59313869476318 3.53171682357788 3.50718235969543 3.51077198982239 3.63150858879089 3.72925448417664 3.69455933570862 3.70245361328125 3.70153903961182 3.73469686508179 3.72405505180359 3.72616672515869 3.70068430900574 3.7007269859314 -9999 -9999 -9999 -9999 -9999 -9999 -9999 -9999 -9999 -9999 -9999 -9999 -9999
5.62549304962158 4.78174304962158 3.71214818954468 3.532790184021 3.50903391838074 3.50902462005615 3.50909900665283 3.50909781455994 3.50905847549438 3.50907564163208 3.50914072990417 3.50907850265503 3.50908899307251 3.50905251502991 3.50906586647034 3.50904321670532 3.5090274810791 3.50924372673035 3.51165914535522 3.57696056365967 3.51054310798645 3.50107169151306 3.53304290771484 3.51163935661316 3.51135897636414 3.53207015991211 3.51310181617737 3.5122697353363 3.51135563850403 3.57698726654053 3.58981418609619 3.72882080078125 3.71820116043091 3.70857715606689 3.71846556663513 3.70271921157837 3.80955791473389 3.84117126464844 3.78424072265625 3.74217557907104 3.73471784591675 3.72609424591064 3.73611688613892 3.70797157287598 3.7076199054718 -9999 -9999 -9999 -9999 -9999 -9999 -9999 -9999 -9999 -9999 -9999 -9999
28.6384468078613 7.49447107315063 4.0662784576416 3.5120575428009 3.5090160369873 3.53332161903381 3.53332185745239 3.50908136367798 3.50914454460144 3.50913667678833 3.50914645195007 3.50911450386047 3.50902771949768 3.50901746749878 3.50912761688232 3.50908803939819 3.50907301902771 3.50900793075562 3.5116012096405 3.51129508018494 3.5105402469635 3.50862336158752 3.50757384300232 3.50759410858154 3.50759315490723 3.53208780288696 3.52567362785339 3.52523374557495 3.51238703727722 3.71483182907104 3.71149826049805 3.74451375007629 3.71820259094238 3.69453382492065 3.68724608421326 3.71069693565369 3.89617013931274 3.97148728370667 3.87181258201599 3.74015879631042 3.70922064781189 3.70883727073669 3.68767738342285 3.71327614784241 3.72903823852539 3.69230318069458 -9999 -9999 -9999 -9999 -9999 -9999 -9999 -9999 -9999 -9999 -9999
21.1352443695068 6.15252351760864 4.06541299819946 3.57840251922607 3.53333497047424 3.53334832191467 3.53332376480103 3.50904607772827 3.50902104377747 3.50907802581787 3.5090925693512 3.50910496711731 3.50910878181458 3.50907731056213 3.50906157493591 3.50909304618835 3.50907373428345 3.5083212852478 3.53304171562195 3.51163148880005 3.51145720481873 3.50766801834106 3.50768232345581 3.50753784179688 3.50753879547119 3.51147890090942 3.51900887489319 3.51421403884888 3.58957052230835 3.703528881073 3.71116590499878 3.73216676712036 3.71542406082153 3.71859884262085 3.70306277275085 3.74294281005859 3.89488077163696 3.97100234031677 4.05092763900757 3.96883654594421 3.89220333099365 3.7822060585022 3.70165681838989 3.7810263633728 3.80536794662476 3.80673289299011 -9999 -9999 -9999 -9999 -9999 -9999 -9999 -9999 -9999 -9999 -9999
4.86873483657837 3.90932393074036 3.81575298309326 3.62984919548035 3.51203680038452 3.51237010955811 3.50900602340698 3.509028673172 3.50901913642883 3.50902009010315 3.50904035568237 3.50910592079163 3.50908946990967 3.50911474227905 3.50907731056213 3.5082859992981 3.50828886032104 3.50852608680725 3.50757884979248 3.50766491889954 3.50763201713562 3.5075991153717 3.50763058662415 3.50756454467773 3.50724959373474 3.53148436546326 3.5314769744873 3.50665259361267 3.5908534526825 3.6946132183075 4.05948734283447 3.84561133384705 3.71244645118713 3.72213506698608 3.70323920249939 3.87327432632446 7.08639430999756 24.7194442749023 31.1268692016602 23.11545753479 13.2418594360352 4.27978420257568 3.73912191390991 4.64736223220825 5.22816371917725 4.64697265625 3.80662298202515 -9999 -9999 -9999 -9999 -9999 -9999 -9999 -9999 -9999 -9999
4.13785457611084 3.68934082984924 3.7074248790741 3.70741868019104 3.51211738586426 3.51218223571777 3.50900411605835 3.53377223014832 3.50899720191956 3.53377246856689 3.50900602340698 3.50901198387146 3.51138162612915 3.51137495040894 3.5083167552948 3.50741720199585 3.50753903388977 3.50759816169739 3.50763487815857 3.50776600837708 3.50760936737061 3.50757670402527 3.50725793838501 3.51131558418274 3.51095223426819 3.51166081428528 3.58964610099792 3.58957457542419 3.5891273021698 3.716956615448 3.90149116516113 3.69447255134583 3.73094010353088 3.70310688018799 3.82528567314148 20.1776943206787 32.8603248596191 32.8617286682129 32.8633651733398 31.8925952911377 9.02053833007812 4.28003406524658 3.869295835495 5.22434711456299 27.8795509338379 26.0023727416992 5.28192377090454 7.11123847961426 -9999 -9999 -9999 -9999 -9999 -9999 -9999 -9999 -9999
4.29483842849731 3.63394927978516 3.5121328830719 3.51216006278992 3.51211810112 3.53357243537903 3.5119616985321 3.51224899291992 3.53379440307617 3.50828337669373 3.50830030441284 3.50742602348328 3.51142358779907 3.51153326034546 3.53210520744324 3.50759768486023 3.50762748718262 3.50760889053345 3.53209042549133 3.53213047981262 3.53182339668274 3.50724124908447 3.50693392753601 3.59188747406006 3.63191080093384 3.63178277015686 3.63130521774292 3.63059830665588 3.71172499656677 3.72821044921875 3.81133270263672 3.78505158424377 3.70980191230774 3.97313714027405 7.01484632492065 32.8251113891602 32.8267250061035 32.8291816711426 32.8324203491211 6.96550035476685 4.35689115524292 4.46179962158203 4.38097715377808 5.22171831130981 32.8476905822754 32.8477325439453 7.10767412185669 5.00593423843384 4.64747714996338 -9999 -9999 -9999 -9999 -9999 -9999 -9999 -9999
3.9093165397644 3.63300704956055 3.53318119049072 3.51187181472778 3.51177525520325 3.51172494888306 3.51237368583679 3.51114273071289 3.5131938457489 3.5318820476532 3.5071849822998 3.50720405578613 3.50730633735657 3.51115155220032 3.53187656402588 3.50736713409424 3.50737452507019 3.50735831260681 3.53159427642822 3.51077699661255 3.51067876815796 3.53067183494568 3.57612442970276 3.72101545333862 3.72115993499756 3.70747518539429 3.72606205940247 3.72066402435303 3.71669363975525 3.71719074249268 3.81119608879089 3.78517317771912 3.87362432479858 10.0712804794312 14.5582141876221 32.5815773010254 30.7997398376465 8.92302703857422 4.38112258911133 4.89607048034668 5.33667802810669 5.0062837600708 4.89380788803101 4.8932991027832 14.6010971069336 16.1402397155762 4.89363050460815 3.89405846595764 3.71000528335571 -9999 -9999 -9999 -9999 -9999 -9999 -9999 -9999
10.1663064956665 3.78884148597717 3.51172304153442 3.70716452598572 3.70926260948181 3.51172614097595 3.51153111457825 3.51102542877197 3.51706385612488 3.51091742515564 3.53172993659973 3.50679731369019 3.50679564476013 3.5070469379425 3.50705504417419 3.50706219673157 3.50704717636108 3.50702166557312 3.51177191734314 3.5309591293335 3.50974130630493 3.57506942749023 3.70610165596008 3.70165252685547 3.70220541954041 3.72374153137207 3.742595911026 3.74224615097046 3.70518517494202 3.72834467887878 3.73158240318298 3.73144197463989 3.9588623046875 6.27605724334717 6.29444694519043 5.34109544754028 20.8051242828369 14.3409080505371 5.67857885360718 6.06140184402466 5.5643162727356 4.89073133468628 5.67748641967773 6.07204627990723 5.51791095733643 4.88913059234619 3.70128536224365 3.5860857963562 3.58478569984436 3.50541520118713 -9999 -9999 -9999 -9999 -9999 -9999 -9999
17.8496437072754 4.86841535568237 3.58971738815308 3.70577168464661 3.71689891815186 3.51483368873596 3.5127534866333 3.51315474510193 3.51332402229309 3.51951885223389 3.51156949996948 3.53142833709717 3.5067925453186 3.50679206848145 3.5068051815033 3.53148794174194 3.50640535354614 3.50616812705994 3.53249025344849 3.53210711479187 3.58905839920044 3.69529032707214 3.70208120346069 3.7012927532196 3.74281477928162 3.74252080917358 3.81130743026733 3.81112694740295 3.84321117401123 3.8273298740387 3.70977640151978 3.73128199577332 3.84070825576782 4.79838180541992 30.8272228240967 32.7422409057617 32.7450523376465 12.4393367767334 12.449667930603 14.2061853408813 8.76809597015381 5.32373237609863 5.32589960098267 5.66173696517944 5.67125988006592 3.72920489311218 3.52680134773254 3.56539011001587 3.49471187591553 3.70170831680298 3.70120906829834 -9999 -9999 -9999 -9999 -9999 -9999
11.1439399719238 3.78719401359558 3.51185750961304 3.63269853591919 3.63098430633545 3.51185059547424 3.51160144805908 3.51244068145752 3.51565337181091 3.52108931541443 3.51152062416077 3.51022863388062 3.51077651977539 3.51006555557251 3.53228759765625 3.51158714294434 3.50565457344055 3.51123452186584 3.51147937774658 3.5320303440094 3.57387113571167 3.70190620422363 3.71002173423767 3.70996785163879 3.7538685798645 3.8112313747406 3.70237827301025 6.07489919662476 29.3176155090332 13.9665880203247 3.87316632270813 3.89804697036743 7.85333442687988 9.84681510925293 30.4963493347168 32.0224342346191 32.7188377380371 7.69402694702148 32.7212944030762 32.7139434814453 13.9873819351196 4.99725770950317 3.74001979827881 3.73947405815125 3.69359374046326 3.46013188362122 3.49671268463135 3.50547909736633 3.56468892097473 3.6879563331604 3.74723148345947 -9999 -9999 -9999 -9999 -9999 -9999
3.70759773254395 3.58882069587708 3.51068520545959 3.51063179969788 3.5101957321167 3.51026296615601 3.51059651374817 3.51040029525757 3.51436424255371 3.53075051307678 3.50981760025024 3.51537394523621 3.51271343231201 3.51125025749207 3.5896053314209 3.70691061019897 3.63200926780701 3.6382474899292 3.63143968582153 3.70634078979492 3.70640802383423 3.70647382736206 3.71291136741638 3.70960307121277 3.84408688545227 3.82884335517883 3.73136281967163 5.32658863067627 12.0066995620728 7.59335088729858 4.89043474197388 12.0903835296631 32.6832580566406 32.4857749938965 5.26818084716797 4.05263805389404 4.22195672988892 4.88713121414185 26.8273773193359 25.8290901184082 3.97195029258728 3.5854058265686 3.46010828018188 3.70750546455383 3.70258927345276 3.42104482650757 3.55150246620178 3.504154920578 3.6286449432373 3.74714159965515 3.7376561164856 3.58505034446716 -9999 -9999 -9999 -9999 -9999
3.63208961486816 3.70759630203247 3.63212275505066 3.63164687156677 3.5888979434967 3.57507991790771 3.51020288467407 3.51234841346741 3.51412653923035 3.51951909065247 3.51203203201294 3.51214718818665 3.51975250244141 3.53175139427185 3.70667028427124 3.71105265617371 3.70844507217407 3.69968295097351 3.81105995178223 3.8109974861145 3.71620678901672 3.72039222717285 3.72277283668518 3.74197745323181 3.82931733131409 3.80983757972717 3.81010174751282 3.80988430976868 3.87285494804382 4.05562114715576 4.99908781051636 8.51434898376465 9.62352561950684 5.4996395111084 3.7153627872467 3.62936496734619 3.49912977218628 3.62946581840515 3.70378518104553 3.70357418060303 3.49744772911072 3.4504508972168 3.45965528488159 3.70531344413757 3.78655743598938 3.71098709106445 3.63060736656189 3.74973440170288 3.73766589164734 3.74396443367004 3.58753848075867 3.62990283966064 -9999 -9999 -9999 -9999 -9999
3.6307532787323 3.70761394500732 3.70749282836914 3.71136021614075 3.63286304473877 3.57480978965759 3.51234221458435 3.51219415664673 3.51197028160095 3.63143181800842 3.63198018074036 3.51189708709717 3.51207327842712 3.59156060218811 3.7069034576416 3.63275861740112 3.70824527740479 3.69149899482727 3.81236433982849 3.81275844573975 3.8324728012085 3.84612345695496 3.84561705589294 3.73168087005615 3.70973896980286 3.82784223556519 3.76721048355103 3.71548318862915 3.89801859855652 4.12974786758423 3.73044586181641 3.72256803512573 3.70494985580444 3.50692296028137 3.49794220924377 3.46117687225342 3.42159581184387 3.46009516716003 3.46013379096985 3.46013927459717 3.5060601234436 3.63068675994873 3.49745893478394 3.46242022514343 3.73454737663269 3.71116590499878 3.70183563232422 3.73828077316284 3.74913001060486 3.74929714202881 3.7014594078064 3.62938666343689 3.74909543991089 -9999 -9999 -9999 -9999
3.70756578445435 3.70857000350952 3.70759868621826 3.70754981040955 3.58943367004395 3.5738627910614 3.57382655143738 3.57409358024597 3.57524251937866 3.63337731361389 3.63329792022705 3.57361030578613 3.7070004940033 3.71124362945557 3.71111607551575 3.70946097373962 3.6997754573822 3.73054933547974 3.73058915138245 3.81157898902893 3.8759331703186 3.84509563446045 3.84463334083557 3.74287128448486 3.73107957839966 3.87434983253479 3.73082160949707 3.50730204582214 3.57011675834656 3.57895445823669 3.50075483322144 3.50069046020508 3.50762462615967 3.46136260032654 3.49769639968872 3.4601366519928 3.4986298084259 3.49866127967834 3.49846935272217 2.79885506629944 3.50487208366394 3.57945489883423 3.45961833000183 3.4996509552002 3.70207500457764 3.63174343109131 3.7018518447876 3.70432472229004 3.73792290687561 3.73683929443359 3.70609641075134 3.70158886909485 3.70109486579895 3.70112895965576 -9999 -9999 -9999
3.63212513923645 3.70860719680786 3.70887088775635 3.58985328674316 3.57554531097412 3.5748496055603 3.57582855224609 3.57781267166138 3.5114049911499 3.51196265220642 3.71075248718262 3.71131634712219 3.69841861724854 3.80987644195557 3.78624773025513 3.70922827720642 3.74221444129944 3.96190786361694 3.96205425262451 3.83154153823853 3.87576365470886 3.78531360626221 3.77336144447327 3.78461194038391 3.71450114250183 3.71458125114441 3.57069635391235 3.46099519729614 3.46136593818665 3.46517848968506 3.46136283874512 3.46136569976807 3.45544600486755 3.46117734909058 3.46013069152832 3.42106556892395 3.49857902526855 3.52653431892395 3.50537347793579 3.45961809158325 3.49743843078613 3.49747586250305 3.45964622497559 3.5001757144928 3.5867805480957 3.56498551368713 3.50325703620911 3.50457859039307 3.50418496131897 3.51785492897034 3.70115756988525 3.70106768608093 3.50357723236084 3.52365326881409 -9999 -9999 -9999
3.58888363838196 3.63264679908752 3.59026074409485 3.59395003318787 3.59255719184875 3.58454132080078 3.59856081008911 3.59552454948425 3.57275581359863 3.87510824203491 3.75116872787476 3.78587126731873 4.76546573638916 4.86098623275757 4.05311727523804 3.73078870773315 3.74210619926453 3.90067028999329 3.90065598487854 3.74334168434143 3.72249102592468 3.70789480209351 3.74269843101501 3.70961546897888 3.50867652893066 3.4994056224823 3.46134090423584 3.46120429039001 3.4613664150238 3.46137094497681 3.421058177948 3.42104554176331 3.45958209037781 3.42107200622559 3.35790085792542 2.81220936775208 2.79336357116699 3.49760317802429 3.4986834526062 3.50433731079102 3.50652098655701 3.50382328033447 3.50487208366394 3.50007557868958 3.50359392166138 3.50363087654114 3.50057864189148 3.45828652381897 3.45934987068176 3.49782514572144 3.58831405639648 3.63201761245728 3.63389945030212 3.62876105308533 3.49809575080872 -9999 -9999
