G_variables/Set1/RCP8_2100/Sur_tem_max.asc
NCOLS 229 
NROWS 147 
XLLCORNER -101.25 
YLLCORNER 14.3333333333333 
CELLSIZE 0.0833333333333333 
NODATA_value -9999 
[rows 52 to 77 of 147, columns 114 to 170 of 229]
33.1873474121094 33.1816902160645 33.1814270019531 33.1695213317871 33.1694717407227 33.1694221496582 33.1645278930664 33.1631050109863 33.1657562255859 33.1612739562988 33.1557388305664 33.143611907959 33.1327285766602 33.120418548584 33.1138610839844 33.075626373291 33.049259185791 33.0372695922852 32.9985694885254 32.9733963012695 32.9617309570312 32.9312744140625 32.9205665588379 32.9156074523926 32.8884468078613 32.888557434082 32.878791809082 32.8361320495605 32.8397331237793 32.819652557373 32.7766647338867 32.7844161987305 32.7736320495605 32.7124099731445 32.6645736694336 32.6336936950684 32.5577239990234 32.5417556762695 32.4899101257324 32.4108657836914 32.3837738037109 32.3743286132812 32.3512496948242 32.3649940490723 32.3918838500977 32.387378692627 32.3651657104492 32.3426094055176 32.3194618225098 32.3092918395996 32.3014068603516 32.3287010192871 32.325366973877 32.3577156066895 32.4431457519531 32.4577140808105 32.4944381713867
33.1637077331543 33.1551933288574 33.1445007324219 33.1458282470703 33.1379203796387 33.1279067993164 33.1340713500977 33.132698059082 33.1229515075684 33.1190032958984 33.1201171875 33.0994071960449 33.0958213806152 33.1084976196289 33.0587310791016 33.0378837585449 33.0410194396973 32.9758377075195 32.9559288024902 32.9372520446777 32.8898391723633 32.8741683959961 32.8816909790039 32.8405456542969 32.8474807739258 32.8863143920898 32.8098754882812 32.7997665405273 32.8242988586426 32.7446174621582 32.7328033447266 32.7653923034668 32.6773490905762 32.6478805541992 32.6749801635742 32.5443000793457 32.5061683654785 32.5164489746094 32.3788833618164 32.3408012390137 32.3271331787109 32.2737884521484 32.2663345336914 32.2705688476562 32.2658882141113 32.2712898254395 32.315372467041 32.2437973022461 32.2236557006836 32.2377014160156 32.2198486328125 32.2092247009277 32.1829643249512 32.2927093505859 32.3369216918945 32.3930969238281 32.4718322753906
33.1190757751465 33.1165428161621 33.1164512634277 33.0994911193848 33.0964889526367 33.0908699035645 33.0853652954102 33.0853958129883 33.0836143493652 33.0632591247559 33.0594291687012 33.0558090209961 33.0295104980469 33.022274017334 33.0109825134277 32.9539680480957 32.9388618469238 32.9234352111816 32.8593521118164 32.8465766906738 32.8247299194336 32.7752876281738 32.7668228149414 32.7661743164062 32.7439460754395 32.7444686889648 32.7247734069824 32.6912727355957 32.6765785217285 32.6612396240234 32.6103935241699 32.6087989807129 32.584903717041 32.5018577575684 32.4853591918945 32.4593696594238 32.3555374145508 32.313777923584 32.2842178344727 32.1893005371094 32.1684799194336 32.1643257141113 32.125057220459 32.1293182373047 32.1292762756348 32.1272354125977 32.1283912658691 32.1158332824707 32.1123199462891 32.1061782836914 32.096019744873 32.126350402832 32.1360130310059 32.1497230529785 32.2641677856445 32.2925682067871 32.3443069458008
33.0169219970703 32.9983558654785 33.0013198852539 32.9838790893555 32.9812965393066 32.9701042175293 32.9523773193359 32.9324913024902 32.9248504638672 32.9067268371582 32.8789978027344 32.867618560791 32.8357543945312 32.8393440246582 32.8011512756348 32.7359237670898 32.6983451843262 32.675651550293 32.6045570373535 32.5664253234863 32.5478057861328 32.4965209960938 32.4922485351562 32.4715614318848 32.4475250244141 32.4370765686035 32.4309043884277 32.3934631347656 32.3878517150879 32.3760566711426 32.3224411010742 32.3094482421875 32.2969779968262 32.2163848876953 32.195915222168 32.1594429016113 32.0524139404297 32.0087928771973 31.9664478302002 31.8735275268555 31.842306137085 31.8436050415039 31.8068161010742 31.8029537200928 31.8037261962891 31.8046836853027 31.8044033050537 31.8127765655518 31.8023223876953 31.7911376953125 31.8375549316406 31.8804912567139 31.9225730895996 31.9492073059082 32.0638313293457 32.1235656738281 32.170539855957
32.9875297546387 32.9625549316406 32.9591484069824 32.9544563293457 32.9426193237305 32.9256820678711 32.9138031005859 32.9075469970703 32.8724174499512 32.8598442077637 32.8643913269043 32.8049964904785 32.7885856628418 32.8005714416504 32.7198829650879 32.6832160949707 32.6736640930176 32.5725784301758 32.5320281982422 32.4917907714844 32.4407272338867 32.4181289672852 32.3929634094238 32.3629608154297 32.3551635742188 32.3770980834961 32.3128051757812 32.2977066040039 32.3037147521973 32.2516975402832 32.227367401123 32.202033996582 32.1586761474609 32.1201057434082 32.0688400268555 32.0066413879395 31.9439525604248 31.836145401001 31.8197212219238 31.7718238830566 31.6197566986084 31.6957530975342 31.6905174255371 31.5750350952148 31.6697368621826 31.6798572540283 31.6385250091553 31.6877117156982 31.6816844940186 31.6016597747803 31.7330780029297 31.762243270874 31.7061004638672 31.8979110717773 31.9438877105713 31.8914661407471 32.1409912109375
32.9392547607422 32.9330215454102 32.9301338195801 32.9028358459473 32.8952407836914 32.8887100219727 32.8437995910645 32.834415435791 32.8231582641602 32.7732315063477 32.7653198242188 32.7500114440918 32.680248260498 32.6689338684082 32.6429862976074 32.5501708984375 32.523624420166 32.4957542419434 32.3925361633301 32.368465423584 32.3494834899902 32.2735061645508 32.2621688842773 32.2555160522461 32.2134666442871 32.2103271484375 32.1974830627441 32.1641502380371 32.1600112915039 32.1414527893066 32.0995216369629 32.0844459533691 32.0660171508789 31.9840240478516 31.9660568237305 31.9172439575195 31.815673828125 31.7910079956055 31.7528514862061 31.6673583984375 31.6275844573975 31.6261177062988 31.6006278991699 31.5839157104492 31.593376159668 31.606969833374 31.6037330627441 31.6041469573975 31.6468200683594 31.6403636932373 31.659761428833 31.7646503448486 31.7820682525635 31.8297843933105 31.9907302856445 31.9982414245605 32.0814094543457
32.8582077026367 32.8340835571289 32.8185081481934 32.7898445129395 32.7683067321777 32.7584686279297 32.7092018127441 32.6867561340332 32.6437721252441 32.587287902832 32.5705108642578 32.5245056152344 32.4451942443848 32.41259765625 32.3689842224121 32.2780227661133 32.2514381408691 32.2178077697754 32.1135864257812 32.0856628417969 32.0607414245605 31.9884166717529 31.9482936859131 31.9384994506836 31.8994617462158 31.8716011047363 31.874906539917 31.8457641601562 31.8458099365234 31.8513660430908 31.8159408569336 31.8072204589844 31.8207397460938 31.7387199401855 31.7146797180176 31.6925258636475 31.5961380004883 31.5673961639404 31.5362377166748 31.4787063598633 31.5013256072998 31.4510383605957 31.4352169036865 31.4543781280518 31.4282474517822 31.4319515228271 31.4683876037598 31.4405403137207 31.4582004547119 31.5309524536133 31.5685691833496 31.6911087036133 31.7143211364746 31.856372833252 32.0343399047852 32.0627899169922 32.1548538208008
32.8432769775391 32.7873153686523 32.773380279541 32.7632904052734 32.7294158935547 32.6989250183105 32.6734085083008 32.6268882751465 32.5729484558105 32.5414276123047 32.4806709289551 32.4228019714355 32.3744354248047 32.2995071411133 32.2509078979492 32.2092971801758 32.1091003417969 32.0804710388184 32.0293579101562 31.8854217529297 31.9176006317139 31.8909797668457 31.7678871154785 31.8061466217041 31.7819004058838 31.6633491516113 31.742057800293 31.7376327514648 31.6440467834473 31.7206268310547 31.7216377258301 31.6590423583984 31.6987190246582 31.6651573181152 31.5449485778809 31.5796089172363 31.5470352172852 31.3854427337646 31.4903793334961 31.431734085083 31.2669353485107 31.3851737976074 31.3933563232422 31.2837009429932 31.3900833129883 31.3794689178467 31.2978553771973 31.4029102325439 31.420431137085 31.3477535247803 31.5752658843994 31.6518745422363 31.6904430389404 31.9207496643066 31.9946002960205 32.0212669372559 32.2232475280762
32.7966613769531 32.7863616943359 32.7739791870117 32.7124214172363 32.7018775939941 32.6863288879395 32.6113891601562 32.5857200622559 32.5679779052734 32.4585762023926 32.4283409118652 32.4025688171387 32.277416229248 32.241886138916 32.2178001403809 32.1067733764648 32.078498840332 32.0391387939453 31.9376525878906 31.88743019104 31.8735294342041 31.7920684814453 31.7733631134033 31.7603797912598 31.7106227874756 31.6866588592529 31.6918430328369 31.6824932098389 31.6727867126465 31.6705341339111 31.6861228942871 31.6649131774902 31.6642742156982 31.634708404541 31.6136817932129 31.5875949859619 31.5441036224365 31.5173091888428 31.4633293151855 31.4418869018555 31.3813076019287 31.3804244995117 -9999 -9999 31.3658714294434 31.3690567016602 31.3937816619873 31.4597835540771 31.4765186309814 31.5179481506348 31.6015701293945 31.787956237793 31.8380718231201 31.9099159240723 32.1727981567383 32.2405204772949 32.2873840332031
32.7557792663574 32.7449264526367 32.7186431884766 32.6510848999023 32.6083831787109 32.5940132141113 32.5017242431641 32.4557647705078 32.4385375976562 32.31689453125 32.2551460266113 32.2173500061035 32.0937538146973 32.0557289123535 32.02734375 31.921178817749 31.8785915374756 31.8615341186523 31.7602653503418 31.7101936340332 31.6886386871338 31.607515335083 31.5963916778564 31.5817394256592 31.5464782714844 31.5795650482178 31.5910930633545 31.5700664520264 31.5645294189453 31.5877285003662 31.5903511047363 31.5972480773926 31.5843849182129 31.5575942993164 31.5588569641113 31.5447082519531 31.514612197876 31.5265731811523 -9999 -9999 -9999 -9999 -9999 -9999 -9999 -9999 -9999 -9999 -9999 -9999 31.6952571868896 31.8292694091797 32.0261764526367 32.0751075744629 32.2500305175781 32.4165458679199 -9999
32.7602615356445 32.7158470153809 32.6772384643555 32.6526184082031 32.5920753479004 32.5373344421387 32.4987258911133 32.4180068969727 32.376163482666 32.321102142334 32.1822471618652 32.131721496582 32.0695915222168 31.8940830230713 31.9282646179199 31.9006233215332 31.7790184020996 31.7752914428711 31.7397727966309 31.6310863494873 31.5967102050781 31.5663299560547 31.5102272033691 31.5521984100342 31.5202026367188 31.4228534698486 31.5048942565918 31.5075702667236 31.3694705963135 31.5051898956299 31.5372943878174 31.5604438781738 31.5068035125732 31.5118446350098 31.5861186981201 -9999 -9999 -9999 -9999 -9999 -9999 -9999 -9999 -9999 -9999 -9999 -9999 -9999 -9999 -9999 -9999 -9999 -9999 -9999 -9999 -9999 -9999
32.7324752807617 32.7265243530273 32.7049255371094 32.6090621948242 32.5918273925781 32.5631980895996 32.4428291320801 32.4047470092773 32.3981666564941 32.2546195983887 32.2002754211426 32.1458587646484 32.0216827392578 31.9608268737793 31.9428901672363 31.8598690032959 31.8070621490479 31.7875385284424 31.7021141052246 31.6657600402832 31.605037689209 31.5544624328613 31.5491809844971 31.5271587371826 31.5197868347168 31.5089111328125 31.5111675262451 31.4969310760498 -9999 -9999 -9999 -9999 -9999 -9999 -9999 -9999 -9999 -9999 -9999 -9999 -9999 -9999 -9999 -9999 -9999 -9999 -9999 -9999 -9999 -9999 -9999 -9999 -9999 -9999 -9999 -9999 -9999
32.726749420166 32.697452545166 32.6830062866211 32.5830917358398 32.5661544799805 32.5160179138184 32.3797645568848 32.3559684753418 32.3122596740723 32.1706466674805 32.1306076049805 32.0861053466797 31.9744262695312 31.937313079834 31.9202690124512 31.8402194976807 31.8171100616455 31.7546005249023 31.678689956665 31.6479587554932 31.5814361572266 31.5423927307129 31.522274017334 -9999 -9999 -9999 -9999 -9999 -9999 -9999 -9999 -9999 -9999 -9999 -9999 -9999 -9999 -9999 -9999 -9999 -9999 -9999 -9999 -9999 -9999 -9999 -9999 -9999 -9999 -9999 -9999 -9999 -9999 -9999 -9999 -9999 -9999
32.7537841796875 32.7124824523926 32.645751953125 32.6085662841797 32.546215057373 32.451171875 32.403377532959 32.2876052856445 32.2437210083008 32.190502166748 32.0555038452148 32.0379028320312 31.9860553741455 31.8614597320557 31.8741340637207 31.8472843170166 31.7622413635254 31.7499465942383 31.6830101013184 31.6042442321777 31.6038131713867 -9999 -9999 -9999 -9999 -9999 -9999 -9999 -9999 -9999 -9999 -9999 -9999 -9999 -9999 -9999 -9999 -9999 -9999 -9999 -9999 -9999 -9999 -9999 -9999 -9999 -9999 -9999 -9999 -9999 -9999 -9999 -9999 -9999 -9999 -9999 -9999
32.7318496704102 32.7215919494629 32.6849212646484 32.5652694702148 32.5171203613281 32.4914932250977 32.3651962280273 32.3341827392578 32.2824630737305 32.1613922119141 32.0991401672363 32.0803909301758 31.9901599884033 31.9417190551758 31.9302253723145 31.8732376098633 31.8278732299805 31.7858810424805 -9999 -9999 -9999 -9999 -9999 -9999 -9999 -9999 -9999 -9999 -9999 -9999 -9999 -9999 -9999 -9999 -9999 -9999 -9999 -9999 -9999 -9999 -9999 -9999 -9999 -9999 -9999 -9999 -9999 -9999 -9999 -9999 -9999 -9999 -9999 -9999 -9999 -9999 -9999
32.7320861816406 32.7234649658203 32.6787490844727 32.5495300292969 32.5325355529785 32.4785118103027 32.3497009277344 32.3166961669922 32.295166015625 32.1789093017578 32.1640625 32.1479568481445 32.0675315856934 32.0519981384277 32.0529479980469 32.0126304626465 31.9770069122314 -9999 -9999 -9999 -9999 -9999 -9999 -9999 -9999 -9999 -9999 -9999 -9999 -9999 -9999 -9999 -9999 -9999 -9999 -9999 -9999 -9999 -9999 -9999 -9999 -9999 -9999 -9999 -9999 -9999 -9999 -9999 -9999 -9999 -9999 -9999 -9999 -9999 -9999 -9999 -9999
32.7402954101562 32.7304039001465 32.6274337768555 32.5877723693848 32.5327796936035 32.4399909973145 32.3932800292969 32.3178939819336 32.2694435119629 32.2298011779785 32.1530532836914 32.1456565856934 32.1259918212891 32.068733215332 32.0831260681152 32.051155090332 32.0462875366211 -9999 -9999 -9999 -9999 -9999 -9999 -9999 -9999 -9999 -9999 -9999 -9999 -9999 -9999 -9999 -9999 -9999 -9999 -9999 -9999 -9999 -9999 -9999 -9999 -9999 -9999 -9999 -9999 -9999 -9999 -9999 -9999 -9999 -9999 -9999 -9999 -9999 -9999 -9999 -9999
32.7051582336426 32.6906509399414 32.6510734558105 32.5486145019531 32.4972610473633 32.4733924865723 32.3660202026367 32.3479652404785 32.2964363098145 32.2365493774414 32.1992111206055 32.1918754577637 32.1682510375977 32.1608238220215 32.1437530517578 32.1772079467773 32.1347045898438 -9999 -9999 -9999 -9999 -9999 -9999 -9999 -9999 -9999 -9999 -9999 -9999 -9999 -9999 -9999 -9999 -9999 -9999 -9999 -9999 -9999 -9999 -9999 -9999 -9999 -9999 -9999 -9999 -9999 -9999 -9999 -9999 -9999 -9999 -9999 -9999 -9999 -9999 -9999 -9999
32.7042503356934 32.6855888366699 32.6301803588867 32.5189971923828 32.4804039001465 32.4644660949707 32.3719825744629 32.3552665710449 32.3439140319824 32.3036651611328 32.3159065246582 32.3178787231445 32.3150024414062 32.3362197875977 32.3401718139648 32.3204383850098 -9999 -9999 -9999 -9999 -9999 -9999 -9999 -9999 -9999 -9999 -9999 -9999 -9999 -9999 -9999 -9999 -9999 -9999 -9999 -9999 -9999 -9999 -9999 -9999 -9999 -9999 -9999 -9999 -9999 -9999 -9999 -9999 -9999 -9999 -9999 -9999 -9999 -9999 -9999 -9999 32.5979804992676
32.7216110229492 32.6913719177246 32.5989837646484 32.5435676574707 32.4293365478516 32.429759979248 32.4051170349121 32.340274810791 32.3449783325195 32.3385887145996 32.3035430908203 32.348258972168 32.3586807250977 32.3924827575684 32.3823547363281 32.3938064575195 -9999 -9999 -9999 -9999 -9999 -9999 -9999 -9999 -9999 -9999 -9999 -9999 -9999 -9999 -9999 -9999 -9999 -9999 -9999 -9999 -9999 -9999 -9999 -9999 -9999 -9999 -9999 -9999 -9999 -9999 -9999 -9999 -9999 -9999 -9999 -9999 -9999 -9999 -9999 32.5371131896973 32.5727577209473
32.6902008056641 32.6702919006348 32.6277084350586 32.5201416015625 32.4648780822754 32.4600982666016 32.4007987976074 32.368839263916 32.3620223999023 32.3768577575684 32.3785018920898 32.3675422668457 32.4281311035156 32.4344444274902 32.4433326721191 -9999 -9999 -9999 -9999 -9999 -9999 -9999 -9999 -9999 -9999 -9999 -9999 -9999 -9999 -9999 -9999 -9999 -9999 -9999 -9999 -9999 -9999 -9999 -9999 -9999 -9999 -9999 -9999 -9999 -9999 -9999 -9999 -9999 -9999 -9999 -9999 -9999 -9999 -9999 32.5443954467773 32.5547485351562 32.5521240234375
32.7038993835449 32.6543197631836 32.6255302429199 32.5218544006348 32.4952011108398 32.473030090332 32.4220886230469 32.4364471435547 32.4396629333496 32.4596862792969 32.4903335571289 32.5046463012695 32.5723533630371 32.5924797058105 32.6281929016113 32.6305160522461 -9999 -9999 -9999 -9999 -9999 -9999 -9999 -9999 -9999 -9999 -9999 -9999 -9999 -9999 -9999 -9999 -9999 -9999 -9999 -9999 -9999 -9999 -9999 -9999 -9999 -9999 -9999 -9999 -9999 -9999 -9999 -9999 -9999 -9999 -9999 -9999 -9999 32.5322685241699 32.5408706665039 32.5349922180176 32.5620079040527
32.7406959533691 32.6899604797363 32.6029205322266 32.5489387512207 32.432502746582 32.4492721557617 32.4479637145996 32.4251136779785 32.4698333740234 32.4846267700195 32.5060424804688 32.560661315918 32.6016883850098 32.6857566833496 32.6658363342285 -9999 -9999 -9999 -9999 -9999 -9999 -9999 -9999 -9999 -9999 -9999 -9999 -9999 -9999 -9999 -9999 -9999 -9999 -9999 -9999 -9999 -9999 -9999 -9999 -9999 -9999 -9999 -9999 -9999 -9999 -9999 -9999 -9999 -9999 -9999 -9999 -9999 -9999 32.5159034729004 32.5330352783203 32.5106658935547 32.5625
32.7161865234375 32.671329498291 32.641242980957 32.5345001220703 32.5050392150879 32.476203918457 32.4516792297363 32.4470405578613 32.4561309814453 32.526237487793 32.5470390319824 32.5611877441406 32.6635932922363 32.6970558166504 32.7138671875 -9999 -9999 -9999 -9999 -9999 -9999 -9999 -9999 -9999 -9999 -9999 -9999 -9999 -9999 -9999 -9999 -9999 -9999 -9999 -9999 -9999 -9999 -9999 -9999 -9999 -9999 -9999 -9999 -9999 -9999 -9999 -9999 -9999 -9999 -9999 -9999 32.5227737426758 32.5167007446289 32.5274085998535 32.5417747497559 32.5539360046387 32.559440612793
32.7433090209961 32.7178153991699 32.6581039428711 32.5494689941406 32.5049591064453 32.5033187866211 32.4726409912109 32.4748191833496 32.5059204101562 32.5838241577148 32.6325874328613 32.6529426574707 32.758975982666 32.7887535095215 32.8175621032715 -9999 -9999 -9999 -9999 -9999 -9999 -9999 -9999 -9999 -9999 -9999 -9999 -9999 -9999 -9999 -9999 -9999 -9999 -9999 -9999 -9999 -9999 -9999 -9999 -9999 -9999 -9999 -9999 -9999 -9999 -9999 -9999 -9999 -9999 -9999 -9999 32.531925201416 32.5275421142578 32.540699005127 32.551139831543 32.5614585876465 32.5884552001953
32.7828674316406 32.7511444091797 32.6395835876465 32.5795974731445 32.4713363647461 32.4933547973633 32.486328125 32.4460487365723 32.5344924926758 32.5756454467773 32.6342353820801 32.702220916748 32.7527542114258 32.8979225158691 32.8382606506348 -9999 -9999 -9999 -9999 -9999 -9999 -9999 -9999 -9999 -9999 -9999 -9999 -9999 -9999 -9999 -9999 -9999 -9999 -9999 -9999 -9999 -9999 -9999 -9999 -9999 -9999 -9999 -9999 -9999 -9999 -9999 -9999 -9999 -9999 -9999 -9999 32.5415229797363 32.490406036377 32.5415496826172 32.5499801635742 32.5458221435547 32.6102333068848
