G_variables/Set1/RCP8_2100/Sur_tem_max.asc
NCOLS 229 
NROWS 147 
XLLCORNER -101.25 
YLLCORNER 14.3333333333333 
CELLSIZE 0.0833333333333333 
NODATA_value -9999 
[rows 78 to 103 of 147, columns 57 to 113 of 229]
32.774112701416 32.7783126831055 32.8082885742188 32.8766822814941 32.9032173156738 32.9143371582031 32.9719848632812 32.9869956970215 32.9991226196289 33.0244827270508 33.0257682800293 33.0341567993164 33.0413970947266 33.0423240661621 33.0373764038086 33.0489158630371 33.0479774475098 33.0480499267578 33.058032989502 33.0465126037598 33.0488548278809 33.0601539611816 33.0643424987793 33.0693511962891 33.0829238891602 33.0684280395508 33.0685729980469 33.0696907043457 33.0679931640625 33.0652503967285 33.0647163391113 33.0584983825684 33.0561981201172 33.0480651855469 33.0282325744629 33.0106658935547 32.9902954101562 32.9880561828613 32.9779243469238 32.9656562805176 32.9565696716309 32.9581413269043 32.9592666625977 32.9586372375488 32.957160949707 32.9547424316406 32.9525260925293 32.9469451904297 32.9378700256348 32.9257431030273 32.9209823608398 32.9104232788086 32.9029808044434 32.9018821716309 32.8804168701172 32.8736305236816 32.8429107666016
32.7593955993652 32.7505226135254 32.7603721618652 32.8277778625488 32.8577766418457 32.8689155578613 32.9282188415527 32.9447174072266 32.959056854248 32.9928245544434 32.9964332580566 33.0011215209961 33.0036697387695 33.0097579956055 33.0128784179688 33.0158882141113 33.0206604003906 33.024528503418 33.0318984985352 33.0216522216797 33.0208282470703 33.0273323059082 33.0233039855957 33.0242576599121 33.0292472839355 33.0280113220215 33.0269927978516 33.0311965942383 33.0323028564453 33.0339088439941 33.023983001709 33.0246353149414 33.0291213989258 33.0221214294434 33.0190048217773 33.0179405212402 32.9912796020508 32.9867935180664 32.9803695678711 32.9652862548828 32.9602966308594 32.9532814025879 32.9527130126953 32.9541969299316 32.9456443786621 32.9376945495605 32.9330863952637 32.9296646118164 32.9082450866699 32.9099540710449 32.9091148376465 32.8983726501465 32.9046363830566 32.8979644775391 32.8627433776855 32.8668327331543 32.8347091674805
32.7451133728027 32.7249717712402 32.7762069702148 32.8023529052734 32.8532905578613 32.8836555480957 32.9127082824707 32.9612579345703 32.9671401977539 32.9766693115234 32.9944114685059 33.002197265625 32.9934577941895 33.0200080871582 33.0131912231445 33.0144844055176 33.0121612548828 33.0202407836914 33.0252532958984 33.0386848449707 33.0162773132324 33.0090789794922 32.9979057312012 33.0117073059082 33.0156555175781 33.0009460449219 33.0121040344238 33.014030456543 33.0009689331055 33.0205078125 33.015380859375 33.0120506286621 33.0205497741699 33.0229110717773 33.0278663635254 33.0153388977051 33.0088005065918 32.9922752380371 32.977222442627 32.9669723510742 32.9534606933594 32.9487037658691 32.9513473510742 32.9629249572754 32.9385108947754 32.9354248046875 32.9464874267578 32.9135437011719 32.9112739562988 32.9032974243164 32.903865814209 32.9038314819336 32.9264106750488 32.8866004943848 32.874885559082 32.8926200866699 32.8058700561523
32.7195014953613 32.7455520629883 32.7757453918457 32.8108329772949 32.8427696228027 32.8607559204102 32.9230003356934 32.9308929443359 32.9441719055176 32.9780387878418 32.9842300415039 32.9927520751953 33.0083694458008 33.0001449584961 33.00341796875 33.0160636901855 33.0182418823242 33.0143203735352 33.0174522399902 33.0188827514648 33.0150451660156 33.0027046203613 33.0033302307129 33.0019073486328 33.0035285949707 33.0036125183105 32.9984893798828 33.0048980712891 33.0053901672363 33.0042686462402 33.016529083252 33.011417388916 33.0134201049805 33.0223808288574 33.0240249633789 33.0136451721191 33.0055694580078 33.0016288757324 32.976806640625 32.9608726501465 32.9516067504883 32.9459075927734 32.9294700622559 32.9296836853027 32.9340362548828 32.9215049743652 32.9097785949707 32.9069061279297 32.8973197937012 32.896167755127 32.8971099853516 32.8872947692871 32.8868675231934 32.8822021484375 32.8515892028809 32.8315544128418 32.8105316162109
-9999 32.7086410522461 32.7265357971191 32.7639541625977 32.7782707214355 32.8163871765137 32.8789367675781 32.9089279174805 32.9101028442383 32.9480438232422 32.9554443359375 32.964282989502 32.9789199829102 32.9701843261719 32.9721221923828 32.9862823486328 32.9930992126465 32.9941902160645 32.9961013793945 32.9937362670898 32.99267578125 32.9906349182129 32.978645324707 32.974853515625 32.974609375 32.9722366333008 32.9703674316406 32.9781074523926 32.9803657531738 32.9865951538086 33.0008964538574 33.0056495666504 33.004451751709 33.0140342712402 33.0109748840332 33.0079879760742 33.0018692016602 32.9970512390137 32.9789695739746 32.958797454834 32.9394683837891 32.9283180236816 32.9031295776367 32.8945579528809 32.8995361328125 32.8860931396484 32.8669052124023 32.8668251037598 32.8599395751953 32.8544387817383 32.8567276000977 32.8466262817383 32.8418502807617 32.8413238525391 32.8035278320312 32.7802925109863 32.7582359313965
-9999 32.6721839904785 32.7153129577637 32.7547569274902 32.769172668457 32.8310928344727 32.8537101745605 32.9090614318848 32.9138107299805 32.9295463562012 32.9585609436035 32.9642181396484 32.9655303955078 32.9759178161621 32.9650993347168 32.9696235656738 32.9718437194824 32.9971542358398 33.0021362304688 33.0051231384277 32.9857635498047 32.9781761169434 32.961498260498 32.9673881530762 32.9677429199219 32.951343536377 32.9628219604492 32.9681549072266 32.9569129943848 32.9863891601562 32.9959182739258 33.0020904541016 33.0031700134277 33.0074577331543 33.0166549682617 33.0078620910645 33.0086517333984 33.0228843688965 32.9736976623535 32.9527053833008 32.9386711120605 32.9024772644043 32.8846282958984 32.8874893188477 32.8812599182129 32.8765029907227 32.845890045166 32.8484268188477 32.8499374389648 32.8563537597656 32.8387565612793 32.8368186950684 32.8634643554688 32.8223075866699 32.8076362609863 32.8049583435059 32.7173767089844
-9999 32.6806106567383 32.7186660766602 32.7419395446777 32.7735366821289 32.7956771850586 32.8621559143066 32.8695755004883 32.8872184753418 32.9329528808594 32.9388694763184 32.9456329345703 32.9626426696777 32.9684982299805 32.9516410827637 32.9678649902344 32.9774475097656 32.998363494873 33.0097503662109 32.9877281188965 32.9670753479004 32.9733238220215 32.9609985351562 32.9603576660156 32.9614944458008 32.9603004455566 32.9605560302734 32.9714241027832 32.9778785705566 32.9918670654297 33.002326965332 32.9978256225586 32.999683380127 33.007251739502 33.0100364685059 33.0139389038086 33.0026664733887 32.9883995056152 32.9706916809082 32.9388160705566 32.9204750061035 32.8837547302246 32.8460121154785 32.8661193847656 32.8701477050781 32.8479843139648 32.8355102539062 32.8321266174316 32.8181037902832 32.8193244934082 32.822021484375 32.8028984069824 32.8084259033203 32.817554473877 32.7736549377441 32.7490196228027 32.7102699279785
-9999 -9999 32.6895561218262 32.7141075134277 32.7115936279297 32.7300262451172 32.8004264831543 32.8290061950684 32.8358459472656 32.8871116638184 32.9083251953125 32.9090690612793 32.9264183044434 32.9366798400879 32.9363441467285 32.9346694946289 32.9409828186035 32.9504661560059 32.9615821838379 32.9513473510742 32.9341125488281 32.9396858215332 32.9430694580078 32.9338684082031 32.9400520324707 32.9468116760254 32.9440612792969 32.9557800292969 32.9620475769043 32.9656524658203 32.9713745117188 32.9718284606934 32.9664344787598 32.9724578857422 32.9770011901855 32.9902839660645 32.9794998168945 32.9568901062012 32.9363441467285 32.9061088562012 32.8803062438965 32.8618240356445 32.8260154724121 32.8260383605957 32.8140182495117 32.7889747619629 32.7666511535645 32.764045715332 32.7438735961914 32.7464408874512 32.7425308227539 32.7180709838867 32.7184066772461 32.7184448242188 32.678035736084 32.6562347412109 32.6356010437012
-9999 -9999 32.6664543151855 32.6866340637207 32.6642112731934 32.7207107543945 32.7565536499023 32.8299598693848 32.8343696594238 32.857479095459 32.9150276184082 32.9062805175781 32.9094429016113 32.9288635253906 32.9319305419922 32.9142303466797 32.914665222168 32.9302940368652 32.9342498779297 32.9463119506836 32.9346809387207 32.930908203125 32.9544792175293 32.9395027160645 32.9329376220703 32.9643783569336 32.9405899047852 32.9457397460938 32.9859428405762 32.9540367126465 32.9528503417969 32.9737701416016 32.9542846679688 32.9540405273438 32.9622459411621 32.9657287597656 32.9588851928711 32.9687080383301 32.9175338745117 32.9027481079102 32.9048767089844 32.8499794006348 32.8331642150879 32.8255462646484 32.7892227172852 32.7787895202637 32.7621994018555 32.7343864440918 32.7266845703125 32.7257614135742 32.7085876464844 32.694995880127 32.6817512512207 32.6656036376953 32.654468536377 32.6202697753906 32.5918464660645
-9999 -9999 32.6723594665527 32.681884765625 32.6791954040527 32.7113723754883 32.7528305053711 32.7693557739258 32.797908782959 32.8573265075684 32.8681793212891 32.8758087158203 32.9056396484375 32.9075355529785 32.9083786010742 32.9218559265137 32.9053039550781 32.9092445373535 32.9196319580078 32.9204216003418 32.9097099304199 32.9215469360352 32.9200248718262 32.9137916564941 32.9132041931152 32.9201850891113 32.9210739135742 32.9243545532227 32.9326438903809 32.9308700561523 32.9252662658691 32.9313812255859 32.9293632507324 32.9220924377441 32.9279136657715 32.9294548034668 32.912841796875 32.9115905761719 32.8976898193359 32.8711090087891 32.8609504699707 32.8419151306152 32.8012962341309 32.7904090881348 32.7761993408203 32.725772857666 32.7180938720703 32.7134666442871 32.6857223510742 32.6851921081543 32.6852645874023 32.6596794128418 32.6556587219238 32.6457328796387 32.6130752563477 32.6063766479492 32.5783500671387
-9999 -9999 -9999 -9999 32.6429977416992 32.6473617553711 32.6984634399414 32.6760139465332 32.6890144348145 32.7523002624512 32.7689323425293 32.7869720458984 32.8224296569824 32.833568572998 32.8501625061035 32.8640441894531 32.8593559265137 32.8564376831055 32.8647232055664 32.8632659912109 32.859432220459 32.8684043884277 32.8660316467285 32.8736877441406 32.8845634460449 32.8803863525391 32.8821792602539 32.8833808898926 32.8796310424805 32.8787155151367 32.8708038330078 32.8638305664062 32.8642044067383 32.8564033508301 32.8490142822266 32.8493232727051 32.8339195251465 32.8182373046875 32.8149909973145 32.7878150939941 32.7814178466797 32.7557106018066 32.7147827148438 32.6838531494141 32.6728553771973 32.6183929443359 32.6087799072266 32.604248046875 32.5747871398926 32.5745124816895 32.594295501709 32.5733489990234 32.5759239196777 32.5742607116699 32.5466003417969 32.5470085144043 32.5414505004883
-9999 -9999 -9999 -9999 32.582836151123 32.6395835876465 32.6468696594238 32.659481048584 32.6797218322754 32.7070770263672 32.793872833252 32.7715911865234 32.7894248962402 32.8773612976074 32.8390998840332 32.8234405517578 32.8597297668457 32.8449897766113 32.8437957763672 32.8560981750488 32.8478851318359 32.8450393676758 32.8491020202637 32.8613052368164 32.8647575378418 32.8533706665039 32.8609962463379 32.859203338623 32.8596267700195 32.8518142700195 32.8451881408691 32.8224182128906 32.8324966430664 32.8285980224609 32.8137474060059 32.8128814697266 32.8023910522461 32.8029251098633 32.7747955322266 32.7637329101562 32.7604217529297 32.7128524780273 32.6958923339844 32.6855125427246 32.626293182373 32.5949058532715 32.5814476013184 32.5570030212402 32.5506896972656 32.542064666748 32.5532913208008 32.5478782653809 32.5245170593262 32.5412635803223 32.5420341491699 32.5224189758301 32.5267677307129
-9999 -9999 -9999 -9999 -9999 32.5959777832031 32.6210975646973 32.6282577514648 32.6501808166504 32.6700325012207 32.6861572265625 32.7010154724121 32.7598304748535 32.7783279418945 32.779109954834 32.8029479980469 32.8066596984863 32.8088912963867 32.8271636962891 32.8267059326172 32.8159141540527 32.834041595459 32.8331565856934 32.8374671936035 32.8532943725586 32.8558769226074 32.8421287536621 32.8439712524414 32.8388977050781 32.8361473083496 32.8212776184082 32.8150215148926 32.8107986450195 32.7950325012207 32.7919921875 32.7890853881836 32.755298614502 32.7554969787598 32.7495269775391 32.7086143493652 32.699291229248 32.6872177124023 32.6299858093262 32.6068153381348 32.5817909240723 32.5351982116699 32.5295753479004 32.518611907959 32.5090408325195 32.5131187438965 32.5122184753418 32.526065826416 32.5200462341309 32.5236396789551 32.5319366455078 32.5175628662109 32.5128517150879
-9999 -9999 -9999 -9999 -9999 -9999 32.5503082275391 32.5336990356445 32.5433464050293 32.5809288024902 32.5543479919434 32.5747756958008 32.6409225463867 32.655704498291 32.6835556030273 32.7162246704102 32.7212791442871 32.736198425293 32.7581634521484 32.7676048278809 32.7534713745117 32.7734069824219 32.7724342346191 32.7878341674805 32.8076171875 32.8107757568359 32.8127098083496 32.7961463928223 32.789981842041 32.7876968383789 32.7737846374512 32.7678070068359 32.7705574035645 32.7527275085449 32.7423248291016 32.7386627197266 32.7016296386719 32.6929779052734 32.6662216186523 32.624095916748 32.6138496398926 32.5707931518555 32.5076332092285 32.457706451416 32.4340019226074 32.3844299316406 32.3749923706055 32.3813743591309 32.3827247619629 32.392707824707 32.4316444396973 32.4604644775391 32.4873123168945 32.4942016601562 32.5075912475586 32.5293617248535 32.5292091369629
-9999 -9999 -9999 -9999 -9999 -9999 32.5131607055664 32.3919677734375 32.5096092224121 32.5157775878906 32.420726776123 32.5416526794434 32.5804748535156 32.6096000671387 32.6408653259277 32.6642074584961 32.6984786987305 32.7172164916992 32.7253608703613 32.7359504699707 32.741382598877 32.7458038330078 32.7464485168457 32.7705307006836 32.7822265625 32.8285446166992 32.8005180358887 32.7763175964355 32.7629470825195 32.7639045715332 32.759635925293 32.7410316467285 32.7453231811523 32.738224029541 32.7054977416992 32.7083587646484 32.6906127929688 32.6241760253906 32.6193656921387 32.6002464294434 32.542896270752 32.5063591003418 32.4753875732422 32.4088668823242 32.370979309082 32.3439140319824 32.2600746154785 32.3297958374023 32.3489608764648 32.3535499572754 32.4127502441406 32.4412727355957 32.486213684082 32.4901237487793 32.5017204284668 32.520565032959 32.5435180664062
-9999 -9999 -9999 -9999 -9999 -9999 -9999 -9999 32.48388671875 32.5069618225098 32.5078086853027 32.5302276611328 32.5739326477051 32.5878791809082 32.5945892333984 32.6635475158691 32.6762619018555 32.6856575012207 32.7280387878418 32.7222061157227 32.7108840942383 32.7461776733398 32.7437705993652 32.7474670410156 32.775505065918 32.7828674316406 32.7812194824219 32.785083770752 32.7606544494629 32.7518157958984 32.7427291870117 32.7453956604004 32.7455940246582 32.7317276000977 32.7254180908203 32.7156944274902 32.6710968017578 32.6540641784668 32.632152557373 32.5514526367188 32.5291900634766 32.5000381469727 32.4038734436035 32.3729782104492 32.3470993041992 32.2942504882812 32.2766380310059 32.2865867614746 32.3266525268555 32.3423805236816 32.3705406188965 32.4522132873535 32.4621925354004 32.4676094055176 32.5303993225098 32.5345840454102 32.5392761230469
-9999 -9999 -9999 -9999 -9999 -9999 -9999 32.4886093139648 32.4816627502441 -9999 32.4816246032715 32.4893264770508 32.5215797424316 32.5476303100586 32.5556030273438 32.605655670166 32.6418533325195 32.6539649963379 32.6787719726562 32.6682739257812 32.665111541748 32.6962776184082 32.6969718933105 32.7002029418945 32.7290954589844 32.7340316772461 32.7378730773926 32.7415809631348 32.7275047302246 32.7206878662109 32.7198486328125 32.734001159668 32.7514152526855 32.7410507202148 32.7403869628906 32.7228965759277 32.6773948669434 32.6397857666016 32.6165618896484 32.5143547058105 32.4861106872559 32.4114532470703 32.2973670959473 32.2719841003418 32.2448921203613 32.2099266052246 32.2033615112305 32.2413444519043 32.2709274291992 32.3071441650391 32.3397064208984 32.3914184570312 32.4486045837402 32.4676666259766 32.5390472412109 32.5479545593262 32.5823440551758
-9999 -9999 -9999 -9999 -9999 -9999 -9999 -9999 -9999 -9999 -9999 -9999 -9999 -9999 -9999 -9999 32.5880432128906 32.6415138244629 32.6658210754395 32.6230621337891 32.6601142883301 32.6661911010742 32.686336517334 32.6938667297363 32.7080764770508 32.7664794921875 32.7350997924805 32.7262573242188 32.7111625671387 32.7264366149902 32.7248878479004 32.7466125488281 32.7500991821289 32.7540702819824 32.7576103210449 32.7120666503906 32.6972465515137 32.6807403564453 32.5869560241699 32.5366821289062 32.446159362793 32.3589859008789 32.3046836853027 32.1702308654785 32.2216873168945 32.1793174743652 32.0152015686035 32.1836166381836 32.2481575012207 -9999 -9999 -9999 -9999 32.4891128540039 32.5205574035645 32.5427322387695 32.6141204833984
-9999 -9999 -9999 -9999 -9999 -9999 -9999 -9999 -9999 -9999 -9999 -9999 -9999 -9999 -9999 -9999 -9999 32.6339492797852 32.6298408508301 32.6480484008789 32.6557731628418 32.6647644042969 32.6692771911621 32.6693267822266 32.696662902832 32.7035026550293 32.7044639587402 32.7338638305664 32.7242660522461 32.7236099243164 32.7542572021484 32.7484893798828 32.7569046020508 32.7649688720703 32.7557334899902 32.7437324523926 32.6823921203613 32.6646499633789 32.6293182373047 32.4965438842773 32.4643859863281 32.4111213684082 32.3136596679688 32.2487945556641 32.2192840576172 -9999 -9999 -9999 -9999 -9999 -9999 -9999 -9999 32.4917640686035 32.5572624206543 32.5746765136719 32.5967063903809
-9999 -9999 -9999 -9999 -9999 -9999 -9999 -9999 -9999 -9999 -9999 -9999 -9999 -9999 -9999 -9999 -9999 -9999 -9999 -9999 32.6157112121582 32.629508972168 32.5996742248535 32.595817565918 32.6198577880859 32.6399955749512 32.6455116271973 32.6859092712402 32.7093620300293 32.7205810546875 32.7582015991211 32.776065826416 32.7789726257324 32.7805023193359 32.783275604248 32.7444648742676 32.7004165649414 32.6722602844238 32.6090354919434 32.5145454406738 32.4554176330566 32.393970489502 32.3183631896973 32.2410888671875 -9999 -9999 -9999 -9999 -9999 -9999 -9999 -9999 -9999 -9999 -9999 32.5842247009277 32.643684387207
-9999 -9999 -9999 -9999 -9999 -9999 -9999 -9999 -9999 -9999 -9999 -9999 -9999 -9999 -9999 -9999 -9999 -9999 -9999 -9999 -9999 32.5979385375977 32.5629692077637 32.5898323059082 32.5974502563477 32.6078453063965 32.6442642211914 32.6543655395508 32.6818695068359 32.7264518737793 32.7558403015137 32.8384819030762 32.7887687683105 32.7905502319336 32.835865020752 32.763111114502 -9999 -9999 -9999 -9999 32.4702568054199 -9999 -9999 -9999 -9999 -9999 -9999 -9999 -9999 -9999 -9999 -9999 -9999 -9999 -9999 -9999 -9999
-9999 -9999 -9999 -9999 -9999 -9999 -9999 -9999 -9999 -9999 -9999 -9999 -9999 -9999 -9999 -9999 -9999 -9999 -9999 -9999 -9999 -9999 32.5770835876465 32.5799446105957 32.5857810974121 32.5958480834961 32.6005172729492 32.6653060913086 32.680248260498 32.6979217529297 32.7505073547363 32.7829284667969 32.789852142334 32.7810325622559 32.7904243469238 -9999 -9999 -9999 -9999 -9999 -9999 -9999 -9999 -9999 -9999 -9999 -9999 -9999 -9999 -9999 -9999 -9999 -9999 -9999 -9999 -9999 -9999
-9999 -9999 -9999 -9999 -9999 -9999 -9999 -9999 -9999 -9999 -9999 -9999 -9999 -9999 -9999 -9999 -9999 -9999 -9999 -9999 -9999 -9999 -9999 32.5501899719238 32.5604667663574 32.5671348571777 32.5890998840332 32.628833770752 32.6658401489258 32.6953582763672 -9999 32.7818794250488 -9999 -9999 -9999 -9999 -9999 -9999 -9999 -9999 -9999 -9999 -9999 -9999 -9999 -9999 -9999 -9999 -9999 -9999 -9999 -9999 -9999 -9999 -9999 -9999 -9999
-9999 -9999 -9999 -9999 -9999 -9999 -9999 -9999 -9999 -9999 -9999 -9999 -9999 -9999 -9999 -9999 -9999 -9999 -9999 -9999 -9999 -9999 -9999 -9999 32.5434608459473 32.4609565734863 -9999 -9999 -9999 -9999 -9999 -9999 -9999 -9999 -9999 -9999 -9999 -9999 -9999 -9999 -9999 -9999 -9999 -9999 -9999 -9999 -9999 -9999 -9999 -9999 -9999 -9999 -9999 -9999 -9999 -9999 -9999
-9999 -9999 -9999 -9999 -9999 -9999 -9999 -9999 -9999 -9999 -9999 -9999 -9999 -9999 -9999 -9999 -9999 -9999 -9999 -9999 -9999 -9999 -9999 -9999 -9999 -9999 -9999 -9999 -9999 -9999 -9999 -9999 -9999 -9999 -9999 -9999 -9999 -9999 -9999 -9999 -9999 -9999 -9999 -9999 -9999 -9999 -9999 -9999 -9999 -9999 -9999 -9999 -9999 -9999 -9999 -9999 -9999
-9999 -9999 -9999 -9999 -9999 -9999 -9999 -9999 -9999 -9999 -9999 -9999 -9999 -9999 -9999 -9999 -9999 -9999 -9999 -9999 -9999 -9999 -9999 -9999 -9999 -9999 -9999 -9999 -9999 -9999 -9999 -9999 -9999 -9999 -9999 -9999 -9999 -9999 -9999 -9999 -9999 -9999 -9999 -9999 -9999 -9999 -9999 -9999 -9999 -9999 -9999 -9999 -9999 -9999 -9999 -9999 -9999
