G_variables/Set1/RCP8_2100/Sur_tem_min.asc
NCOLS 229 
NROWS 147 
XLLCORNER -101.25 
YLLCORNER 14.3333333333333 
CELLSIZE 0.0833333333333333 
NODATA_value -9999 
[rows 78 to 103 of 147, columns 57 to 113 of 229]
24.9446907043457 24.9620666503906 25.0043087005615 25.0884056091309 25.1164608001709 25.1333541870117 25.2124519348145 25.2139072418213 25.2192974090576 25.2801628112793 25.2840824127197 25.2838573455811 25.3140506744385 25.3072052001953 25.2927207946777 25.2952842712402 25.3002796173096 25.3010864257812 25.3278064727783 25.3255825042725 25.3333396911621 25.3605155944824 25.3731594085693 25.3782749176025 25.3826866149902 25.3831996917725 25.3856086730957 25.4095153808594 25.415641784668 25.4210147857666 25.4711303710938 25.4810962677002 25.4822025299072 25.5142860412598 25.5105838775635 25.4902477264404 25.5015048980713 25.4867496490479 25.4887390136719 25.5056762695312 25.4948444366455 25.4909381866455 25.4911003112793 25.4904880523682 25.4839839935303 25.4879665374756 25.4811038970947 25.4551696777344 25.4344177246094 25.40452003479 25.4016571044922 25.4129505157471 25.4108619689941 25.4054069519043 25.4006576538086 25.3930416107178 25.3662490844727
24.9217166900635 24.9110336303711 24.9292316436768 25.0080432891846 25.0408725738525 25.0648422241211 25.1547660827637 25.161642074585 25.2118263244629 25.2729053497314 25.2823791503906 25.3008270263672 25.3321323394775 25.3296356201172 25.3214015960693 25.307056427002 25.2965621948242 25.3107471466064 25.3240051269531 25.3115653991699 25.3186359405518 25.3432788848877 25.35280418396 25.350793838501 25.3752956390381 25.3853511810303 25.390474319458 25.4180011749268 25.4447422027588 25.452091217041 25.4788475036621 25.4844093322754 25.505241394043 25.5376167297363 25.5252876281738 25.5293674468994 25.5185203552246 25.5135974884033 25.5142440795898 25.5292568206787 25.5084209442139 25.5099868774414 25.5130004882812 25.5067386627197 25.5100746154785 25.5216007232666 25.5294895172119 25.5290069580078 25.4542503356934 25.4505786895752 25.4660015106201 25.4808940887451 25.475564956665 25.4825820922852 25.4855251312256 25.4749431610107 25.4637813568115
24.8925819396973 24.8633823394775 24.937141418457 24.9647560119629 24.9750747680664 25.0735931396484 25.1082458496094 25.1836185455322 25.225658416748 25.2544269561768 25.3295993804932 25.3124046325684 25.3323402404785 25.3704414367676 25.3318519592285 25.3203830718994 25.3201313018799 25.3157806396484 25.3153266906738 25.3084506988525 25.3166770935059 25.328821182251 25.3544998168945 25.3755302429199 25.3678398132324 25.3628253936768 25.3890342712402 25.4055938720703 25.4340629577637 25.4649868011475 25.4713897705078 25.5022926330566 25.5231266021729 25.5326709747314 25.5450992584229 25.5418663024902 25.5288200378418 25.509557723999 25.5237655639648 25.5257453918457 25.5378112792969 25.521879196167 25.5104999542236 25.5043468475342 25.5226345062256 25.5229415893555 25.5140342712402 25.525707244873 25.4916687011719 25.4740924835205 25.4920387268066 25.4898242950439 25.5045547485352 25.5118446350098 25.5118751525879 25.5220317840576 25.4801692962646
24.8743495941162 24.8994407653809 24.936803817749 24.9739456176758 25.0126399993896 25.0285053253174 25.1283493041992 25.1628093719482 25.1865653991699 25.2708072662354 25.2881488800049 25.3287448883057 25.3480224609375 25.3365116119385 25.3449192047119 25.3309364318848 25.3276958465576 25.3128185272217 25.3037967681885 25.3115997314453 25.3153800964355 25.3143901824951 25.3460903167725 25.3493423461914 25.3622817993164 25.3677577972412 25.3637809753418 25.4130611419678 25.4268798828125 25.4396209716797 25.501485824585 25.507776260376 25.5100631713867 25.5509757995605 25.5445499420166 25.5364360809326 25.546272277832 25.5375652313232 25.5241985321045 25.5357208251953 25.5303001403809 25.5184097290039 25.5365161895752 25.5212326049805 25.518009185791 25.5462112426758 25.52370262146 25.5233783721924 25.5270500183105 25.5258960723877 25.4986572265625 25.5282154083252 25.5291385650635 25.5300369262695 25.5411777496338 25.5330715179443 25.5228214263916
-9999 24.8755264282227 24.8926773071289 24.9393138885498 24.9569816589355 24.9821491241455 25.0872230529785 25.1259250640869 25.1394500732422 25.2309246063232 25.2826232910156 25.3150444030762 25.3387470245361 25.3548240661621 25.3463325500488 25.3297481536865 25.3157482147217 25.3125762939453 25.2930278778076 25.2878665924072 25.2891826629639 25.3149166107178 25.3095798492432 25.313684463501 25.326696395874 25.3277320861816 25.33811378479 25.3940086364746 25.4118804931641 25.4550037384033 25.5240917205811 25.5284099578857 25.5473709106445 25.587869644165 25.583812713623 25.5674819946289 25.5765495300293 25.5687866210938 25.5482044219971 25.5632019042969 25.5629005432129 25.5605010986328 25.5665397644043 25.5744094848633 25.5702667236328 25.6013603210449 25.5847110748291 25.5859069824219 25.593692779541 25.6092071533203 25.6059398651123 25.6105804443359 25.6187381744385 25.617956161499 25.6330604553223 25.622730255127 25.6101112365723
-9999 24.842679977417 24.8933887481689 24.9352493286133 24.9174613952637 25.0390033721924 25.0640754699707 25.0922527313232 25.1558647155762 25.2276306152344 25.3231925964355 25.3323459625244 25.346342086792 25.4017333984375 25.3400707244873 25.3209590911865 25.2760715484619 25.3053646087646 25.2975559234619 25.2493095397949 25.2942047119141 25.2966003417969 25.2819080352783 25.3113746643066 25.3040599822998 25.2668724060059 25.3404121398926 25.3726997375488 25.3909358978271 25.4903888702393 25.5253086090088 25.5593223571777 25.5706462860107 25.5775909423828 25.5974063873291 25.5877513885498 25.5702095031738 25.5657653808594 25.5669384002686 25.5637168884277 25.5572376251221 25.5763874053955 25.5692138671875 25.5703945159912 25.5970478057861 25.603494644165 25.5741920471191 25.6200981140137 25.6004409790039 25.6240310668945 25.6426944732666 25.6414451599121 25.6590137481689 25.6559963226318 25.6607189178467 25.682092666626 25.6254825592041
-9999 24.8721904754639 24.9042129516602 24.949348449707 24.9879016876221 25.0212287902832 25.0893535614014 25.0815372467041 25.1342220306396 25.2330703735352 25.2756671905518 25.2981929779053 25.3534107208252 25.3544025421143 25.3284568786621 25.3258991241455 25.3139801025391 25.320140838623 25.3025741577148 25.2995681762695 25.292064666748 25.2965564727783 25.2971115112305 25.3014392852783 25.3079662322998 25.3115043640137 25.3279666900635 25.4015769958496 25.4439144134521 25.5036029815674 25.5900230407715 25.5631198883057 25.5633563995361 25.6086559295654 25.5987434387207 25.5865154266357 25.6020183563232 25.5970821380615 25.5707340240479 25.5849056243896 25.5761737823486 25.5807132720947 25.5972957611084 25.5935649871826 25.5940933227539 25.6399478912354 25.6004333496094 25.6116466522217 25.6432609558105 25.6554737091064 25.6541481018066 25.685697555542 25.6872024536133 25.6797199249268 25.6900253295898 25.6812496185303 25.6664924621582
-9999 -9999 24.927640914917 24.943431854248 24.953145980835 24.9695205688477 25.0428524017334 25.0660209655762 25.0808048248291 25.2020492553711 25.2425327301025 25.2601280212402 25.3239345550537 25.3490161895752 25.3462448120117 25.3315372467041 25.3321228027344 25.3306617736816 25.3239002227783 25.3147525787354 25.3061962127686 25.3092803955078 25.3134899139404 25.2945671081543 25.3226585388184 25.3428039550781 25.3551597595215 25.4293022155762 25.4772243499756 25.5148162841797 25.6007022857666 25.5957107543945 25.6079540252686 25.6561279296875 25.6497631072998 25.6445751190186 25.6575603485107 25.6495742797852 25.6250705718994 25.6380043029785 25.641881942749 25.6384410858154 25.6707553863525 25.6527652740479 25.6688232421875 25.7188262939453 25.6977024078369 25.7020072937012 25.7606792449951 25.7384433746338 25.7445106506348 25.7823371887207 25.7836360931396 25.7811851501465 25.7703495025635 25.7503280639648 25.7317237854004
-9999 -9999 24.928258895874 24.9326171875 24.9039325714111 24.9682483673096 24.9913654327393 24.9984550476074 25.0909595489502 25.1536693572998 25.2029972076416 25.2644577026367 25.2999954223633 25.3766403198242 25.3484210968018 25.3260459899902 25.3296718597412 25.3397941589355 25.3292865753174 25.3023719787598 25.3220748901367 25.315954208374 25.3035831451416 25.322301864624 25.3169364929199 25.29296875 25.3757019042969 25.4104671478271 25.4371070861816 25.5253467559814 25.5593929290771 25.5958404541016 25.6334991455078 25.6466541290283 25.6618156433105 25.6681213378906 25.6552772521973 25.6434535980225 25.646448135376 25.6429443359375 25.6288681030273 25.666633605957 25.673620223999 25.6478252410889 25.7078094482422 25.7245578765869 25.6968231201172 25.7485122680664 25.7673797607422 25.7746849060059 25.7900276184082 25.7950382232666 25.8289108276367 25.8128299713135 25.8096504211426 25.811014175415 25.7365837097168
-9999 -9999 24.9284248352051 24.9335994720459 24.9280319213867 24.9616775512695 24.9967632293701 25.0074329376221 25.0766487121582 25.1732921600342 25.19065284729 25.2308940887451 25.3183689117432 25.3295001983643 25.330659866333 25.3616180419922 25.3584423065186 25.3466873168945 25.3459510803223 25.3414535522461 25.3302764892578 25.339563369751 25.3222179412842 25.3282127380371 25.3528118133545 25.3591060638428 25.3837299346924 25.4524745941162 25.489538192749 25.5111789703369 25.5963687896729 25.6250705718994 25.6324939727783 25.674732208252 25.6817493438721 25.6787624359131 25.6935939788818 25.6765766143799 25.6740951538086 25.6802749633789 25.672643661499 25.68017578125 25.7207584381104 25.7133178710938 25.7278251647949 25.7417850494385 25.7571048736572 25.7631206512451 25.8218154907227 25.8379993438721 25.8079643249512 25.8336734771729 25.8356418609619 25.8439064025879 25.8295822143555 25.8194713592529 25.7768230438232
-9999 -9999 -9999 -9999 24.9412364959717 24.9571666717529 25.0050659179688 25.0233383178711 25.0657444000244 25.1605606079102 25.1759948730469 25.2154140472412 25.3053760528564 25.3174324035645 25.3435859680176 25.3830852508545 25.3944721221924 25.3910808563232 25.3935794830322 25.3907566070557 25.384126663208 25.3753337860107 25.3793144226074 25.395471572876 25.4379653930664 25.4450244903564 25.4604530334473 25.5287570953369 25.5677127838135 25.5840644836426 25.6672420501709 25.7020130157471 25.7109279632568 25.754955291748 25.7741546630859 25.7739295959473 25.7867698669434 25.7908515930176 25.7780418395996 25.7819862365723 25.7745037078857 25.7896423339844 25.8335113525391 25.844274520874 25.8532981872559 25.8782348632812 25.8814811706543 25.8862152099609 25.9433097839355 25.9374160766602 25.917781829834 25.9131317138672 25.9080982208252 25.9004936218262 25.8817481994629 25.857536315918 25.8555278778076
-9999 -9999 -9999 -9999 24.894380569458 24.9687690734863 25.010181427002 24.9941177368164 25.0916900634766 25.1257591247559 25.1518306732178 25.2393112182617 25.2800559997559 25.3376235961914 25.3599700927734 25.3772716522217 25.4173278808594 25.4052467346191 25.4029064178467 25.3994827270508 25.4048309326172 25.3924045562744 25.4010944366455 25.4312076568604 25.4445743560791 25.44313621521 25.5045585632324 25.530891418457 25.5911808013916 25.634370803833 25.6633014678955 25.7183780670166 25.7573890686035 25.7633438110352 25.7928199768066 25.8160572052002 25.8034496307373 25.7966728210449 25.8226089477539 25.8003807067871 25.7732124328613 25.8365230560303 25.8516426086426 25.8420314788818 25.9102344512939 25.8955688476562 25.9198837280273 25.9564170837402 25.9610729217529 25.9840526580811 25.9707908630371 25.9412822723389 25.986743927002 25.9219245910645 25.9313068389893 25.9642009735107 25.8577518463135
-9999 -9999 -9999 -9999 -9999 24.9844017028809 25.0234889984131 25.0559635162354 25.1047039031982 25.1648921966553 25.1790962219238 25.2256374359131 25.3145904541016 25.3380718231201 25.3489093780518 25.3968486785889 25.4012336730957 25.3973503112793 25.420524597168 25.4199028015137 25.39426612854 25.4200916290283 25.4254875183105 25.4329299926758 25.4851589202881 25.5067405700684 25.5051765441895 25.5846290588379 25.6152744293213 25.6309719085693 25.7198829650879 25.7522201538086 25.756908416748 25.82594871521 25.8408641815186 25.8435306549072 25.857723236084 25.8501586914062 25.8462009429932 25.8771171569824 25.8613872528076 25.8671455383301 25.9199676513672 25.9289035797119 25.9052219390869 25.9641456604004 25.9695320129395 25.9909439086914 26.0118827819824 26.0104637145996 26.0107975006104 25.9857540130615 25.976110458374 25.9623317718506 25.913402557373 25.8976173400879 25.8735828399658
-9999 -9999 -9999 -9999 -9999 -9999 25.0760440826416 25.0898246765137 25.1325206756592 25.1975402832031 25.2248306274414 25.2415504455566 25.3276538848877 25.3408069610596 25.3685741424561 25.4179992675781 25.4249324798584 25.4419651031494 25.4689235687256 25.4851989746094 25.4626579284668 25.4898471832275 25.4965133666992 25.516529083252 25.5707740783691 25.5838737487793 25.613094329834 25.6741180419922 25.708984375 25.7270202636719 25.8190364837646 25.8277435302734 25.8699226379395 25.9450626373291 25.9699897766113 25.9708557128906 25.9824104309082 25.9778633117676 25.9781723022461 26.0070991516113 25.9998149871826 25.9982852935791 26.0537719726562 26.0594863891602 26.0306358337402 26.0882472991943 26.0914821624756 26.0844612121582 26.0968284606934 26.0965671539307 26.0705108642578 26.0399875640869 25.9907283782959 25.9750061035156 25.9192600250244 25.9009761810303 25.8840885162354
-9999 -9999 -9999 -9999 -9999 -9999 25.0950813293457 25.1337718963623 25.1645526885986 25.2190742492676 25.2279281616211 25.279541015625 25.3093128204346 25.3766918182373 25.3902549743652 25.4096393585205 25.4626941680908 25.4616603851318 25.4683303833008 25.485315322876 25.4860401153564 25.5002899169922 25.5148487091064 25.5539989471436 25.5725193023682 25.6011428833008 25.6609535217285 25.6732769012451 25.7126235961914 25.7847366333008 25.8213043212891 25.8652744293213 25.9291934967041 25.9628849029541 26.0332851409912 26.0200672149658 26.003791809082 26.0436248779297 26.0360870361328 26.0354137420654 26.0581283569336 26.0552921295166 26.0774669647217 26.1459846496582 26.095043182373 26.1157188415527 26.2246246337891 26.1323223114014 26.1202239990234 26.199821472168 26.0891151428223 26.0557346343994 26.016881942749 25.9753932952881 25.9439697265625 25.8859081268311 25.8813953399658
-9999 -9999 -9999 -9999 -9999 -9999 -9999 -9999 25.1810760498047 25.2268371582031 25.2372055053711 25.2864475250244 25.3364124298096 25.3512668609619 25.3721160888672 25.4341945648193 25.4445095062256 25.4440383911133 25.4928035736084 25.4951457977295 25.4879264831543 25.5360717773438 25.5449199676514 25.5590686798096 25.6189994812012 25.6324977874756 25.662992477417 25.7492637634277 25.7472114562988 25.7819538116455 25.8843860626221 25.9026546478271 25.9365100860596 26.0268707275391 26.0277309417725 26.0273475646973 26.0545139312744 26.0479125976562 26.0513076782227 26.0760173797607 26.0667114257812 26.0667934417725 26.089485168457 26.0760955810547 26.0985221862793 26.1235046386719 26.1479358673096 26.1313934326172 26.1065826416016 26.1128063201904 26.0894508361816 26.0345115661621 26.0255031585693 25.9942359924316 25.9439563751221 25.9304180145264 25.9143466949463
-9999 -9999 -9999 -9999 -9999 -9999 -9999 25.1823501586914 25.1956882476807 -9999 25.249885559082 25.3071575164795 25.3379039764404 25.3620338439941 25.3866405487061 25.4312839508057 25.4661884307861 25.482873916626 25.5133361816406 25.5495796203613 25.5646991729736 25.6020202636719 25.6152210235596 25.629093170166 25.6890506744385 25.7021503448486 25.7291412353516 25.8156394958496 25.8307132720947 25.8587398529053 25.9713706970215 25.995777130127 26.0314598083496 26.1121768951416 26.1206951141357 26.1245098114014 26.1516094207764 26.1563987731934 26.144063949585 26.1644916534424 26.1488838195801 26.1184062957764 26.1442756652832 26.1436958312988 26.1464862823486 26.1640491485596 26.1453647613525 26.1234111785889 26.1158199310303 26.0894584655762 26.0723743438721 26.0327911376953 26.0146293640137 25.9998512268066 25.9577312469482 25.9515171051025 25.9421310424805
-9999 -9999 -9999 -9999 -9999 -9999 -9999 -9999 -9999 -9999 -9999 -9999 -9999 -9999 -9999 -9999 25.4869422912598 25.4927711486816 25.5286197662354 25.5654582977295 25.597770690918 25.6085433959961 25.6671485900879 25.6729736328125 25.69167137146 25.74387550354 25.783203125 25.8142929077148 25.870813369751 25.9332523345947 25.9707946777344 26.0917530059814 26.0866775512695 26.1121082305908 26.2247543334961 26.1793785095215 26.1682167053223 26.2287902832031 26.1901302337646 26.1761837005615 26.198392868042 26.1516151428223 26.1550941467285 26.2080345153809 26.1543045043945 26.1610317230225 26.1374206542969 26.1328639984131 26.1070556640625 -9999 -9999 -9999 -9999 25.9793491363525 25.9909992218018 25.9423637390137 25.94580078125
-9999 -9999 -9999 -9999 -9999 -9999 -9999 -9999 -9999 -9999 -9999 -9999 -9999 -9999 -9999 -9999 -9999 25.5433235168457 25.5481815338135 25.576530456543 25.6114234924316 25.6499481201172 25.6562919616699 25.662769317627 25.7200908660889 25.7326469421387 25.760612487793 25.8522319793701 25.8615550994873 25.9018497467041 26.0188217163086 26.0478210449219 26.0552043914795 26.1430816650391 26.1737060546875 26.1608695983887 26.1907367706299 26.1917381286621 26.1872386932373 26.1958065032959 26.1809120178223 26.1817073822021 26.1754093170166 26.1650142669678 26.1617946624756 -9999 -9999 -9999 -9999 -9999 -9999 -9999 -9999 26.0143089294434 25.9889945983887 25.9666442871094 25.9582061767578
-9999 -9999 -9999 -9999 -9999 -9999 -9999 -9999 -9999 -9999 -9999 -9999 -9999 -9999 -9999 -9999 -9999 -9999 -9999 -9999 25.651668548584 25.6891136169434 25.7035980224609 25.7111549377441 25.7657032012939 25.7817687988281 25.7994861602783 25.8927059173584 25.9182453155518 25.9433536529541 26.0459251403809 26.0653076171875 26.0918006896973 26.1473655700684 26.1698017120361 26.1770801544189 26.2002010345459 26.206506729126 26.2086143493652 26.2137145996094 26.2060108184814 26.199987411499 26.1807632446289 26.1785163879395 -9999 -9999 -9999 -9999 -9999 -9999 -9999 -9999 -9999 -9999 -9999 25.9799766540527 25.9944019317627
-9999 -9999 -9999 -9999 -9999 -9999 -9999 -9999 -9999 -9999 -9999 -9999 -9999 -9999 -9999 -9999 -9999 -9999 -9999 -9999 -9999 25.7207736968994 25.6962471008301 25.7408714294434 25.7530174255371 25.7417297363281 25.8313446044922 25.8530750274658 25.8927516937256 25.9775791168213 26.0107345581055 26.094841003418 26.0893058776855 26.1461982727051 26.193510055542 26.1793003082275 -9999 -9999 -9999 -9999 26.2239761352539 -9999 -9999 -9999 -9999 -9999 -9999 -9999 -9999 -9999 -9999 -9999 -9999 -9999 -9999 -9999 -9999
-9999 -9999 -9999 -9999 -9999 -9999 -9999 -9999 -9999 -9999 -9999 -9999 -9999 -9999 -9999 -9999 -9999 -9999 -9999 -9999 -9999 -9999 25.7401123046875 25.7553424835205 25.7872142791748 25.8065166473389 25.8138656616211 25.8895816802979 25.9322299957275 25.955680847168 26.0040721893311 26.0588874816895 26.1018981933594 26.1072902679443 26.1512470245361 -9999 -9999 -9999 -9999 -9999 -9999 -9999 -9999 -9999 -9999 -9999 -9999 -9999 -9999 -9999 -9999 -9999 -9999 -9999 -9999 -9999 -9999
-9999 -9999 -9999 -9999 -9999 -9999 -9999 -9999 -9999 -9999 -9999 -9999 -9999 -9999 -9999 -9999 -9999 -9999 -9999 -9999 -9999 -9999 -9999 25.7891750335693 25.803617477417 25.8270988464355 25.8462181091309 25.9040203094482 25.9391078948975 25.9691848754883 -9999 26.0571193695068 -9999 -9999 -9999 -9999 -9999 -9999 -9999 -9999 -9999 -9999 -9999 -9999 -9999 -9999 -9999 -9999 -9999 -9999 -9999 -9999 -9999 -9999 -9999 -9999 -9999
-9999 -9999 -9999 -9999 -9999 -9999 -9999 -9999 -9999 -9999 -9999 -9999 -9999 -9999 -9999 -9999 -9999 -9999 -9999 -9999 -9999 -9999 -9999 -9999 25.8163166046143 25.8434658050537 -9999 -9999 -9999 -9999 -9999 -9999 -9999 -9999 -9999 -9999 -9999 -9999 -9999 -9999 -9999 -9999 -9999 -9999 -9999 -9999 -9999 -9999 -9999 -9999 -9999 -9999 -9999 -9999 -9999 -9999 -9999
-9999 -9999 -9999 -9999 -9999 -9999 -9999 -9999 -9999 -9999 -9999 -9999 -9999 -9999 -9999 -9999 -9999 -9999 -9999 -9999 -9999 -9999 -9999 -9999 -9999 -9999 -9999 -9999 -9999 -9999 -9999 -9999 -9999 -9999 -9999 -9999 -9999 -9999 -9999 -9999 -9999 -9999 -9999 -9999 -9999 -9999 -9999 -9999 -9999 -9999 -9999 -9999 -9999 -9999 -9999 -9999 -9999
-9999 -9999 -9999 -9999 -9999 -9999 -9999 -9999 -9999 -9999 -9999 -9999 -9999 -9999 -9999 -9999 -9999 -9999 -9999 -9999 -9999 -9999 -9999 -9999 -9999 -9999 -9999 -9999 -9999 -9999 -9999 -9999 -9999 -9999 -9999 -9999 -9999 -9999 -9999 -9999 -9999 -9999 -9999 -9999 -9999 -9999 -9999 -9999 -9999 -9999 -9999 -9999 -9999 -9999 -9999 -9999 -9999
