G_variables/Set1/RCP8_2100/Sur_tem_min.asc
NCOLS 229 
NROWS 147 
XLLCORNER -101.25 
YLLCORNER 14.3333333333333 
CELLSIZE 0.0833333333333333 
NODATA_value -9999 
[rows 26 to 51 of 147, columns 57 to 113 of 229]
-9999 -9999 -9999 -9999 -9999 -9999 -9999 -9999 -9999 -9999 -9999 -9999 -9999 -9999 -9999 -9999 -9999 -9999 -9999 -9999 -9999 -9999 -9999 -9999 -9999 -9999 -9999 -9999 -9999 24.3864498138428 24.3885498046875 24.3919162750244 24.3819198608398 24.3719215393066 24.3444805145264 24.371187210083 24.3631134033203 24.3624000549316 24.3887729644775 24.4095706939697 24.4630661010742 24.3903179168701 24.3671188354492 24.3567314147949 24.2825660705566 24.2411937713623 24.1809215545654 24.1369457244873 24.0952129364014 24.0324001312256 24.0105667114258 23.9947299957275 23.9572505950928 23.9228515625 23.90260887146 23.8761043548584 23.8562545776367
-9999 -9999 -9999 -9999 -9999 -9999 -9999 -9999 -9999 -9999 -9999 -9999 -9999 -9999 -9999 -9999 -9999 -9999 -9999 -9999 -9999 -9999 -9999 -9999 -9999 -9999 -9999 -9999 24.3887195587158 24.3978576660156 24.4035778045654 24.400785446167 24.3923931121826 24.3893375396729 24.3808288574219 24.3661766052246 24.3861179351807 24.3873729705811 24.3997211456299 24.4156055450439 24.4162120819092 24.4019908905029 24.3551387786865 24.3429012298584 24.3143730163574 24.2213668823242 24.1865730285645 24.1698398590088 24.080171585083 24.0586700439453 24.0380001068115 23.9720001220703 23.9547882080078 23.9437236785889 23.9004650115967 23.8877830505371 23.8756332397461
-9999 -9999 -9999 -9999 -9999 -9999 -9999 -9999 -9999 -9999 -9999 -9999 -9999 -9999 -9999 -9999 -9999 -9999 -9999 -9999 -9999 -9999 -9999 -9999 -9999 -9999 -9999 -9999 24.415433883667 24.4218769073486 24.4271278381348 24.4267635345459 24.4213962554932 24.4184627532959 24.415979385376 24.4118309020996 24.4244613647461 24.4260406494141 24.4364891052246 24.4423599243164 24.4312362670898 24.3986186981201 24.3628063201904 24.3360710144043 24.3169689178467 24.2570705413818 24.2155818939209 24.1758136749268 24.1165008544922 24.0894031524658 24.0529251098633 24.005578994751 23.9882297515869 23.9581108093262 23.9287090301514 23.9137401580811 23.8934783935547
-9999 -9999 -9999 -9999 -9999 -9999 -9999 -9999 -9999 -9999 -9999 -9999 -9999 -9999 -9999 -9999 -9999 -9999 -9999 -9999 -9999 -9999 -9999 -9999 -9999 -9999 -9999 24.4060287475586 24.4445343017578 24.4327144622803 24.4338836669922 24.4387893676758 24.4192714691162 24.4135684967041 24.4077987670898 24.424690246582 24.4360122680664 24.4585590362549 24.4483318328857 24.4557399749756 24.5158023834229 24.3885326385498 24.3580951690674 24.3786087036133 24.3078918457031 24.2731285095215 24.2269134521484 24.1781330108643 24.1393184661865 24.0907955169678 24.0405826568604 24.0197944641113 23.9996871948242 23.9610137939453 23.9420928955078 23.923246383667 23.8974018096924
-9999 -9999 -9999 -9999 -9999 -9999 -9999 -9999 -9999 -9999 -9999 -9999 -9999 -9999 -9999 -9999 -9999 -9999 -9999 -9999 -9999 -9999 -9999 -9999 -9999 -9999 -9999 24.4312000274658 24.4437675476074 24.4433097839355 24.4523334503174 24.4466495513916 24.4369602203369 24.4395790100098 24.436502456665 24.4383506774902 24.4590549468994 24.4618797302246 24.4749374389648 24.4678192138672 24.459545135498 24.4097099304199 24.3701229095459 24.3557434082031 24.3187236785889 24.261302947998 24.2296848297119 24.1832313537598 24.1264343261719 24.0937919616699 24.0608386993408 24.0172595977783 23.9921951293945 23.9702072143555 23.9461517333984 23.9256286621094 23.9047775268555
24.4050693511963 24.3981075286865 24.3963756561279 24.4465675354004 -9999 -9999 -9999 -9999 -9999 -9999 -9999 -9999 -9999 -9999 -9999 -9999 -9999 -9999 -9999 -9999 -9999 -9999 -9999 -9999 -9999 -9999 24.4521808624268 24.4634799957275 24.4631633758545 24.4703559875488 24.4790744781494 24.483736038208 24.4775943756104 24.483922958374 24.4861526489258 24.4863109588623 24.5042972564697 24.5037384033203 24.4988956451416 24.4899768829346 24.4811668395996 24.4518547058105 24.3951873779297 24.3667640686035 24.3464794158936 24.2656421661377 24.2485790252686 24.2204341888428 24.1407814025879 24.1284370422363 24.1026096343994 24.0401649475098 24.0281391143799 24.0050830841064 23.9634189605713 23.9480724334717 23.9316959381104
24.4288883209229 24.5081043243408 24.4485092163086 24.4267902374268 24.4350891113281 24.4424266815186 24.4348773956299 24.4028034210205 24.436544418335 -9999 -9999 -9999 -9999 -9999 -9999 -9999 -9999 -9999 -9999 -9999 -9999 -9999 -9999 -9999 -9999 -9999 24.4639358520508 24.4684467315674 24.474552154541 24.4819049835205 24.4851150512695 24.4869079589844 24.4992637634277 24.4933834075928 24.5035419464111 24.5027370452881 24.505500793457 24.4992580413818 24.5025157928467 24.5089797973633 24.5143127441406 24.4485321044922 24.4198436737061 24.3854236602783 24.3316440582275 24.2949676513672 24.2276878356934 24.2003078460693 24.1675186157227 24.1187152862549 24.0880317687988 24.0720691680908 24.0338001251221 23.9954528808594 23.9707946777344 23.934642791748 23.9319152832031
24.4643096923828 24.4360542297363 24.4396476745605 24.4515781402588 24.4460868835449 24.4527320861816 24.4431171417236 24.4399108886719 24.4410190582275 24.4447612762451 24.4440650939941 24.4427146911621 24.4377250671387 -9999 -9999 -9999 -9999 -9999 -9999 -9999 -9999 -9999 -9999 -9999 -9999 24.4470367431641 24.4571514129639 24.4816761016846 24.486364364624 24.4936790466309 24.5100631713867 24.5121574401855 24.5080814361572 24.519380569458 24.5127696990967 24.5014247894287 24.504903793335 24.510814666748 24.5277271270752 24.5029335021973 24.4955368041992 24.4782466888428 24.4047622680664 24.3878021240234 24.3589458465576 24.2823314666748 24.2428245544434 24.2278327941895 24.1519260406494 24.1263885498047 24.1200637817383 24.0579833984375 24.0396118164062 24.0254535675049 23.9672927856445 23.9568843841553 23.9420852661133
24.5355224609375 24.4987144470215 24.4752788543701 24.4854297637939 24.4835872650146 24.4802627563477 24.4742336273193 24.4773712158203 24.4771137237549 24.4829559326172 24.4837875366211 24.4757080078125 24.4691410064697 24.4525814056396 24.4503440856934 24.4404983520508 24.4175281524658 24.4052352905273 -9999 -9999 -9999 -9999 -9999 -9999 -9999 24.4727783203125 24.4841613769531 24.5091018676758 24.5183658599854 24.5224113464355 24.5429267883301 24.5468654632568 24.5481472015381 24.5498065948486 24.5529460906982 24.5364933013916 24.5382823944092 24.534215927124 24.5262413024902 24.4941940307617 24.4840240478516 24.4628467559814 24.402624130249 24.3799457550049 24.3638076782227 24.2967929840088 24.2808895111084 24.2508087158203 24.1741733551025 24.1512985229492 24.1245613098145 24.0634765625 24.0517711639404 24.0361843109131 23.9796199798584 23.9687938690186 23.9569683074951
24.5393543243408 24.5198459625244 24.5059089660645 24.4982604980469 24.4826984405518 24.4919662475586 24.4854183197021 24.4899120330811 24.4945678710938 24.4900875091553 24.518798828125 24.4994087219238 24.4783725738525 24.4622688293457 24.4575481414795 24.4468803405762 24.3878154754639 24.4107608795166 24.4164390563965 24.4004001617432 24.426778793335 24.4362525939941 24.4396514892578 -9999 -9999 24.4954223632812 24.5051689147949 24.5146560668945 24.5356960296631 24.5453586578369 24.5543994903564 24.5711936950684 24.5600318908691 24.5685291290283 24.5988883972168 24.5720405578613 24.5672492980957 24.5861186981201 24.5381565093994 24.5185165405273 24.5062141418457 24.462329864502 24.4354152679443 24.397777557373 24.3565368652344 24.3272476196289 24.2892055511475 24.2482967376709 24.2141571044922 24.1636810302734 24.1189517974854 24.0911464691162 24.0452728271484 24.02174949646 24.0037364959717 23.9568958282471 23.9582424163818
24.5486164093018 24.5371780395508 24.5266284942627 24.5018157958984 24.4954586029053 24.4905319213867 24.494987487793 24.4961891174316 24.4974327087402 24.4993839263916 24.5063896179199 24.5084896087646 24.489709854126 24.4857997894287 24.4705772399902 24.4429206848145 24.4273643493652 24.4277782440186 24.4258136749268 24.4273509979248 24.4342727661133 24.4489345550537 24.4628391265869 24.4761180877686 24.4769744873047 24.4877281188965 24.4946708679199 24.5173206329346 24.5257797241211 24.5331344604492 24.5551471710205 24.5424842834473 24.5551280975342 24.5656566619873 24.5733795166016 24.5694351196289 24.5551204681396 24.5508613586426 24.5440101623535 24.4946708679199 24.4832935333252 24.4753704071045 24.4210319519043 24.3898277282715 24.3757019042969 24.3144874572754 24.2824592590332 24.2642307281494 24.1993846893311 24.1804981231689 24.144323348999 24.0820541381836 24.0653190612793 24.0419521331787 23.9990348815918 23.9857063293457 23.971996307373
24.6000690460205 24.5676555633545 24.5574607849121 24.5472221374512 24.5275726318359 24.5261917114258 24.531623840332 24.5322799682617 24.5239810943604 24.5394153594971 24.5390319824219 24.5392036437988 24.5237808227539 24.5080070495605 24.5047397613525 24.4816761016846 24.4786148071289 24.4730758666992 24.4719047546387 24.4698333740234 24.464282989502 24.4813137054443 24.4880905151367 24.5021286010742 24.5030422210693 24.5108795166016 24.5256881713867 24.5474872589111 24.5602931976318 24.570686340332 24.5761661529541 24.5789623260498 24.5723171234131 24.5911903381348 24.5908317565918 24.5782680511475 24.5597400665283 24.5443363189697 24.5336570739746 24.485897064209 24.4766044616699 24.4658203125 24.4181289672852 24.4073276519775 24.380989074707 24.3223915100098 24.2979202270508 24.2794742584229 24.2133464813232 24.1875171661377 24.1693344116211 24.0976219177246 24.0907039642334 24.073371887207 24.0224189758301 24.0068531036377 23.9940967559814
24.6121807098389 24.5485305786133 24.5619258880615 24.5528335571289 24.5109558105469 24.5214252471924 24.5240097045898 24.5396881103516 24.53662109375 24.5367889404297 24.5598239898682 24.552490234375 24.5203857421875 24.5243740081787 24.5122680664062 24.5059127807617 24.5039443969727 24.4818458557129 24.4807739257812 24.4874572753906 24.4859886169434 24.4752521514893 24.4824733734131 24.5028057098389 24.5027370452881 24.5192241668701 24.5416278839111 24.5576705932617 24.5666484832764 24.5745182037354 24.5829944610596 24.5892772674561 24.5870342254639 24.5860424041748 24.614351272583 24.5747261047363 24.5604114532471 24.5461158752441 24.5179424285889 24.5000171661377 24.4607620239258 24.4490242004395 24.4360694885254 24.414306640625 24.3767700195312 24.3358592987061 24.3132991790771 24.2594985961914 24.2393360137939 24.1930561065674 24.1577854156494 24.13037109375 24.073034286499 24.064790725708 24.0412616729736 23.997802734375 24.0035343170166
24.6211204528809 24.588321685791 24.5722408294678 24.5615463256836 24.5287494659424 24.5186710357666 24.522647857666 24.5232925415039 24.5306358337402 24.5382900238037 24.5461330413818 24.5523242950439 24.5419406890869 24.521520614624 24.5169811248779 24.5057945251465 24.4904899597168 24.4788722991943 24.4756870269775 24.4840278625488 24.4760322570801 24.4795513153076 24.4915142059326 24.5017280578613 24.5119209289551 24.5213050842285 24.5385723114014 24.5702972412109 24.5709629058838 24.5864334106445 24.5999145507812 24.593090057373 24.5948486328125 24.5831680297852 24.5782527923584 24.5780429840088 24.5347232818604 24.5189609527588 24.508451461792 24.4789428710938 24.4689655303955 24.4586944580078 24.4265518188477 24.4174270629883 24.3832817077637 24.3263721466064 24.29905128479 24.2815780639648 24.2236518859863 24.2143421173096 24.1862106323242 24.124813079834 24.0987491607666 24.0804977416992 24.0414714813232 24.0261573791504 24.0228271484375
24.6648483276367 24.6369018554688 24.6224670410156 24.5878524780273 24.5664081573486 24.5429039001465 24.540922164917 24.5357627868652 24.5354480743408 24.5565032958984 24.5618343353271 24.5675640106201 24.5599575042725 24.5433387756348 24.5413722991943 24.5310115814209 24.5102348327637 24.4900703430176 24.486457824707 24.4883117675781 24.4959812164307 24.5046825408936 24.5069026947021 24.5192184448242 24.5303649902344 24.5413417816162 24.5639133453369 24.5956554412842 24.6061496734619 24.6271781921387 24.638708114624 24.61647605896 24.6064548492432 24.5901832580566 24.5713214874268 24.5558643341064 24.5227279663086 24.5089263916016 24.5075130462646 24.4725685119629 24.4638328552246 24.4618225097656 24.4321594238281 24.4149532318115 24.4048633575439 24.3587970733643 24.3361778259277 24.3119945526123 24.2554607391357 24.2389430999756 24.2243499755859 24.1550827026367 24.1392097473145 24.1220722198486 24.0823173522949 24.0728359222412 24.0802936553955
24.6650104522705 24.6478729248047 24.633150100708 24.5988903045654 24.5804576873779 24.5634803771973 24.5516777038574 24.5467529296875 24.531457901001 24.5586223602295 24.5689239501953 24.5700836181641 24.5724105834961 24.5682392120361 24.5452423095703 24.5381126403809 24.5265254974365 24.5029163360596 24.501838684082 24.4972972869873 24.503044128418 24.5093173980713 24.5159091949463 24.5278377532959 24.5408573150635 24.5669403076172 24.5764961242676 24.5973701477051 24.6190891265869 24.6286334991455 24.6325016021729 24.6361961364746 24.6074695587158 24.592435836792 24.5754489898682 24.5520133972168 24.5355949401855 24.5038623809814 24.4933071136475 24.4789333343506 24.4472846984863 24.4497108459473 24.4429302215576 24.4221458435059 24.3973503112793 24.3787403106689 24.35426902771 24.3124599456787 24.2879600524902 24.2410430908203 24.2057971954346 24.1876029968262 24.1551780700684 24.1250591278076 24.106258392334 24.0851287841797 24.082145690918
24.6795024871826 24.6650123596191 24.6522274017334 24.6180019378662 24.6077175140381 24.5943431854248 24.5752544403076 24.5703830718994 24.5663375854492 24.5639667510986 24.5705337524414 24.5757694244385 24.5757675170898 24.5619316101074 24.5600051879883 24.5447521209717 24.5189437866211 24.5115699768066 24.4984931945801 24.5020236968994 24.5052299499512 24.5085792541504 24.5148830413818 24.522331237793 24.5476455688477 24.5684547424316 24.5802917480469 24.6038608551025 24.6194972991943 24.6160125732422 24.6197624206543 24.6132106781006 24.6096534729004 24.5881900787354 24.5720634460449 24.5591831207275 24.5287933349609 24.5168991088867 24.4973468780518 24.4736232757568 24.4624996185303 24.459644317627 24.4391918182373 24.4231758117676 24.4148063659668 24.3732357025146 24.3600940704346 24.3331985473633 24.2894878387451 24.2630958557129 24.2352924346924 24.1898536682129 24.1717224121094 24.1450614929199 24.1110801696777 24.1084880828857 24.10378074646
24.7302093505859 24.721887588501 24.7091236114502 24.687032699585 24.6566276550293 24.6427764892578 24.6210975646973 24.61083984375 24.5995807647705 24.5843334197998 24.5887413024902 24.5869045257568 24.5867385864258 24.5732517242432 24.5710697174072 24.5575485229492 24.5348300933838 24.5304698944092 24.5246658325195 24.5170497894287 24.5224151611328 24.5247211456299 24.5334339141846 24.5458145141602 24.5690422058105 24.5793285369873 24.6025676727295 24.6258659362793 24.6255130767822 24.6305618286133 24.6333503723145 24.6206226348877 24.6142845153809 24.5922012329102 24.5825481414795 24.5722160339355 24.543586730957 24.5308589935303 24.5184307098389 24.5010967254639 24.4985332489014 24.4968681335449 24.4760856628418 24.4643039703369 24.4547920227051 24.4136848449707 24.4000663757324 24.381441116333 24.3401470184326 24.3099021911621 24.2943553924561 24.245698928833 24.226354598999 24.1987380981445 24.1666831970215 24.1701335906982 24.173900604248
24.7478809356689 24.7581386566162 24.7250690460205 24.7142391204834 24.7099075317383 24.6685485839844 24.6336536407471 24.6145191192627 24.605806350708 24.5957126617432 24.5751533508301 24.5892429351807 24.5731658935547 24.5793323516846 24.556884765625 24.5551681518555 24.539888381958 24.5279293060303 24.5210418701172 24.5018215179443 24.5164375305176 24.5194892883301 24.5182628631592 24.5515899658203 24.5678081512451 24.5730056762695 24.6268997192383 24.6427612304688 24.6510028839111 24.651294708252 24.6494426727295 24.6475257873535 24.6287174224854 24.6127910614014 24.5601654052734 24.5683288574219 24.5577621459961 24.5112247467041 24.5389633178711 24.5371189117432 24.5184745788574 24.5160942077637 24.5041561126709 24.4753150939941 24.4659080505371 24.4495830535889 24.3914680480957 24.3756561279297 24.3571510314941 24.3119487762451 24.295726776123 24.2749328613281 24.2439403533936 24.2032203674316 24.2016696929932 24.1996574401855 24.2004833221436
24.7513408660889 24.7451553344727 24.7360134124756 24.70725440979 24.7001190185547 24.6899356842041 24.6428966522217 24.6331691741943 24.6243076324463 24.6039333343506 24.597677230835 24.5969295501709 24.5761165618896 24.5627326965332 24.5620422363281 24.5593376159668 24.5378761291504 24.5339221954346 24.5293998718262 24.5211849212646 24.5225887298584 24.5335388183594 24.5375385284424 24.5592613220215 24.5870819091797 24.6095695495605 24.6274585723877 24.6470584869385 24.6574821472168 24.6611099243164 24.6622104644775 24.6488380432129 24.6453666687012 24.6253929138184 24.6183071136475 24.5911197662354 24.5748615264893 24.573221206665 24.5706272125244 24.5565967559814 24.5484771728516 24.5451984405518 24.5240879058838 24.5110759735107 24.499584197998 24.4653148651123 24.4453773498535 24.4093589782715 24.3719520568848 24.3462142944336 24.3310031890869 24.2910041809082 24.2784023284912 24.2506237030029 24.2358627319336 24.229528427124 24.2307052612305
24.7872562408447 24.7791748046875 24.7573947906494 24.74560546875 24.7377147674561 24.7303676605225 24.6822185516357 24.6717758178711 24.6514797210693 24.6293048858643 24.619836807251 24.6110935211182 24.5851612091064 24.5719909667969 24.5725193023682 24.5697174072266 24.5467929840088 24.5512790679932 24.5558776855469 24.557149887085 24.569055557251 24.5823516845703 24.5868663787842 24.6085720062256 24.6439380645752 24.6600227355957 24.6690273284912 24.6894226074219 24.6950778961182 24.697582244873 24.7178134918213 24.7049522399902 24.7054443359375 24.691764831543 24.6876735687256 24.6827869415283 24.6605243682861 24.6545581817627 24.649730682373 24.6356239318848 24.6328563690186 24.6265335083008 24.5964488983154 24.5828247070312 24.5751247406006 24.541784286499 24.5237808227539 24.5098133087158 24.468770980835 24.4562721252441 24.4349727630615 24.3938884735107 24.3777503967285 24.3629283905029 24.3283996582031 24.3237419128418 24.3237628936768
24.7950954437256 24.7556800842285 24.761890411377 24.7568073272705 24.7467555999756 24.7347202301025 24.6981315612793 24.6779708862305 24.6565380096436 24.6445331573486 24.6093254089355 24.6171340942383 24.6115093231201 24.5790729522705 24.577320098877 24.553503036499 24.537073135376 24.5484619140625 24.5631904602051 24.5539722442627 24.5817432403564 24.5897598266602 24.5854301452637 24.6363868713379 24.6550712585449 24.6588134765625 24.690860748291 24.7079105377197 24.710765838623 24.7163105010986 24.7322883605957 24.7076797485352 24.7170906066895 24.7130470275879 24.7123870849609 24.6993980407715 24.6927242279053 24.6702632904053 24.6738719940186 24.6684856414795 24.669303894043 24.6431636810303 24.6211757659912 24.6123905181885 24.5936088562012 24.5791912078857 24.5520172119141 24.5460681915283 24.5191326141357 24.473575592041 24.4551372528076 24.4352626800537 24.3918151855469 24.3906784057617 24.369197845459 24.3348369598389 24.3520393371582
24.793176651001 24.7852230072021 24.7815952301025 24.7741546630859 24.7680797576904 24.7481002807617 24.7305183410645 24.6973533630371 24.6802711486816 24.6567687988281 24.6462631225586 24.6412353515625 24.6222629547119 24.6205158233643 24.6058254241943 24.5683536529541 24.5576419830322 24.5777606964111 24.5940322875977 24.5894813537598 24.594554901123 24.6234130859375 24.6402320861816 24.6529865264893 24.6906509399414 24.7087802886963 24.7127780914307 24.7387466430664 24.7438106536865 24.7493896484375 24.7535190582275 24.7465286254883 24.7403240203857 24.7333660125732 24.7351245880127 24.723237991333 24.7165775299072 24.7109794616699 24.6940994262695 24.6826629638672 24.6771087646484 24.6789817810059 24.6656932830811 24.6342220306396 24.6288356781006 24.6030082702637 24.5946464538574 24.5859680175781 24.5418128967285 24.5269813537598 24.495433807373 24.4554805755615 24.4427680969238 24.44460105896 24.4174633026123 24.3871440887451 24.3861083984375
24.8505916595459 24.8106594085693 24.8054141998291 24.7986583709717 24.7933368682861 24.7896137237549 24.7739601135254 24.7621994018555 24.740083694458 24.7039375305176 24.6938228607178 24.6845245361328 24.6611022949219 24.6591339111328 24.6582431793213 24.631139755249 24.6182632446289 24.6257801055908 24.6450252532959 24.6576156616211 24.6658763885498 24.6975536346436 24.7126808166504 24.7206802368164 24.7606201171875 24.7740306854248 24.7879009246826 24.8117790222168 24.8178596496582 24.8222732543945 24.813871383667 24.7989673614502 24.7993144989014 24.8029880523682 24.8017635345459 24.7944107055664 24.7877407073975 24.7804183959961 24.7755165100098 24.7627105712891 24.7589530944824 24.7531776428223 24.7409915924072 24.7346591949463 24.729606628418 24.7040691375732 24.6895771026611 24.6766166687012 24.6351509094238 24.6265163421631 24.6085433959961 24.5651092529297 24.5564289093018 24.5405788421631 24.5193519592285 24.5146980285645 24.5091094970703
24.8561897277832 24.8389225006104 24.8198223114014 24.8164596557617 24.813081741333 24.8065719604492 24.7994289398193 24.7906684875488 24.752685546875 24.7365741729736 24.7117118835449 24.6954689025879 24.6810092926025 24.6529979705811 24.6644401550293 24.647575378418 24.6245651245117 24.6457672119141 24.6594104766846 24.6679401397705 24.6968822479248 24.7136859893799 24.7360229492188 24.7492351531982 24.7732315063477 24.8218212127686 24.8193607330322 24.8272914886475 24.8562526702881 24.8486309051514 24.8353061676025 24.8174819946289 24.8202953338623 24.8201808929443 24.8391647338867 24.8172950744629 24.810037612915 24.7927436828613 24.785514831543 24.7820091247559 24.7877330780029 24.7726078033447 24.7657451629639 24.7591552734375 24.749397277832 24.7428760528564 24.7261276245117 24.6980304718018 24.6777229309082 24.6707725524902 24.6355819702148 24.6103935241699 24.5765342712402 24.573184967041 24.5663547515869 24.5439319610596 24.5466766357422
24.8732738494873 24.8644733428955 24.8581867218018 24.8339614868164 24.8313255310059 24.8303890228271 24.8178768157959 24.8044662475586 24.7859745025635 24.7532730102539 24.7251319885254 24.717191696167 24.6880512237549 24.6854820251465 24.6859760284424 24.6727542877197 24.6711120605469 24.6737537384033 24.689094543457 24.6981658935547 24.7108249664307 24.7467098236084 24.7566986083984 24.7640571594238 24.7998600006104 24.8203754425049 24.8305931091309 24.8527393341064 24.864595413208 24.8629932403564 24.8663806915283 24.8504409790039 24.8446235656738 24.8393211364746 24.8455276489258 24.8397483825684 24.8325119018555 24.8264713287354 24.8116550445557 24.8007984161377 24.7947750091553 24.7830410003662 24.776237487793 24.7768115997314 24.7707576751709 24.7457427978516 24.7320537567139 24.7259788513184 24.6967620849609 24.6814079284668 24.6649570465088 24.6360549926758 24.6266899108887 24.6157054901123 24.6036891937256 24.59250831604 24.5879783630371
