G_variables/Set1/RCP8_2100/Sur_tem_max.asc
NCOLS 229 
NROWS 147 
XLLCORNER -101.25 
YLLCORNER 14.3333333333333 
CELLSIZE 0.0833333333333333 
NODATA_value -9999 
[rows 26 to 51 of 147, columns 57 to 113 of 229]
-9999 -9999 -9999 -9999 -9999 -9999 -9999 -9999 -9999 -9999 -9999 -9999 -9999 -9999 -9999 -9999 -9999 -9999 -9999 -9999 -9999 -9999 -9999 -9999 -9999 -9999 -9999 -9999 -9999 33.4215621948242 33.4188766479492 33.4177474975586 33.4117813110352 33.4197998046875 33.4190826416016 33.4250526428223 33.419979095459 33.4241943359375 33.415340423584 33.4245758056641 33.4225769042969 33.4151344299316 33.4104614257812 33.3969650268555 33.3993682861328 33.4045600891113 33.401180267334 33.413200378418 33.4164848327637 33.4251937866211 33.4355354309082 33.4381446838379 33.4489212036133 33.4620552062988 33.4680862426758 33.4757614135742 33.4768486022949
-9999 -9999 -9999 -9999 -9999 -9999 -9999 -9999 -9999 -9999 -9999 -9999 -9999 -9999 -9999 -9999 -9999 -9999 -9999 -9999 -9999 -9999 -9999 -9999 -9999 -9999 -9999 -9999 33.4272537231445 33.4190635681152 33.4282073974609 33.4257888793945 33.4092636108398 33.4305458068848 33.4294662475586 33.420970916748 33.4305534362793 33.428825378418 33.4237670898438 33.4271774291992 33.4248275756836 33.4215774536133 33.408317565918 33.4082183837891 33.405086517334 33.4041633605957 33.4096450805664 33.4142303466797 33.4186820983887 33.4256172180176 33.4331665039062 33.4487724304199 33.4580039978027 33.4642791748047 33.4769248962402 33.4770965576172 33.4765510559082
-9999 -9999 -9999 -9999 -9999 -9999 -9999 -9999 -9999 -9999 -9999 -9999 -9999 -9999 -9999 -9999 -9999 -9999 -9999 -9999 -9999 -9999 -9999 -9999 -9999 -9999 -9999 -9999 33.4163131713867 33.4304885864258 33.4308624267578 33.4297904968262 33.4204711914062 33.4306106567383 33.4441909790039 33.4383811950684 33.4445533752441 33.4448547363281 33.4500961303711 33.4384918212891 33.4307861328125 33.4248504638672 33.4162178039551 33.4132843017578 33.4094390869141 33.4071273803711 33.4084663391113 33.4049835205078 33.4153938293457 33.4214820861816 33.4313163757324 33.4425201416016 33.4539680480957 33.4698371887207 33.4772033691406 33.473217010498 33.4726982116699
-9999 -9999 -9999 -9999 -9999 -9999 -9999 -9999 -9999 -9999 -9999 -9999 -9999 -9999 -9999 -9999 -9999 -9999 -9999 -9999 -9999 -9999 -9999 -9999 -9999 -9999 -9999 33.3993453979492 33.3792877197266 33.4245452880859 33.4339561462402 33.4215087890625 33.4319648742676 33.4405212402344 33.4753150939941 33.4491348266602 33.4597854614258 33.4847831726074 33.4565162658691 33.4425277709961 33.4502716064453 33.4208755493164 33.4150276184082 33.4235076904297 33.4186706542969 33.4097099304199 33.4036712646484 33.4119033813477 33.4193153381348 33.4194374084473 33.4308662414551 33.4413566589355 33.4541168212891 33.4805603027344 33.4820899963379 33.4696807861328 33.4716033935547
-9999 -9999 -9999 -9999 -9999 -9999 -9999 -9999 -9999 -9999 -9999 -9999 -9999 -9999 -9999 -9999 -9999 -9999 -9999 -9999 -9999 -9999 -9999 -9999 -9999 -9999 -9999 33.3999290466309 33.4081726074219 33.4079360961914 33.435245513916 33.4344940185547 33.4305152893066 33.4648094177246 33.4695930480957 33.4546432495117 33.4731140136719 33.4708671569824 33.4636039733887 33.4557037353516 33.448184967041 33.4361763000488 33.4249687194824 33.4263954162598 33.4248199462891 33.4236259460449 33.4240303039551 33.4219398498535 33.4263648986816 33.4325561523438 33.4313735961914 33.440601348877 33.4520874023438 33.4621200561523 33.4645233154297 33.4626541137695 33.4684524536133
33.1446228027344 33.1603317260742 33.1743621826172 33.2107543945312 -9999 -9999 -9999 -9999 -9999 -9999 -9999 -9999 -9999 -9999 -9999 -9999 -9999 -9999 -9999 -9999 -9999 -9999 -9999 -9999 -9999 -9999 33.3766326904297 33.4031715393066 33.3995094299316 33.4096488952637 33.438175201416 33.4430198669434 33.4386978149414 33.4729232788086 33.4753837585449 33.4600524902344 33.4782676696777 33.4767150878906 33.4693145751953 33.4630661010742 33.4594078063965 33.4525260925293 33.4331512451172 33.4295883178711 33.4257392883301 33.419319152832 33.4195709228516 33.4127883911133 33.4122123718262 33.4145088195801 33.4088401794434 33.4190139770508 33.4244575500488 33.4298286437988 33.4419784545898 33.444766998291 33.4489898681641
33.147403717041 33.1684112548828 33.1912574768066 33.214038848877 33.247730255127 33.2519226074219 33.2634696960449 33.2934799194336 33.2918891906738 -9999 -9999 -9999 -9999 -9999 -9999 -9999 -9999 -9999 -9999 -9999 -9999 -9999 -9999 -9999 -9999 -9999 33.389892578125 33.4021911621094 33.4131622314453 33.4214782714844 33.4314079284668 33.4498596191406 33.459831237793 33.4692840576172 33.4933929443359 33.4838371276855 33.479736328125 33.4993019104004 33.4747657775879 33.4714012145996 33.4800109863281 33.4548187255859 33.4472465515137 33.4454193115234 33.4245872497559 33.4270057678223 33.4200286865234 33.4115295410156 33.4124565124512 33.4041061401367 33.4175987243652 33.4155921936035 33.4195785522461 33.4283447265625 33.4355735778809 33.4505195617676 33.4497261047363
33.1472282409668 33.1686325073242 33.1869964599609 33.2165184020996 33.2270088195801 33.2418937683105 33.2634735107422 33.276309967041 33.2783546447754 33.2909164428711 33.2926902770996 33.289478302002 33.283317565918 -9999 -9999 -9999 -9999 -9999 -9999 -9999 -9999 -9999 -9999 -9999 -9999 33.3819122314453 33.391845703125 33.4200248718262 33.4255981445312 33.425708770752 33.450756072998 33.4540367126465 33.4590797424316 33.473503112793 33.4836807250977 33.4744720458984 33.4860610961914 33.4874839782715 33.4793281555176 33.4673233032227 33.4667549133301 33.4580879211426 33.4420928955078 33.4397354125977 33.4277534484863 33.4126281738281 33.4179573059082 33.4115600585938 33.4083442687988 33.4112548828125 33.4140853881836 33.4126663208008 33.4184265136719 33.4217948913574 33.4352111816406 33.4384994506836 33.4429664611816
33.1492958068848 33.1696319580078 33.1864700317383 33.2131118774414 33.2224464416504 33.2300033569336 33.2510452270508 33.2596435546875 33.2625770568848 33.2761154174805 33.2758903503418 33.2761764526367 33.2711601257324 33.2569885253906 33.2613906860352 33.2677421569824 33.2726516723633 33.2866973876953 -9999 -9999 -9999 -9999 -9999 -9999 -9999 33.4008941650391 33.4114952087402 33.4386711120605 33.4451332092285 33.4478225708008 33.4605293273926 33.4628067016602 33.4545555114746 33.4566383361816 33.4573822021484 33.4549942016602 33.4651298522949 33.4660034179688 33.4627876281738 33.4437675476074 33.4427375793457 33.4387359619141 33.4241409301758 33.4204864501953 33.4183654785156 33.4020309448242 33.4007225036621 33.4028511047363 33.4000968933105 33.4025573730469 33.4012145996094 33.406436920166 33.4083518981934 33.4095039367676 33.4211349487305 33.423038482666 33.4245452880859
33.1532096862793 33.1626663208008 33.1941528320312 33.204647064209 33.2170028686523 33.2338485717773 33.2327308654785 33.2493133544922 33.2546844482422 33.2650833129883 33.2731475830078 33.2792854309082 33.2754859924316 33.2542877197266 33.2715187072754 33.2745361328125 33.2635726928711 33.293342590332 33.3022384643555 33.3075981140137 33.3309936523438 33.3442077636719 33.3670425415039 -9999 -9999 33.4198989868164 33.4255599975586 33.435661315918 33.4616470336914 33.457706451416 33.4650382995605 33.4719696044922 33.4473533630371 33.4479866027832 33.4616203308105 33.4601898193359 33.473274230957 33.4774932861328 33.4644660949707 33.4530372619629 33.4492225646973 33.437816619873 33.4283905029297 33.417179107666 33.4127731323242 33.4095306396484 33.398796081543 33.3965110778809 33.394474029541 33.3879089355469 33.396656036377 33.3989372253418 33.3941230773926 33.4110946655273 33.4243392944336 33.4233551025391 33.4294319152832
33.160530090332 33.1764831542969 33.1815490722656 33.2056846618652 33.2110290527344 33.2244300842285 33.2324600219727 33.2413597106934 33.2447700500488 33.2665214538574 33.2717895507812 33.2726898193359 33.2805519104004 33.2806625366211 33.2699775695801 33.2805290222168 33.2821846008301 33.2870941162109 33.3172607421875 33.3213005065918 33.3294486999512 33.3612480163574 33.3801956176758 33.3866920471191 33.411563873291 33.4190979003906 33.4287338256836 33.4494171142578 33.4552612304688 33.4633331298828 33.4724006652832 33.4726066589355 33.4490547180176 33.4454689025879 33.4610023498535 33.4584274291992 33.4652519226074 33.4635543823242 33.4611358642578 33.4470291137695 33.4453125 33.4357299804688 33.4221801757812 33.4147300720215 33.4130020141602 33.4063606262207 33.4059295654297 33.3924293518066 33.3949699401855 33.3964157104492 33.3961563110352 33.4015312194824 33.4043998718262 33.4113883972168 33.4240417480469 33.4250183105469 33.428768157959
33.1637191772461 33.1767692565918 33.1791725158691 33.1916770935059 33.1983489990234 33.2096786499023 33.2260551452637 33.2308120727539 33.2329635620117 33.2528533935547 33.2629737854004 33.2679748535156 33.2788772583008 33.2757530212402 33.2818565368652 33.2862396240234 33.2972412109375 33.305736541748 33.3285140991211 33.3452987670898 33.3453063964844 33.3820991516113 33.3897361755371 33.3990135192871 33.4240646362305 33.4313659667969 33.435791015625 33.4524803161621 33.4567375183105 33.4555244445801 33.4577369689941 33.4561233520508 33.438606262207 33.4305610656738 33.4274291992188 33.424560546875 33.4307632446289 33.4277000427246 33.4274978637695 33.4143447875977 33.4148864746094 33.4158592224121 33.4077491760254 33.4064140319824 33.4025382995605 33.4009704589844 33.4060707092285 33.3905715942383 33.3940925598145 33.3976402282715 33.4015769958496 33.4056282043457 33.4161567687988 33.419620513916 33.4241790771484 33.4233283996582 33.4245834350586
33.1554412841797 33.1768798828125 33.1781463623047 33.1804313659668 33.1847305297852 33.2088050842285 33.2184219360352 33.2229804992676 33.2441825866699 33.2482681274414 33.2490997314453 33.2630157470703 33.272274017334 33.2847480773926 33.2901611328125 33.2919692993164 33.3061676025391 33.3185157775879 33.3262176513672 33.3442077636719 33.3669738769531 33.378101348877 33.4015235900879 33.4131393432617 33.4211921691895 33.4504928588867 33.4450759887695 33.4493408203125 33.4716835021973 33.4567070007324 33.4537353515625 33.4439735412598 33.4292259216309 33.4348907470703 33.4103851318359 33.4132652282715 33.423900604248 33.4148216247559 33.4170799255371 33.4114875793457 33.4028854370117 33.4064674377441 33.405403137207 33.401554107666 33.4009819030762 33.4043197631836 33.3976631164551 33.4018630981445 33.3941268920898 33.3895378112793 33.4036865234375 33.4154624938965 33.4247398376465 33.4269371032715 33.4278984069824 33.4262046813965 33.4247856140137
33.1585159301758 33.1664886474609 33.1713523864746 33.1830444335938 33.1957550048828 33.2012634277344 33.2233390808105 33.2339286804199 33.2456588745117 33.2601127624512 33.2593803405762 33.2603988647461 33.2759780883789 33.2835006713867 33.2848014831543 33.3015670776367 33.3051376342773 33.3124847412109 33.3375053405762 33.3508110046387 33.362720489502 33.3889465332031 33.404712677002 33.4115982055664 33.4275970458984 33.4334106445312 33.4434700012207 33.4482154846191 33.4520950317383 33.4566268920898 33.4498634338379 33.4304275512695 33.4263076782227 33.4265289306641 33.4229202270508 33.4109153747559 33.4199066162109 33.4183807373047 33.4181289672852 33.4180107116699 33.4184913635254 33.4063453674316 33.4059257507324 33.404483795166 33.4055404663086 33.4065170288086 33.4051094055176 33.402660369873 33.4122276306152 33.4035720825195 33.4096565246582 33.4243850708008 33.4337730407715 33.4418869018555 33.4420776367188 33.4380111694336 33.4319152832031
33.1482467651367 33.1602172851562 33.1637649536133 33.1836128234863 33.1934623718262 33.1936683654785 33.2194862365723 33.2472953796387 33.258373260498 33.2692070007324 33.2627830505371 33.2629623413086 33.2770385742188 33.2834167480469 33.2844772338867 33.3058586120605 33.314037322998 33.3164215087891 33.3415985107422 33.3550109863281 33.3653526306152 33.392219543457 33.4003868103027 33.4076614379883 33.4204063415527 33.4229278564453 33.4221534729004 33.4275169372559 33.4308471679688 33.43701171875 33.4291305541992 33.4046478271484 33.3985939025879 33.386173248291 33.3963050842285 33.3881912231445 33.3962440490723 33.3950347900391 33.3986396789551 33.398250579834 33.3979644775391 33.3989028930664 33.3990364074707 33.3945960998535 33.394847869873 33.3990287780762 33.3999862670898 33.400447845459 33.4111328125 33.4163665771484 33.4185066223145 33.4355392456055 33.4474563598633 33.4649543762207 33.4654197692871 33.4481964111328 33.4319648742676
33.1466293334961 33.1483268737793 33.1663436889648 33.1802177429199 33.2018852233887 33.2047958374023 33.221549987793 33.2606544494629 33.2793846130371 33.2681465148926 33.2673530578613 33.2726974487305 33.2755012512207 33.2894096374512 33.293773651123 33.3016624450684 33.3181610107422 33.3258209228516 33.3358306884766 33.3631744384766 33.373176574707 33.3859367370605 33.4158973693848 33.4178123474121 33.4123764038086 33.4211044311523 33.4178810119629 33.4181976318359 33.4238014221191 33.422721862793 33.4172782897949 33.3861083984375 33.3862075805664 33.3806915283203 33.3731536865234 33.3779258728027 33.387622833252 33.3779792785645 33.3954658508301 33.3960723876953 33.3868637084961 33.3953475952148 33.3952140808105 33.3860855102539 33.3934135437012 33.3971557617188 33.4072151184082 33.4055213928223 33.4106941223145 33.4210777282715 33.4274597167969 33.4374923706055 33.4519538879395 33.4627342224121 33.4623832702637 33.4518165588379 33.4393081665039
33.1483726501465 33.1513252258301 33.1563987731934 33.1844711303711 33.1934547424316 33.2010498046875 33.2303199768066 33.2477912902832 33.2547988891602 33.2657165527344 33.2624244689941 33.2652702331543 33.279167175293 33.2898139953613 33.2927436828613 33.3057746887207 33.3179092407227 33.3222465515137 33.3466033935547 33.3530883789062 33.3655128479004 33.3855094909668 33.4030303955078 33.4144515991211 33.4084510803223 33.4103469848633 33.4093170166016 33.4096832275391 33.4112167358398 33.4105987548828 33.4059829711914 33.3884735107422 33.3827133178711 33.389404296875 33.3798675537109 33.3776473999023 33.385856628418 33.3878936767578 33.3926162719727 33.3988800048828 33.3935661315918 33.393009185791 33.3965187072754 33.3905181884766 33.391242980957 33.4034080505371 33.4016036987305 33.4039840698242 33.4159622192383 33.4146881103516 33.4231109619141 33.438159942627 33.4465560913086 33.4536590576172 33.4545211791992 33.4487266540527 33.4409866333008
33.1312446594238 33.1354598999023 33.1462898254395 33.1704750061035 33.1869964599609 33.1960945129395 33.2245635986328 33.2340965270996 33.243595123291 33.2578163146973 33.2575263977051 33.2601470947266 33.2740707397461 33.2856025695801 33.288200378418 33.3010787963867 33.3088531494141 33.3172302246094 33.3383445739746 33.34619140625 33.353931427002 33.3716087341309 33.3794326782227 33.3846626281738 33.3834953308105 33.3821411132812 33.3816871643066 33.3812522888184 33.3736457824707 33.3739356994629 33.3717269897461 33.3684692382812 33.367244720459 33.3765335083008 33.3658599853516 33.3656959533691 33.3743019104004 33.3769645690918 33.3842086791992 33.3889961242676 33.3846130371094 33.3815879821777 33.3849868774414 33.3858947753906 33.3822402954102 33.3946800231934 33.3933334350586 33.3999977111816 33.4126396179199 33.4148788452148 33.4206733703613 33.4357452392578 33.4433517456055 33.4497756958008 33.4503974914551 33.4431495666504 33.4367332458496
33.1192665100098 33.1297569274902 33.1490592956543 33.1600112915039 33.1774787902832 33.2004852294922 33.2060546875 33.2345886230469 33.234561920166 33.2385482788086 33.258674621582 33.2628288269043 33.2714653015137 33.2774047851562 33.275260925293 33.2837104797363 33.3017501831055 33.3121566772461 33.3185844421387 33.335506439209 33.3438034057617 33.351001739502 33.3731651306152 33.376350402832 33.3710670471191 33.3710174560547 33.3750076293945 33.3738021850586 33.3547515869141 33.3663635253906 33.3721389770508 33.3644409179688 33.367992401123 33.3682708740234 33.3691902160645 33.3646697998047 33.3735885620117 33.3715744018555 33.3716011047363 33.3715858459473 33.3672676086426 33.36865234375 33.3735008239746 33.3722381591797 33.3777236938477 33.382438659668 33.3946495056152 33.4017562866211 33.4083137512207 33.4139137268066 33.4190559387207 33.4286193847656 33.4477386474609 33.4446868896484 33.4487457275391 33.4452285766602 33.435359954834
33.120719909668 33.1256484985352 33.1354675292969 33.1637115478516 33.1705665588379 33.1841888427734 33.2061309814453 33.2162208557129 33.219367980957 33.2388954162598 33.243293762207 33.2533912658691 33.2735290527344 33.2609252929688 33.2644729614258 33.2837219238281 33.2914886474609 33.3007431030273 33.3168792724609 33.3241920471191 33.3337707519531 33.3451042175293 33.3494682312012 33.3675575256348 33.3640899658203 33.3656921386719 33.3685073852539 33.361988067627 33.3602027893066 33.3613204956055 33.3698844909668 33.3646354675293 33.3651962280273 33.3664169311523 33.355339050293 33.3617134094238 33.3707237243652 33.3675804138184 33.3667678833008 33.3659172058105 33.364501953125 33.3628578186035 33.371150970459 33.3684158325195 33.3715133666992 33.3826293945312 33.3806991577148 33.3951530456543 33.4095344543457 33.4090690612793 33.4154853820801 33.4261054992676 33.4314498901367 33.435173034668 33.4392929077148 33.4361381530762 33.4323348999023
33.1120834350586 33.1196708679199 33.1259422302246 33.1531372070312 33.1639404296875 33.1716804504395 33.1854209899902 33.1913261413574 33.2076187133789 33.2277069091797 33.2290267944336 33.2342071533203 33.2323303222656 33.2381553649902 33.2435569763184 33.2627830505371 33.270751953125 33.2766380310059 33.2991333007812 33.3034133911133 33.3092842102051 33.3200721740723 33.3255271911621 33.3314895629883 33.3416137695312 33.347843170166 33.3387260437012 33.346363067627 33.3477973937988 33.3525199890137 33.3595352172852 33.3563346862793 33.3551712036133 33.3558769226074 33.3544578552246 33.3393173217773 33.3556251525879 33.3538398742676 33.3512573242188 33.3493843078613 33.3475875854492 33.3463516235352 33.3515129089355 33.3499183654785 33.3513946533203 33.362735748291 33.360725402832 33.3652801513672 33.391529083252 33.3973770141602 33.3966102600098 33.4063720703125 33.4113731384277 33.4123840332031 33.4219131469727 33.4215812683105 33.4162826538086
33.1015625 33.1132431030273 33.1301956176758 33.1404113769531 33.1559562683105 33.1749267578125 33.1729354858398 33.1933250427246 33.2089500427246 33.2142677307129 33.2226867675781 33.2360992431641 33.2317581176758 33.2285690307617 33.2437324523926 33.255199432373 33.273567199707 33.2765731811523 33.2858581542969 33.3009834289551 33.3040008544922 33.3096809387207 33.320011138916 33.3156280517578 33.3233871459961 33.3237724304199 33.3341751098633 33.3399314880371 33.3468170166016 33.3551712036133 33.3602333068848 33.3560066223145 33.3568344116211 33.3490295410156 33.3522567749023 33.3418617248535 33.3477554321289 33.3493118286133 33.3450241088867 33.3418769836426 33.3422889709473 33.3380966186523 33.339771270752 33.3396949768066 33.3490982055664 33.3549423217773 33.3569259643555 33.3688926696777 33.3793869018555 33.4026565551758 33.3918495178223 33.3976097106934 33.4131927490234 33.4029006958008 33.413516998291 33.4253044128418 33.407398223877
33.1179580688477 33.1223182678223 33.1317291259766 33.1551246643066 33.1607551574707 33.1642189025879 33.1905174255371 33.1867904663086 33.1951484680176 33.2156867980957 33.2215995788574 33.2230758666992 33.2311401367188 33.2327499389648 33.2278327941895 33.2497291564941 33.2580108642578 33.2645683288574 33.2775192260742 33.2818794250488 33.2902717590332 33.3018188476562 33.3113632202148 33.3051300048828 33.321590423584 33.3255844116211 33.3296089172363 33.3428535461426 33.3475799560547 33.3509292602539 33.3560791015625 33.3595542907715 33.3510627746582 33.346118927002 33.3427619934082 33.3381690979004 33.3401832580566 33.3369293212891 33.332592010498 33.3281745910645 33.3273468017578 33.3275489807129 33.3301849365234 33.3331832885742 33.3364639282227 33.3468399047852 33.3540725708008 33.3583869934082 33.3722801208496 33.3696098327637 33.3765068054199 33.3841590881348 33.3867073059082 33.3882942199707 33.3860130310059 33.3958587646484 33.3938217163086
33.1142234802246 33.1095809936523 33.1139755249023 33.1364936828613 33.1475410461426 33.1557388305664 33.1819648742676 33.1902465820312 33.181755065918 33.2013206481934 33.2060546875 33.2049179077148 33.2126617431641 33.2110252380371 33.2097663879395 33.2156562805176 33.2222023010254 33.2209205627441 33.233470916748 33.2433242797852 33.2512512207031 33.2673263549805 33.2799758911133 33.2848320007324 33.3029670715332 33.3143157958984 33.3232307434082 33.3326721191406 33.3417472839355 33.3495597839355 33.3597831726074 33.3445701599121 33.3375015258789 33.3362121582031 33.3296966552734 33.3200721740723 33.3200874328613 33.3173027038574 33.3048362731934 33.3075523376465 33.3057250976562 33.3024787902832 33.305721282959 33.3082389831543 33.3121147155762 33.3286666870117 33.3277130126953 33.3192481994629 33.3313941955566 33.3353538513184 33.3341674804688 33.3428726196289 33.3456344604492 33.3414649963379 33.3395957946777 33.340404510498 33.3337516784668
33.0972480773926 33.1064491271973 33.1184310913086 33.1261672973633 33.1316299438477 33.1647491455078 33.1755714416504 33.1806983947754 33.1851081848145 33.1920509338379 33.2124290466309 33.2070655822754 33.1995620727539 33.2020530700684 33.1914100646973 33.2004432678223 33.2089996337891 33.205322265625 33.209342956543 33.2288970947266 33.2420272827148 33.2550964355469 33.2764282226562 33.2860946655273 33.2987518310547 33.3095054626465 33.3215713500977 33.3377456665039 33.3677177429199 33.3674507141113 33.364013671875 33.3619194030762 33.3344650268555 33.3212013244629 33.3175735473633 33.3084335327148 33.3096504211426 33.303840637207 33.3072319030762 33.3018951416016 33.2928810119629 33.2875061035156 33.2886390686035 33.3000717163086 33.3040046691895 33.3114395141602 33.3166847229004 33.3128776550293 33.3183212280273 33.3279800415039 33.3251609802246 33.3288879394531 33.3448257446289 33.3261222839355 33.3246841430664 33.3374633789062 33.3156661987305
33.1011772155762 33.1085014343262 33.1125373840332 33.131778717041 33.1412658691406 33.1530876159668 33.1805381774902 33.1735343933105 33.1760902404785 33.1948623657227 33.1971321105957 33.1945724487305 33.1869964599609 33.1833343505859 33.1790466308594 33.1867599487305 33.1774406433105 33.1632080078125 33.1793174743652 33.2035446166992 33.2226829528809 33.2461967468262 33.2597122192383 33.2704200744629 33.2968711853027 33.3077430725098 33.3123817443848 33.3387031555176 33.3593406677246 33.3782653808594 33.3811836242676 33.3529243469238 33.3325309753418 33.312427520752 33.3109664916992 33.3030433654785 33.2987060546875 33.2931480407715 33.2963104248047 33.2892951965332 33.2781562805176 33.2611236572266 33.2631912231445 33.280387878418 33.2918853759766 33.299861907959 33.2971572875977 33.2998199462891 33.3004989624023 33.3056716918945 33.3095245361328 33.3053855895996 33.3064155578613 33.3030433654785 33.291748046875 33.292552947998 33.2907752990723
