G_variables/Set1/RCP8_2100/Sur_sal_min.asc
NCOLS 229 
NROWS 147 
XLLCORNER -101.25 
YLLCORNER 14.3333333333333 
CELLSIZE 0.0833333333333333 
NODATA_value -9999 
[rows 52 to 77 of 147, columns 114 to 170 of 229]
36.3050003051758 36.4204330444336 36.4776000976562 36.5401878356934 36.6426811218262 36.6892929077148 36.7366371154785 36.7858467102051 36.8043327331543 36.8184242248535 36.8257637023926 36.8273124694824 36.8237648010254 36.8231391906738 36.820240020752 36.8209114074707 36.8167495727539 36.8203582763672 36.8118438720703 36.7981948852539 36.790599822998 36.7855529785156 36.7884902954102 36.7960548400879 36.7999076843262 36.7976722717285 36.8007888793945 36.8039665222168 36.7998847961426 36.8054733276367 36.808162689209 36.8080558776855 36.8197975158691 36.8158912658691 36.790168762207 36.772518157959 36.7534370422363 36.7319717407227 36.7144393920898 36.7111549377441 36.6908187866211 36.6735649108887 36.660530090332 36.638069152832 36.6142463684082 36.6109008789062 36.616024017334 36.6211853027344 36.6238136291504 36.6237373352051 36.6270790100098 36.6208801269531 36.6082801818848 36.6043434143066 36.6023025512695 36.5800094604492 36.5754051208496
36.2848930358887 36.3783569335938 36.4850654602051 36.5152397155762 36.6060256958008 36.700252532959 36.7215232849121 36.7680206298828 36.8187408447266 36.8251190185547 36.8343391418457 36.8443641662598 36.8477096557617 36.8405532836914 36.8332061767578 36.8376617431641 36.8297424316406 36.8236656188965 36.8235054016113 36.8130950927734 36.800464630127 36.797607421875 36.7967872619629 36.7945556640625 36.8013000488281 36.8011817932129 36.7952346801758 36.7992744445801 36.8021621704102 36.7965660095215 36.8008155822754 36.8000907897949 36.7925109863281 36.7942352294922 36.7803993225098 36.7529411315918 36.7430114746094 36.7225303649902 36.6966590881348 36.6894340515137 36.6802101135254 36.6546936035156 36.6469306945801 36.6343078613281 36.6122283935547 36.613956451416 36.6164665222168 36.6071662902832 36.610481262207 36.6159362792969 36.6053123474121 36.608512878418 36.6026611328125 36.5912590026855 36.5911979675293 36.5822105407715 36.5684585571289
36.3204231262207 36.4016342163086 36.4821166992188 36.5465431213379 36.6439552307129 36.7187461853027 36.7649116516113 36.8171539306641 36.8439903259277 36.8525657653809 36.8581237792969 36.85888671875 36.8608360290527 36.8487434387207 36.8462028503418 36.8456115722656 36.8294868469238 36.8264122009277 36.8250579833984 36.8061370849609 36.8006858825684 36.7963523864746 36.7827377319336 36.782543182373 36.7853813171387 36.7756576538086 36.7816734313965 36.7826538085938 36.7697868347168 36.7780494689941 36.7787170410156 36.7661666870117 36.7695465087891 36.7686576843262 36.7419281005859 36.7331504821777 36.7168235778809 36.6848945617676 36.6713523864746 36.6563987731934 36.6279830932617 36.632022857666 36.6192970275879 36.6033515930176 36.6009788513184 36.6003303527832 36.588939666748 36.587718963623 36.586612701416 36.5811576843262 36.5835456848145 36.5826683044434 36.5724143981934 36.5741386413574 36.5651664733887 36.5531272888184 36.5560646057129
36.341136932373 36.4099540710449 36.4973106384277 36.5597686767578 36.65185546875 36.7360649108887 36.7740859985352 36.8253593444824 36.8574371337891 36.8628273010254 36.8661956787109 36.8649291992188 36.8610877990723 36.8526916503906 36.8515815734863 36.8492202758789 36.8317031860352 36.8274307250977 36.8195037841797 36.8063049316406 36.7989234924316 36.7907562255859 36.7829666137695 36.7785911560059 36.7731170654297 36.7698516845703 36.7691116333008 36.7669944763184 36.7614784240723 36.7617950439453 36.7595481872559 36.7543029785156 36.748348236084 36.7438735961914 36.7283096313477 36.7121505737305 36.6948394775391 36.6734848022461 36.6486701965332 36.6379432678223 36.6194648742676 36.6117897033691 36.6067085266113 36.5992965698242 36.5962677001953 36.5925102233887 36.5875129699707 36.5757713317871 36.5775604248047 36.5784683227539 36.5683670043945 36.5637893676758 36.5629692077637 36.5554084777832 36.5488700866699 36.5433921813965 36.5370063781738
36.3486366271973 36.4425163269043 36.5388832092285 36.5691375732422 36.6598625183105 36.7479782104492 36.7658920288086 36.8130722045898 36.8541793823242 36.8572120666504 36.861328125 36.8617134094238 36.859245300293 36.852668762207 36.8429374694824 36.8439292907715 36.8362464904785 36.8135147094727 36.8091621398926 36.7993087768555 36.7810974121094 36.7784271240234 36.7724723815918 36.7576904296875 36.7569694519043 36.756778717041 36.7399253845215 36.741039276123 36.7428398132324 36.7275238037109 36.7305526733398 36.7309112548828 36.7076148986816 36.7090187072754 36.6970062255859 36.665168762207 36.6619529724121 36.6457290649414 36.6131553649902 36.6071586608887 36.6013450622559 36.5753402709961 36.5831604003906 36.589527130127 36.5726089477539 36.5715103149414 36.5705223083496 36.5595207214355 36.5584106445312 36.5598831176758 36.5450744628906 36.5395011901855 36.540168762207 36.5259056091309 36.5253105163574 36.5238952636719 36.5152740478516
36.3667221069336 36.441463470459 36.5477905273438 36.5929718017578 36.6805038452148 36.7617645263672 36.8058013916016 36.8367347717285 36.8497047424316 36.8634262084961 36.8558769226074 36.85107421875 36.8472595214844 36.8290138244629 36.823486328125 36.8269844055176 36.8017616271973 36.7956047058105 36.788875579834 36.7586975097656 36.7581214904785 36.7554206848145 36.7245635986328 36.7208023071289 36.716739654541 36.6939010620117 36.7029037475586 36.7005577087402 36.6838645935059 36.6904716491699 36.6874961853027 36.6760177612305 36.6738624572754 36.6705741882324 36.6459426879883 36.6281280517578 36.6135864257812 36.6130638122559 36.5906448364258 36.5871429443359 36.5694770812988 36.5588569641113 36.5583534240723 36.5676689147949 36.5619964599609 36.5629615783691 36.5528144836426 36.549617767334 36.5500335693359 36.5380973815918 36.5311508178711 36.5240516662598 36.5164947509766 36.5070762634277 36.5065231323242 36.499324798584 36.4949684143066
36.3671188354492 36.4405097961426 36.5396347045898 36.6021728515625 36.6847953796387 36.7678146362305 36.8061027526855 36.8390426635742 36.8548774719238 36.8503684997559 36.846981048584 36.8416709899902 36.8326835632324 36.8295364379883 36.8184204101562 36.8127288818359 36.7985038757324 36.7785949707031 36.7661247253418 36.7486267089844 36.7366981506348 36.7281875610352 36.710506439209 36.6964683532715 36.6857261657715 36.6782035827637 36.6695251464844 36.6718330383301 36.6693077087402 36.6605987548828 36.6616897583008 36.6673316955566 36.6488952636719 36.6455116271973 36.6318511962891 36.6019630432129 36.5982971191406 36.6055183410645 36.5802040100098 36.5683059692383 36.56640625 36.5564117431641 36.5659866333008 36.5561866760254 36.5631828308105 36.5623931884766 36.5498046875 36.5461463928223 36.5449981689453 36.5321998596191 36.5193786621094 36.5242156982422 36.5128746032715 36.5030403137207 36.4968566894531 36.4947242736816 36.4848899841309
36.3214645385742 36.4440879821777 36.5519943237305 36.5813140869141 36.6866264343262 36.7645530700684 36.783130645752 36.8240737915039 36.8390426635742 36.8360443115234 36.8311080932617 36.8142318725586 36.8201751708984 36.8107490539551 36.7934417724609 36.7880058288574 36.7747497558594 36.7442893981934 36.7382125854492 36.7205047607422 36.686580657959 36.6860008239746 36.6762313842773 36.6443977355957 36.6412582397461 36.6396484375 36.6187629699707 36.6220207214355 36.6322288513184 36.6165237426758 36.6185302734375 36.6214828491211 36.6079788208008 36.6067352294922 36.6021842956543 36.5972213745117 36.5944786071777 36.5726890563965 36.584358215332 36.5727348327637 36.5613632202148 36.5747528076172 36.5605125427246 36.5614624023438 36.5697212219238 36.5568656921387 36.5531158447266 36.5508079528809 36.5352516174316 36.5296897888184 36.5267486572266 36.5164527893066 36.5148048400879 36.5104751586914 36.4977111816406 36.4864311218262 36.4893646240234
36.28564453125 36.398250579834 36.5201683044434 36.5827789306641 36.6916084289551 36.7745399475098 36.8117790222168 36.8396072387695 36.8386878967285 36.8326416015625 36.8190612792969 36.8025245666504 36.8001098632812 36.7880439758301 36.7667617797852 36.7548446655273 36.732250213623 36.708610534668 36.6975517272949 36.687744140625 36.6635818481445 36.6529998779297 36.6326141357422 36.6052513122559 36.6015739440918 36.593391418457 36.5866088867188 36.5906562805176 36.589054107666 36.591381072998 36.5952606201172 36.5912208557129 36.5917549133301 36.5922050476074 36.5970268249512 36.5734596252441 36.5808944702148 36.5712356567383 36.5685005187988 36.5645904541016 36.5669403076172 36.5613441467285 -9999 -9999 36.5639724731445 36.5562210083008 36.5548858642578 36.5546264648438 36.5318031311035 36.5313682556152 36.5291290283203 36.5177459716797 36.5168075561523 36.5115966796875 36.4893608093262 36.4779777526855 36.4817390441895
36.2654037475586 36.390438079834 36.4984169006348 36.5790672302246 36.6906776428223 36.7692222595215 36.8084907531738 36.8422088623047 36.8411331176758 36.8337631225586 36.8198928833008 36.8044891357422 36.7852630615234 36.7726707458496 36.7525177001953 36.7377853393555 36.7241096496582 36.689998626709 36.6811904907227 36.6776161193848 36.6426849365234 36.6389350891113 36.6239852905273 36.5976104736328 36.5860977172852 36.586799621582 36.5799522399902 36.5845069885254 36.5815925598145 36.5871543884277 36.592903137207 36.5912704467773 36.5952835083008 36.596981048584 36.598014831543 36.5742454528809 36.5705604553223 36.571590423584 -9999 -9999 -9999 -9999 -9999 -9999 -9999 -9999 -9999 -9999 -9999 -9999 36.5263175964355 36.5110321044922 36.5126266479492 36.4984397888184 36.4797744750977 36.4789886474609 -9999
36.2173194885254 36.368221282959 36.5003356933594 36.536735534668 36.6520805358887 36.7454109191895 36.766902923584 36.808177947998 36.8322334289551 36.8284683227539 36.8082809448242 36.7827606201172 36.770092010498 36.7466278076172 36.717945098877 36.7192993164062 36.6985778808594 36.6750679016113 36.6676597595215 36.6462554931641 36.6374092102051 36.6339416503906 36.6081047058105 36.6158599853516 36.605411529541 36.5864524841309 36.5898742675781 36.5778312683105 36.585132598877 36.5905151367188 36.5886077880859 36.5979385375977 36.6126747131348 36.6135635375977 36.5914688110352 -9999 -9999 -9999 -9999 -9999 -9999 -9999 -9999 -9999 -9999 -9999 -9999 -9999 -9999 -9999 -9999 -9999 -9999 -9999 -9999 -9999 -9999
36.2020530700684 36.3331451416016 36.4651069641113 36.5510597229004 36.6665458679199 36.7496109008789 36.7909393310547 36.8315734863281 36.834400177002 36.8286590576172 36.8035049438477 36.7745552062988 36.7551803588867 36.7274894714355 36.7033729553223 36.6915893554688 36.6853065490723 36.6647415161133 36.6602058410645 36.6426658630371 36.6346817016602 36.6389503479004 36.6179351806641 36.6143531799316 36.597728729248 36.5911254882812 36.587574005127 36.5803451538086 -9999 -9999 -9999 -9999 -9999 -9999 -9999 -9999 -9999 -9999 -9999 -9999 -9999 -9999 -9999 -9999 -9999 -9999 -9999 -9999 -9999 -9999 -9999 -9999 -9999 -9999 -9999 -9999 -9999
36.1944122314453 36.3281478881836 36.453685760498 36.5376892089844 36.6630935668945 36.742862701416 36.7949829101562 36.8279609680176 36.8232765197754 36.8199234008789 36.8010864257812 36.7713317871094 36.7457809448242 36.7247047424316 36.6961555480957 36.6953468322754 36.6845359802246 36.6642761230469 36.666332244873 36.6631927490234 36.6511917114258 36.6511039733887 36.6320381164551 -9999 -9999 -9999 -9999 -9999 -9999 -9999 -9999 -9999 -9999 -9999 -9999 -9999 -9999 -9999 -9999 -9999 -9999 -9999 -9999 -9999 -9999 -9999 -9999 -9999 -9999 -9999 -9999 -9999 -9999 -9999 -9999 -9999 -9999
36.1491851806641 36.3157234191895 36.4571075439453 36.4983978271484 36.6299934387207 36.7292594909668 36.7491035461426 36.7861709594727 36.8083724975586 36.8059463500977 36.7839317321777 36.7543678283691 36.748908996582 36.7222442626953 36.6876373291016 36.6810073852539 36.6860198974609 36.6843566894531 36.6710510253906 36.6687850952148 36.6672821044922 -9999 -9999 -9999 -9999 -9999 -9999 -9999 -9999 -9999 -9999 -9999 -9999 -9999 -9999 -9999 -9999 -9999 -9999 -9999 -9999 -9999 -9999 -9999 -9999 -9999 -9999 -9999 -9999 -9999 -9999 -9999 -9999 -9999 -9999 -9999 -9999
36.1393585205078 36.2903633117676 36.4365386962891 36.5440292358398 36.6408309936523 36.7251014709473 36.7631645202637 36.792049407959 36.806037902832 36.8008842468262 36.7772445678711 36.7471046447754 36.734016418457 36.6928100585938 36.676830291748 36.6714172363281 36.6726684570312 36.670295715332 -9999 -9999 -9999 -9999 -9999 -9999 -9999 -9999 -9999 -9999 -9999 -9999 -9999 -9999 -9999 -9999 -9999 -9999 -9999 -9999 -9999 -9999 -9999 -9999 -9999 -9999 -9999 -9999 -9999 -9999 -9999 -9999 -9999 -9999 -9999 -9999 -9999 -9999 -9999
36.1220054626465 36.2793922424316 36.4219169616699 36.528736114502 36.6522789001465 36.7260208129883 36.7642135620117 36.798225402832 36.7904853820801 36.7883987426758 36.7677421569824 36.7354507446289 36.7189254760742 36.6864547729492 36.6713027954102 36.6589279174805 36.6578025817871 -9999 -9999 -9999 -9999 -9999 -9999 -9999 -9999 -9999 -9999 -9999 -9999 -9999 -9999 -9999 -9999 -9999 -9999 -9999 -9999 -9999 -9999 -9999 -9999 -9999 -9999 -9999 -9999 -9999 -9999 -9999 -9999 -9999 -9999 -9999 -9999 -9999 -9999 -9999 -9999
36.0136528015137 36.2421531677246 36.4142646789551 36.4692611694336 36.6039276123047 36.6894874572754 36.708683013916 36.7508392333984 36.7686157226562 36.7649078369141 36.751636505127 36.7082824707031 36.6975135803223 36.6832656860352 36.6308555603027 36.6247634887695 36.6505241394043 -9999 -9999 -9999 -9999 -9999 -9999 -9999 -9999 -9999 -9999 -9999 -9999 -9999 -9999 -9999 -9999 -9999 -9999 -9999 -9999 -9999 -9999 -9999 -9999 -9999 -9999 -9999 -9999 -9999 -9999 -9999 -9999 -9999 -9999 -9999 -9999 -9999 -9999 -9999 -9999
35.9579391479492 36.1650733947754 36.3727836608887 36.4625587463379 36.5776214599609 36.6633987426758 36.6983299255371 36.727668762207 36.7499008178711 36.7462272644043 36.7208938598633 36.6880760192871 36.6620483398438 36.617015838623 36.5980072021484 36.5923690795898 36.5961227416992 -9999 -9999 -9999 -9999 -9999 -9999 -9999 -9999 -9999 -9999 -9999 -9999 -9999 -9999 -9999 -9999 -9999 -9999 -9999 -9999 -9999 -9999 -9999 -9999 -9999 -9999 -9999 -9999 -9999 -9999 -9999 -9999 -9999 -9999 -9999 -9999 -9999 -9999 -9999 -9999
35.9153861999512 36.1387176513672 36.3081092834473 36.4314651489258 36.5551719665527 36.6271591186523 36.6731910705566 36.7177848815918 36.7241592407227 36.7207870483398 36.7119483947754 36.6677627563477 36.6402587890625 36.6051826477051 36.587703704834 36.5830955505371 -9999 -9999 -9999 -9999 -9999 -9999 -9999 -9999 -9999 -9999 -9999 -9999 -9999 -9999 -9999 -9999 -9999 -9999 -9999 -9999 -9999 -9999 -9999 -9999 -9999 -9999 -9999 -9999 -9999 -9999 -9999 -9999 -9999 -9999 -9999 -9999 -9999 -9999 -9999 -9999 36.2566375732422
35.7525367736816 36.0330619812012 36.2469444274902 36.3068809509277 36.4724006652832 36.5777206420898 36.5993728637695 36.6538887023926 36.6718635559082 36.6758842468262 36.668586730957 36.6318130493164 36.6264381408691 36.6010856628418 36.5346298217773 36.5278816223145 -9999 -9999 -9999 -9999 -9999 -9999 -9999 -9999 -9999 -9999 -9999 -9999 -9999 -9999 -9999 -9999 -9999 -9999 -9999 -9999 -9999 -9999 -9999 -9999 -9999 -9999 -9999 -9999 -9999 -9999 -9999 -9999 -9999 -9999 -9999 -9999 -9999 -9999 -9999 36.2448425292969 36.2492942810059
35.6609992980957 35.9023933410645 36.1731262207031 36.2871131896973 36.4041709899902 36.5172080993652 36.5589561462402 36.6117286682129 36.6538963317871 36.653678894043 36.6371002197266 36.6128692626953 36.5820083618164 36.5295753479004 36.4997634887695 -9999 -9999 -9999 -9999 -9999 -9999 -9999 -9999 -9999 -9999 -9999 -9999 -9999 -9999 -9999 -9999 -9999 -9999 -9999 -9999 -9999 -9999 -9999 -9999 -9999 -9999 -9999 -9999 -9999 -9999 -9999 -9999 -9999 -9999 -9999 -9999 -9999 -9999 -9999 36.2084121704102 36.2170448303223 36.2269477844238
35.582462310791 35.8605461120605 36.0810928344727 36.2328109741211 36.3760528564453 36.4546699523926 36.5317001342773 36.596004486084 36.6150665283203 36.6357498168945 36.6346893310547 36.5950889587402 36.5654373168945 36.5179176330566 36.4900398254395 36.4821128845215 -9999 -9999 -9999 -9999 -9999 -9999 -9999 -9999 -9999 -9999 -9999 -9999 -9999 -9999 -9999 -9999 -9999 -9999 -9999 -9999 -9999 -9999 -9999 -9999 -9999 -9999 -9999 -9999 -9999 -9999 -9999 -9999 -9999 -9999 -9999 -9999 -9999 36.1873588562012 36.1933479309082 36.215763092041 36.2304573059082
35.420524597168 35.7165679931641 35.9590759277344 36.0329933166504 36.2436599731445 36.3877639770508 36.439510345459 36.5219650268555 36.5623435974121 36.5647468566895 36.5775337219238 36.5495338439941 36.5352401733398 36.5026969909668 36.4422912597656 -9999 -9999 -9999 -9999 -9999 -9999 -9999 -9999 -9999 -9999 -9999 -9999 -9999 -9999 -9999 -9999 -9999 -9999 -9999 -9999 -9999 -9999 -9999 -9999 -9999 -9999 -9999 -9999 -9999 -9999 -9999 -9999 -9999 -9999 -9999 -9999 -9999 -9999 36.1811218261719 36.1844825744629 36.1908073425293 36.1997222900391
35.3043212890625 35.5613861083984 35.8419761657715 35.9808044433594 36.1245040893555 36.3161888122559 36.3731727600098 36.4639129638672 36.5550575256348 36.5617027282715 36.5677375793457 36.5491523742676 36.5079536437988 36.4441528320312 36.3987579345703 -9999 -9999 -9999 -9999 -9999 -9999 -9999 -9999 -9999 -9999 -9999 -9999 -9999 -9999 -9999 -9999 -9999 -9999 -9999 -9999 -9999 -9999 -9999 -9999 -9999 -9999 -9999 -9999 -9999 -9999 -9999 -9999 -9999 -9999 -9999 -9999 36.1673851013184 36.1665573120117 36.1633033752441 36.1633148193359 36.1588287353516 36.1686592102051
35.224666595459 35.5160598754883 35.7468605041504 35.9087562561035 36.1066627502441 36.2238311767578 36.331657409668 36.4450912475586 36.4993591308594 36.5456695556641 36.5564193725586 36.5304679870605 36.5050735473633 36.4565544128418 36.4128379821777 -9999 -9999 -9999 -9999 -9999 -9999 -9999 -9999 -9999 -9999 -9999 -9999 -9999 -9999 -9999 -9999 -9999 -9999 -9999 -9999 -9999 -9999 -9999 -9999 -9999 -9999 -9999 -9999 -9999 -9999 -9999 -9999 -9999 -9999 -9999 -9999 36.166202545166 36.1651382446289 36.1630363464355 36.1556549072266 36.1559982299805 36.1528587341309
35.0959701538086 35.3759918212891 35.6117782592773 35.692756652832 35.9479217529297 36.1363563537598 36.1882400512695 36.3436622619629 36.4239273071289 36.4430236816406 36.4829368591309 36.4794845581055 36.4620971679688 36.4366111755371 36.4203147888184 -9999 -9999 -9999 -9999 -9999 -9999 -9999 -9999 -9999 -9999 -9999 -9999 -9999 -9999 -9999 -9999 -9999 -9999 -9999 -9999 -9999 -9999 -9999 -9999 -9999 -9999 -9999 -9999 -9999 -9999 -9999 -9999 -9999 -9999 -9999 -9999 36.166145324707 36.1654891967773 36.1585655212402 36.1580696105957 36.1501197814941 36.1486473083496
