G_variables/Set1/RCP8_2100/Sur_tem_min.asc
NCOLS 229 
NROWS 147 
XLLCORNER -101.25 
YLLCORNER 14.3333333333333 
CELLSIZE 0.0833333333333333 
NODATA_value -9999 
[rows 78 to 103 of 147, columns 171 to 227 of 229]
28.5891056060791 28.606559753418 28.6391925811768 28.6611022949219 28.6649703979492 28.6678924560547 28.6650524139404 28.6578044891357 28.6494293212891 28.6093254089355 28.6004600524902 28.577278137207 28.5372695922852 28.5142002105713 28.5039157867432 28.4628505706787 28.445240020752 28.4368209838867 28.4021244049072 28.3843154907227 28.3792266845703 28.3627090454102 28.3527164459229 28.3477802276611 -9999 -9999 -9999 -9999 -9999 -9999 -9999 -9999 -9999 -9999 -9999 -9999 -9999 -9999 -9999 -9999 -9999 -9999 -9999 -9999 -9999 -9999 -9999 -9999 -9999 -9999 -9999 -9999 -9999 -9999 -9999 -9999 -9999
28.6116065979004 28.6219787597656 28.630033493042 28.6773662567139 28.6818389892578 28.6796417236328 28.6827831268311 28.6765403747559 28.6638793945312 28.6226005554199 28.6122627258301 28.5921001434326 28.546070098877 28.5341567993164 28.5187225341797 28.4791622161865 28.469087600708 28.4467754364014 28.4243869781494 28.417444229126 28.4082584381104 28.3920917510986 28.3849391937256 28.3804950714111 28.3553237915039 -9999 -9999 -9999 -9999 -9999 -9999 -9999 -9999 -9999 -9999 -9999 -9999 -9999 -9999 -9999 -9999 -9999 -9999 -9999 -9999 -9999 -9999 -9999 -9999 -9999 -9999 -9999 -9999 -9999 -9999 -9999 -9999
28.601245880127 28.6445293426514 28.6508712768555 28.6775016784668 28.7003116607666 28.6841697692871 28.6891632080078 28.6841773986816 28.6606197357178 28.6449508666992 28.6201305389404 28.5914134979248 28.5622081756592 28.5233745574951 28.5105209350586 28.4971218109131 28.4676170349121 28.4461402893066 28.4362468719482 28.4138164520264 28.4107608795166 28.4031257629395 28.3845043182373 28.3852977752686 28.3781852722168 28.3597221374512 -9999 -9999 -9999 -9999 -9999 -9999 -9999 -9999 -9999 -9999 -9999 -9999 -9999 -9999 -9999 -9999 -9999 -9999 -9999 -9999 -9999 -9999 -9999 -9999 -9999 -9999 -9999 -9999 -9999 -9999 -9999
28.6306800842285 28.6472797393799 28.650598526001 28.6729106903076 28.694314956665 28.6986885070801 28.6915702819824 28.685266494751 28.6752796173096 28.6409072875977 28.6206893920898 28.6103229522705 28.5710544586182 28.5485172271729 28.5301742553711 28.4965839385986 28.4889278411865 28.4745140075684 28.4419651031494 28.4338092803955 28.4263286590576 28.4115562438965 28.4027824401855 28.3936309814453 28.3881225585938 28.3891487121582 28.3863849639893 -9999 -9999 -9999 -9999 -9999 -9999 -9999 -9999 -9999 -9999 -9999 -9999 -9999 -9999 -9999 -9999 -9999 -9999 -9999 -9999 -9999 -9999 -9999 -9999 -9999 -9999 -9999 -9999 -9999 -9999
28.6581573486328 28.6705284118652 28.6738185882568 28.6921272277832 28.6937999725342 28.7182903289795 28.7101860046387 28.6989307403564 28.6929569244385 28.6587944030762 28.6479721069336 28.6302738189697 28.5927963256836 28.5752372741699 28.5647296905518 28.5343685150146 28.5190925598145 28.5118026733398 28.4914836883545 28.4712200164795 28.4568195343018 28.4420108795166 28.4376487731934 28.4333763122559 28.4286575317383 28.4268760681152 28.4283046722412 -9999 -9999 -9999 -9999 -9999 -9999 -9999 -9999 -9999 -9999 -9999 -9999 -9999 -9999 -9999 -9999 -9999 -9999 -9999 -9999 -9999 -9999 -9999 -9999 -9999 -9999 -9999 -9999 -9999 -9999
28.6598453521729 28.69775390625 28.6961154937744 28.6983184814453 28.7294082641602 28.7038707733154 28.7210083007812 28.7106437683105 28.6898708343506 28.6747360229492 28.6492671966553 28.6229705810547 28.6078243255615 28.5842781066895 28.5762271881104 28.5669002532959 28.5295963287354 28.5193538665771 28.5114421844482 28.4926681518555 28.4673557281494 28.4612674713135 28.4463157653809 28.443775177002 28.4419231414795 28.4396324157715 28.4456939697266 28.4475708007812 -9999 -9999 -9999 -9999 -9999 -9999 -9999 -9999 -9999 -9999 -9999 -9999 -9999 -9999 -9999 -9999 -9999 -9999 -9999 -9999 -9999 -9999 -9999 -9999 -9999 -9999 -9999 -9999 -9999
28.7079963684082 28.7073841094971 28.7059574127197 28.719783782959 28.7249031066895 28.7074012756348 28.729061126709 28.7138957977295 28.7058124542236 28.676908493042 28.6558113098145 28.6377639770508 28.6077442169189 28.6093006134033 28.5983448028564 28.574089050293 28.5670776367188 28.5549335479736 28.5284366607666 28.5221729278564 28.5044364929199 28.4798316955566 28.4709663391113 28.4613513946533 28.4593677520752 28.4646797180176 28.4679431915283 28.4718112945557 28.4773445129395 28.4766807556152 28.4766292572021 28.4747524261475 -9999 -9999 -9999 -9999 -9999 -9999 -9999 -9999 -9999 -9999 -9999 -9999 -9999 -9999 -9999 -9999 -9999 -9999 -9999 -9999 -9999 -9999 -9999 -9999 -9999
28.7173595428467 28.7161178588867 28.7201347351074 28.7375640869141 28.7394199371338 28.7242202758789 28.7165946960449 28.7422409057617 28.7307872772217 28.7036781311035 28.6940822601318 28.6784248352051 28.6502456665039 28.6489715576172 28.6412944793701 28.6158256530762 28.6072444915771 28.5993385314941 28.5769538879395 28.5672168731689 28.5496234893799 28.5344467163086 28.5188140869141 28.5142459869385 28.5131759643555 28.5180358886719 28.5204753875732 28.5242691040039 28.5299320220947 28.5295124053955 28.5298957824707 28.5293464660645 28.5242443084717 28.5270767211914 28.5363864898682 28.5237369537354 28.5170269012451 28.5224838256836 28.5295219421387 -9999 -9999 -9999 -9999 -9999 -9999 -9999 -9999 -9999 -9999 -9999 -9999 -9999 -9999 -9999 -9999 -9999 -9999
28.6972236633301 28.730676651001 28.7323360443115 28.7381591796875 28.7522029876709 28.7362308502197 28.7556037902832 28.7552528381348 28.733060836792 28.7239208221436 28.714038848877 28.6944904327393 28.6839771270752 28.6684055328369 28.6537895202637 28.6435585021973 28.6306304931641 28.6147594451904 28.5980854034424 28.5804252624512 28.5695552825928 28.5551929473877 28.5399208068848 28.5360622406006 28.5369853973389 28.5389099121094 28.5425090789795 28.550386428833 28.553201675415 28.5518951416016 28.5489063262939 28.544319152832 28.5531330108643 28.5567665100098 28.5618839263916 28.5522651672363 28.5559978485107 28.5569915771484 28.5585327148438 28.5610485076904 28.5682334899902 28.5734081268311 28.5835914611816 -9999 -9999 -9999 -9999 -9999 -9999 -9999 -9999 -9999 -9999 -9999 -9999 -9999 -9999
28.7131595611572 28.7295360565186 28.7326507568359 28.7493667602539 28.7500705718994 28.7421455383301 28.7625961303711 28.7527523040771 28.7476615905762 28.7327499389648 28.7201652526855 28.7127342224121 28.6981258392334 28.6921825408936 28.6796989440918 28.6558399200439 28.6499118804932 28.6346836090088 28.6088256835938 28.6069412231445 28.5886402130127 28.5774097442627 28.5724563598633 28.5715637207031 28.5762844085693 28.5765018463135 28.5787830352783 28.5837211608887 28.5832824707031 28.5789222717285 28.5709686279297 28.5716419219971 28.577615737915 28.583911895752 28.5840320587158 28.5758876800537 28.5768947601318 28.5815944671631 28.5716304779053 28.5845813751221 28.5894527435303 28.60813331604 28.6226749420166 28.6365299224854 -9999 -9999 -9999 -9999 -9999 -9999 -9999 -9999 -9999 -9999 -9999 -9999 -9999
28.728099822998 28.7404403686523 28.7480125427246 28.7628746032715 28.7696113586426 28.7619705200195 28.7883758544922 28.7767200469971 28.7748622894287 28.7592277526855 28.7563152313232 28.7479705810547 28.7354030609131 28.7296962738037 28.7200756072998 28.6965579986572 28.688648223877 28.6869049072266 28.6621437072754 28.6503829956055 28.6348571777344 28.6250705718994 28.6230297088623 28.6259841918945 28.6278839111328 28.6288242340088 28.6310577392578 28.6360912322998 28.6353874206543 28.6346397399902 28.6420631408691 28.6328773498535 28.6296768188477 28.6358165740967 28.6389217376709 28.6309642791748 28.6320095062256 28.6380500793457 28.6409873962402 28.6588115692139 28.6668701171875 28.6794357299805 28.6887588500977 28.6960048675537 28.6974391937256 -9999 -9999 -9999 -9999 -9999 -9999 -9999 -9999 -9999 -9999 -9999 -9999
28.7215251922607 28.7440090179443 28.7562732696533 28.7640476226807 28.7877388000488 28.7692012786865 28.7965869903564 28.8008346557617 28.7906265258789 28.7856330871582 28.7740669250488 28.7570705413818 28.7599277496338 28.7502250671387 28.7311553955078 28.7184677124023 28.7067489624023 28.6960334777832 28.6818752288818 28.6628189086914 28.6486301422119 28.6437377929688 28.6378021240234 28.6436710357666 28.6458835601807 28.6527328491211 28.6564884185791 28.6595649719238 28.6635913848877 28.6557712554932 28.6581401824951 28.6553192138672 28.6520690917969 28.6518154144287 28.6535396575928 28.6501407623291 28.6450519561768 28.6548023223877 28.6791114807129 28.6873817443848 28.7023410797119 28.7024002075195 28.7108154296875 28.7283992767334 28.7186679840088 28.715274810791 -9999 -9999 -9999 -9999 -9999 -9999 -9999 -9999 -9999 -9999 -9999
28.7323780059814 28.7467823028564 28.7560577392578 28.7723121643066 28.7790584564209 28.7811317443848 28.8154544830322 28.8137836456299 28.7998714447021 28.7892150878906 28.7829551696777 28.7807655334473 28.7727012634277 28.7619972229004 28.7465724945068 28.7254695892334 28.7143650054932 28.7064666748047 28.6873874664307 28.6779651641846 28.6653461456299 28.657844543457 28.6559829711914 28.6598167419434 28.6644458770752 28.6680126190186 28.6748123168945 28.6858444213867 28.6790828704834 28.6711101531982 28.6706962585449 28.6669864654541 28.6637191772461 28.6697463989258 28.6689586639404 28.6637096405029 28.6753616333008 28.6816101074219 28.6915016174316 28.7082252502441 28.7166652679443 28.7275905609131 28.7394924163818 28.7402267456055 28.7371006011963 28.73512840271 -9999 -9999 -9999 -9999 -9999 -9999 -9999 -9999 -9999 -9999 -9999
28.7429103851318 28.7506313323975 28.7615261077881 28.783031463623 28.7853488922119 28.7904243469238 28.7940692901611 28.8244514465332 28.8136234283447 28.8031768798828 28.800350189209 28.7975425720215 28.7845592498779 28.7791118621826 28.7706508636475 28.7521133422852 28.7471408843994 28.734432220459 28.7158699035645 28.7149639129639 28.7159633636475 28.7095241546631 28.7093524932861 28.7008457183838 28.7048377990723 28.7098026275635 28.7146148681641 28.7240333557129 28.7173824310303 28.7069568634033 28.7130527496338 28.7107639312744 28.7087135314941 28.7148971557617 28.7171783447266 28.7217388153076 28.7174377441406 28.7298374176025 28.7364025115967 28.7539253234863 28.7671337127686 28.7837791442871 28.8049793243408 28.7914428710938 28.7896327972412 28.7883720397949 28.7877521514893 -9999 -9999 -9999 -9999 -9999 -9999 -9999 -9999 -9999 -9999
28.7413425445557 28.7666664123535 28.7712821960449 28.7790565490723 28.8003883361816 28.796558380127 28.7979736328125 28.804479598999 28.8152046203613 28.8166790008545 28.8130073547363 28.8027477264404 28.7975845336914 28.7889385223389 28.7787322998047 28.76513671875 28.7580146789551 28.7418079376221 28.7306270599365 28.7242565155029 28.7260265350342 28.7216930389404 28.7264537811279 28.7128772735596 28.7136764526367 28.7169227600098 28.7205200195312 28.7260284423828 28.7224655151367 28.7204399108887 28.7226676940918 28.7199516296387 28.7224826812744 28.7286853790283 28.7320690155029 28.7400588989258 28.7449226379395 28.7576122283936 28.7566680908203 28.7610511779785 28.7802085876465 28.7956161499023 28.8064632415771 28.8117752075195 28.8056087493896 28.8098278045654 28.8111114501953 28.8126239776611 -9999 -9999 -9999 -9999 -9999 -9999 -9999 -9999 -9999
28.7568855285645 28.7684516906738 28.7693290710449 28.7879943847656 28.7919826507568 28.7977313995361 28.8008193969727 28.7987575531006 28.8250141143799 28.8170986175537 28.8112640380859 28.8065929412842 28.7966747283936 28.7932052612305 28.7854175567627 28.7749938964844 28.7561092376709 28.7499675750732 28.7362289428711 28.732816696167 28.7327976226807 28.7310695648193 28.7313251495361 28.7219486236572 28.725679397583 28.7253341674805 28.7268714904785 28.7319774627686 28.7294101715088 28.727710723877 28.7362861633301 28.7326698303223 28.7364692687988 28.7422180175781 28.7373790740967 28.7402896881104 28.7535610198975 28.7631816864014 28.7634773254395 28.784351348877 28.793643951416 28.8018913269043 28.8186626434326 28.8224067687988 28.8218059539795 28.827428817749 28.8255348205566 28.8258323669434 28.8267707824707 -9999 -9999 -9999 -9999 -9999 -9999 -9999 -9999
28.7737522125244 28.7690258026123 28.7772769927979 28.7918529510498 28.7979927062988 28.7994747161865 28.8047409057617 28.8046989440918 28.8386192321777 28.8311748504639 28.8275508880615 28.8161201477051 28.8069972991943 28.8032779693604 28.8004417419434 28.7888927459717 28.7738571166992 28.7701454162598 28.758861541748 28.7553386688232 28.7590885162354 28.7565746307373 28.7581329345703 28.7589588165283 28.7546520233154 28.7551574707031 28.7589569091797 28.7640495300293 28.7617092132568 28.7632942199707 28.7728519439697 28.7693347930908 28.7757320404053 28.7802429199219 28.7732486724854 28.7634353637695 28.776538848877 28.7968330383301 28.8021125793457 28.8246097564697 28.8352661132812 28.8429775238037 28.8596858978271 28.8665294647217 28.866771697998 28.8733787536621 28.8772315979004 28.87087059021 28.870735168457 -9999 -9999 -9999 -9999 -9999 -9999 -9999 -9999
28.7648963928223 28.7666893005371 28.7789363861084 28.7881374359131 28.8025569915771 28.8014278411865 28.8134174346924 28.8174266815186 28.8388118743896 28.8353385925293 28.8287887573242 28.82248878479 28.811164855957 28.80588722229 28.8010177612305 28.7964134216309 28.7860565185547 28.7794208526611 28.7712821960449 28.7642631530762 28.7667961120605 28.7650566101074 28.7616710662842 28.7684211730957 28.7718238830566 28.7788238525391 28.7810382843018 28.7724456787109 28.7752285003662 28.7820262908936 28.7886810302734 28.7873878479004 28.7933940887451 28.7910575866699 28.7864093780518 28.7854976654053 28.7902488708496 28.8105545043945 28.8360691070557 28.8496074676514 28.8580131530762 28.8707809448242 28.8729248046875 28.8883514404297 28.886791229248 28.8891124725342 28.9062747955322 28.8906536102295 28.8892135620117 28.9046039581299 -9999 -9999 -9999 -9999 -9999 -9999 -9999
28.7648105621338 28.7679500579834 28.776683807373 28.792329788208 28.7960090637207 28.8013591766357 28.8180198669434 28.8181934356689 28.8455200195312 28.8375587463379 28.834846496582 28.828634262085 28.8142986297607 28.8100643157959 28.8078460693359 28.8007793426514 28.792724609375 28.7868728637695 28.7752380371094 28.7730674743652 28.7804775238037 28.775146484375 28.7748374938965 28.7758674621582 28.7849521636963 28.7859573364258 28.7874908447266 28.7967071533203 28.7923049926758 28.7919139862061 28.808032989502 28.804407119751 28.8038940429688 28.8132514953613 28.811466217041 28.8133354187012 28.8265476226807 28.8403244018555 28.8490619659424 28.8741512298584 28.887638092041 28.8947467803955 28.9040775299072 28.9089584350586 28.9185276031494 28.917781829834 28.9179630279541 28.909818649292 28.9071311950684 28.9092769622803 28.9130363464355 -9999 -9999 -9999 -9999 -9999 -9999
28.7762050628662 28.7792739868164 28.7845001220703 28.7990093231201 28.8016338348389 28.8082809448242 28.8173561096191 28.854887008667 28.8537616729736 28.8505172729492 28.8483695983887 28.844331741333 28.8293762207031 28.8263072967529 28.824369430542 28.8168659210205 28.8147354125977 28.8001575469971 28.7984275817871 28.7995491027832 28.8032684326172 28.8050994873047 28.8047008514404 28.80837059021 28.8176898956299 28.8243217468262 28.8264579772949 28.831506729126 28.837366104126 28.8362159729004 28.8430881500244 28.8503875732422 28.8484783172607 28.8579216003418 28.8587417602539 28.8643093109131 28.8854999542236 28.8943004608154 28.8997821807861 28.9195365905762 28.9260845184326 28.9321308135986 28.9536247253418 28.9586563110352 28.9588394165039 28.9653244018555 28.965482711792 28.9645595550537 28.9562358856201 28.9566192626953 28.9615173339844 -9999 -9999 -9999 -9999 -9999 -9999
28.7737846374512 28.7844257354736 28.7931938171387 28.8000297546387 28.8038272857666 28.8173656463623 28.8500480651855 28.8572216033936 28.8572540283203 28.8558444976807 28.8533592224121 28.8474502563477 28.8430995941162 28.8372440338135 28.8360900878906 28.8325424194336 28.8243999481201 28.823902130127 28.8165130615234 28.8187923431396 28.8145389556885 28.81396484375 28.8092041015625 28.8234729766846 28.8282699584961 28.8348922729492 28.8449325561523 28.8552589416504 28.8643360137939 28.8720073699951 28.8732948303223 28.8839168548584 28.8868808746338 28.8897113800049 28.884147644043 28.8946304321289 28.9046764373779 28.9157123565674 28.9256381988525 28.9334354400635 28.941837310791 28.9556999206543 28.9672031402588 28.9870796203613 28.9767189025879 28.9770660400391 28.9871921539307 28.9814643859863 28.9808044433594 28.9736576080322 28.9821796417236 28.9825992584229 -9999 -9999 -9999 -9999 -9999
28.788158416748 28.7953300476074 28.8007488250732 28.81125831604 28.812219619751 28.8216552734375 28.8585910797119 28.8649482727051 28.862621307373 28.8620281219482 28.8602390289307 28.8552303314209 28.8493251800537 28.8459072113037 28.8445358276367 28.8397350311279 28.8371868133545 28.8328990936279 28.8325576782227 28.8306655883789 28.8324356079102 28.8285484313965 28.82936668396 28.833475112915 28.8471393585205 28.8508701324463 28.8533344268799 28.8769607543945 28.8798274993896 28.8817958831787 28.8951148986816 28.8989810943604 28.8995990753174 28.9123039245605 28.9324378967285 28.9188404083252 28.9371795654297 28.9407596588135 28.9479808807373 28.9633274078369 28.9718837738037 28.9770812988281 29.0012969970703 29.0078220367432 29.0083255767822 29.0122623443604 29.015661239624 29.0163822174072 29.0161266326904 29.0288333892822 29.0136833190918 29.0124282836914 -9999 -9999 -9999 -9999 -9999
28.8163890838623 28.8204097747803 28.8236808776855 28.8323669433594 28.829044342041 28.8632106781006 28.8793239593506 28.8784217834473 28.8759384155273 28.8754920959473 28.8755340576172 28.8717136383057 28.872200012207 28.8714828491211 28.8702831268311 28.86794090271 28.8696823120117 28.8711013793945 28.864429473877 28.8623008728027 28.8645839691162 28.8698654174805 28.8645477294922 28.867790222168 28.8818969726562 28.8877506256104 28.8907299041748 28.9154930114746 28.922061920166 28.9187755584717 28.941743850708 28.9430923461914 28.9615802764893 28.9746074676514 28.978084564209 28.9786434173584 28.9822120666504 28.986120223999 28.9917392730713 29.0072860717773 29.0128364562988 29.018497467041 29.0284881591797 29.0398349761963 29.0409374237061 29.0450229644775 29.0465354919434 29.0500984191895 29.069507598877 29.0667324066162 29.0681705474854 29.0531463623047 29.0520439147949 -9999 -9999 -9999 -9999
28.8247566223145 28.8422908782959 28.8393936157227 28.8386077880859 28.8363628387451 28.8419628143311 28.8836460113525 28.8884868621826 28.8830680847168 28.881742477417 28.8844127655029 28.8772659301758 28.8795032501221 28.8760948181152 28.8770580291748 28.8759613037109 28.8819618225098 28.883171081543 28.8722343444824 28.8729629516602 28.8789730072021 28.8806667327881 28.8782920837402 28.8881702423096 28.9053230285645 28.9098720550537 28.923921585083 28.9312572479248 28.9497623443604 28.9503631591797 28.953462600708 28.9816513061523 28.981502532959 28.9855880737305 28.9960269927979 28.9996891021729 29.0066337585449 29.0071659088135 29.0114612579346 29.0192470550537 29.0412216186523 29.0501327514648 29.0568981170654 29.0582008361816 29.0569362640381 29.0589141845703 29.0620918273926 29.0801868438721 29.0848293304443 29.0875473022461 29.0827560424805 29.0817241668701 29.0696144104004 29.0654315948486 -9999 -9999 -9999
28.8261489868164 28.831579208374 28.8474655151367 28.8497219085693 28.8471298217773 28.8539257049561 28.8877372741699 28.8884410858154 28.8871631622314 28.8871040344238 28.8915729522705 28.8876323699951 28.8859310150146 28.884147644043 28.883358001709 28.8838653564453 28.8903560638428 28.8950691223145 28.8926467895508 28.8863143920898 28.8898296356201 28.8975162506104 28.9050426483154 28.9163703918457 28.9311466217041 28.9353828430176 28.9323711395264 28.950023651123 28.9513874053955 28.9643001556396 28.9799156188965 28.9869689941406 28.9875202178955 29.0017490386963 29.0129089355469 29.0151081085205 29.0287628173828 29.0353450775146 29.0369262695312 29.0475826263428 29.0525741577148 29.0612850189209 29.0714206695557 29.07080078125 29.0749645233154 29.07102394104 29.0907249450684 29.0942935943604 29.0994529724121 29.0951309204102 29.0948295593262 29.0967578887939 29.0819606781006 29.0809059143066 -9999 -9999 -9999
28.8597583770752 28.8550910949707 28.8480567932129 28.8471260070801 28.8731822967529 28.8708953857422 28.9025783538818 28.902250289917 28.9080028533936 28.9072875976562 28.9047908782959 28.9006481170654 28.8996391296387 28.901611328125 28.9037284851074 28.9064540863037 28.9166488647461 28.9203262329102 28.9198532104492 28.9263706207275 28.924955368042 28.9350090026855 28.9468154907227 28.9562320709229 28.9705371856689 28.9670600891113 28.9676723480225 28.9829654693604 28.9867916107178 28.9899253845215 29.0048866271973 29.0113868713379 29.0201377868652 29.0346012115479 29.0355167388916 29.0374031066895 29.0510711669922 29.0560188293457 29.0651607513428 29.0750675201416 29.0753116607666 29.0771675109863 29.0853118896484 29.0876331329346 29.0882987976074 29.0960311889648 29.1112422943115 29.1187610626221 29.1249389648438 29.1224899291992 29.1181030273438 29.119478225708 29.1227035522461 29.1234531402588 29.1281871795654 -9999 -9999
