G_variables/Set1/RCP8_2100/Sur_sal_min.asc
NCOLS 229 
NROWS 147 
XLLCORNER -101.25 
YLLCORNER 14.3333333333333 
CELLSIZE 0.0833333333333333 
NODATA_value -9999 
[rows 104 to 129 of 147, columns 171 to 227 of 229]
36.0114440917969 35.9971542358398 35.9933776855469 35.9907836914062 35.9777641296387 35.9747734069824 35.9643096923828 35.9516983032227 35.9402465820312 35.930835723877 35.9151000976562 35.8982696533203 35.8978157043457 35.9089813232422 35.913257598877 35.916374206543 35.9098167419434 35.9020957946777 35.8933029174805 35.893741607666 35.8844795227051 35.8804473876953 35.8778343200684 35.8645629882812 35.8640022277832 35.8782157897949 35.8779335021973 35.8815956115723 35.8751792907715 35.8722877502441 35.872200012207 35.8688621520996 35.8587303161621 35.8516960144043 35.8370971679688 35.8180618286133 35.8134651184082 35.8008842468262 35.7846450805664 35.7776069641113 35.7390441894531 35.7083549499512 35.69580078125 35.6750183105469 35.6556930541992 35.6483154296875 35.6350784301758 35.6078910827637 35.6040496826172 35.6052703857422 35.5891265869141 35.5866241455078 35.5704193115234 35.5454902648926 35.5394592285156 35.5255966186523 -9999
36.0161437988281 36.0027732849121 35.9993362426758 35.9980735778809 35.9899826049805 35.9870376586914 35.9773368835449 35.9649810791016 35.9494094848633 35.9387550354004 35.9185485839844 35.8962097167969 35.8963623046875 35.8956832885742 35.9001312255859 35.9047889709473 35.8806686401367 35.880500793457 35.8781814575195 35.8623847961426 35.8572387695312 35.8525047302246 35.846508026123 35.8419723510742 35.8419876098633 35.8563537597656 35.8625717163086 35.8664245605469 35.8690223693848 35.8701400756836 35.8594093322754 35.8601226806641 35.8579368591309 35.8483009338379 35.8364143371582 35.8239898681641 35.8139190673828 35.800853729248 35.7982368469238 35.78173828125 35.7315826416016 35.70458984375 35.6859664916992 35.6573677062988 35.6427459716797 35.6342315673828 35.6138343811035 35.5885429382324 35.5827980041504 35.5810012817383 35.5629463195801 35.5555381774902 35.5572128295898 35.535285949707 35.5103759765625 35.5083694458008 35.487964630127
36.0137252807617 36.0035095214844 36.0062522888184 36.0018615722656 35.9915466308594 35.9896392822266 35.9847183227539 35.9693336486816 35.964527130127 35.9436111450195 35.9268226623535 35.9161643981934 35.9015808105469 35.8983535766602 35.8991661071777 35.8940353393555 35.8720664978027 35.8670501708984 35.862133026123 35.8546333312988 35.8514556884766 35.842342376709 35.8445358276367 35.8393783569336 35.8459243774414 35.8576431274414 35.857967376709 35.8745040893555 35.8683166503906 35.8651237487793 35.8589363098145 35.8590965270996 35.8632392883301 35.8483047485352 35.8362083435059 35.8334312438965 35.8210296630859 35.8042869567871 35.7952651977539 35.7841949462891 35.7318420410156 35.7048110961914 35.6815948486328 35.6557388305664 35.6497840881348 35.6259346008301 35.6127052307129 35.5912666320801 35.5827751159668 35.5770263671875 35.55078125 35.557559967041 35.553108215332 35.525276184082 35.5123863220215 35.5074996948242 35.4889373779297
36.031177520752 36.0177879333496 36.0089874267578 36.0063056945801 36.0009460449219 35.9930267333984 35.9927253723145 35.9844093322754 35.9708862304688 35.9623413085938 35.9466171264648 35.9229927062988 35.914249420166 35.9020652770996 35.8829917907715 35.8787422180176 35.8692970275879 35.8455009460449 35.841968536377 35.840892791748 35.8342590332031 35.8330574035645 35.8436584472656 35.844352722168 35.8443412780762 35.8574714660645 35.8649635314941 35.8686218261719 35.8766098022461 35.8671417236328 35.8644561767578 35.8679809570312 35.8578796386719 35.8521842956543 35.8392066955566 35.8225021362305 35.8161354064941 35.8014259338379 35.777774810791 35.7696876525879 35.7446708679199 35.6993446350098 35.6912727355957 35.6715927124023 35.6415023803711 35.6331596374512 35.6130638122559 35.5926780700684 35.5878105163574 35.5725059509277 35.5614166259766 35.5588836669922 35.5482063293457 35.5394439697266 35.5333595275879 35.5176734924316 35.5115966796875
36.0360946655273 36.0236015319824 36.00927734375 36.0090751647949 36.0070457458496 36.0109405517578 36.000431060791 35.9881172180176 35.9780311584473 35.9676818847656 35.9431610107422 35.9238586425781 35.9124755859375 35.8838882446289 35.8618545532227 35.8527221679688 35.8364753723145 35.833194732666 35.816967010498 35.8096313476562 35.8159408569336 35.8162803649902 35.8298568725586 35.8427238464355 35.8445243835449 35.8547859191895 35.8648834228516 35.8683013916016 35.8679504394531 35.8775329589844 35.8734359741211 35.850227355957 35.8499221801758 35.8476181030273 35.8195877075195 35.8056182861328 35.7973442077637 35.7756271362305 35.7600479125977 35.7409896850586 35.7187232971191 35.7027130126953 35.6805191040039 35.6554145812988 35.6387901306152 35.6259460449219 35.6175117492676 35.6010856628418 35.5897674560547 35.5897483825684 35.579174041748 35.5683708190918 35.5737915039062 35.5681953430176 -9999 -9999 -9999
36.041088104248 36.0275802612305 36.0202445983887 36.0091209411621 36.0085105895996 36.014518737793 36.0009498596191 35.9905281066895 35.97998046875 35.9655723571777 35.9464836120605 35.9256744384766 35.9048271179199 35.8830223083496 35.8565063476562 35.8408203125 35.8320159912109 35.8209609985352 35.8078956604004 35.8063430786133 35.8051986694336 35.814697265625 35.8309745788574 35.8394012451172 35.8446655273438 35.8568954467773 35.8638496398926 35.8646354675293 35.8682861328125 35.8744316101074 35.864070892334 35.84765625 35.8440208435059 35.8347663879395 35.8177642822266 35.7984962463379 35.7850036621094 35.7708053588867 35.7418212890625 35.7343902587891 35.7162704467773 35.6909446716309 35.6824798583984 35.656925201416 35.6358413696289 35.6305770874023 35.6225318908691 35.6063957214355 35.6033058166504 35.5975570678711 35.5869178771973 35.586784362793 -9999 -9999 -9999 -9999 -9999
36.0651054382324 36.0535507202148 36.0387535095215 36.0341377258301 36.0233993530273 36.0104713439941 36.006893157959 35.9875793457031 35.971134185791 35.9640464782715 35.9420127868652 35.9128265380859 35.9061584472656 35.8817825317383 35.8519706726074 35.8419647216797 35.8305587768555 35.8116645812988 35.8090515136719 35.8075866699219 35.813648223877 35.817684173584 35.8357162475586 35.8481407165527 35.8482704162598 35.8615951538086 35.8646812438965 35.8651313781738 35.8698501586914 35.8635215759277 35.8526878356934 35.8414611816406 35.8272666931152 35.822021484375 35.8057899475098 35.7809410095215 35.7708282470703 35.7544174194336 35.7286643981934 35.7216262817383 35.7049560546875 35.6932716369629 35.677303314209 35.6628189086914 35.6503868103027 35.645622253418 35.6360969543457 35.6298828125 35.6263694763184 -9999 -9999 -9999 -9999 -9999 -9999 -9999 -9999
36.0794944763184 36.0671157836914 36.0480346679688 36.0419120788574 36.031120300293 36.0112342834473 36.0112152099609 35.9932823181152 35.9709358215332 35.9604415893555 35.9427680969238 35.9126739501953 35.897388458252 35.8794021606445 35.8495903015137 35.8326530456543 35.8271942138672 35.8093681335449 35.8060989379883 35.8110122680664 35.8137817382812 35.8234367370605 35.8473777770996 35.8550643920898 35.860767364502 35.8624839782715 35.8553237915039 35.8581924438477 35.8522300720215 35.8450088500977 35.8360939025879 35.8247413635254 35.8138236999512 35.8052711486816 35.7950172424316 35.7736473083496 35.758243560791 35.7499237060547 35.7274398803711 35.7124176025391 35.707275390625 35.6964912414551 35.6757583618164 35.6753845214844 35.6669807434082 35.6571273803711 -9999 -9999 -9999 -9999 -9999 -9999 -9999 -9999 -9999 -9999 -9999
36.0929565429688 36.0722579956055 36.0563583374023 36.047679901123 36.0368041992188 36.0254554748535 36.0061531066895 35.9939346313477 35.9726829528809 35.9605560302734 35.9458465576172 35.924186706543 35.9099502563477 35.8850898742676 35.852611541748 35.8430442810059 35.8342056274414 35.8238792419434 35.8136787414551 35.8192558288574 35.8251762390137 35.831844329834 35.8541145324707 35.8687515258789 35.862133026123 35.8619346618652 35.8571166992188 35.8486976623535 35.8489074707031 35.8344268798828 35.8277130126953 35.8229866027832 35.8056716918945 35.8022232055664 35.7939109802246 35.7799186706543 35.7732048034668 35.7540092468262 35.727367401123 35.7183952331543 35.710693359375 35.6932029724121 35.6869125366211 35.6809158325195 -9999 -9999 -9999 -9999 -9999 -9999 -9999 -9999 -9999 -9999 -9999 -9999 -9999
36.0872001647949 36.0826377868652 36.0749435424805 36.0708389282227 36.049503326416 36.0317687988281 36.0203628540039 35.9949836730957 35.9812240600586 35.9748191833496 35.9502029418945 35.9307594299316 35.9224815368652 35.894474029541 35.8756256103516 35.8681869506836 35.8516082763672 35.8491249084473 35.8352890014648 35.8388137817383 35.8523864746094 35.8563194274902 35.8634376525879 35.8693389892578 35.8687515258789 35.861011505127 35.8576393127441 35.8525886535645 35.8319816589355 35.8257331848145 35.8186645507812 35.813892364502 35.8061599731445 35.8043556213379 35.7941360473633 35.7862777709961 35.782054901123 35.7643051147461 35.7508201599121 35.7442169189453 35.7085075378418 -9999 -9999 -9999 -9999 -9999 -9999 -9999 -9999 -9999 -9999 -9999 -9999 -9999 -9999 -9999 -9999
36.0838813781738 36.0824356079102 36.0884323120117 36.0789070129395 36.0568161010742 36.0462951660156 36.0315628051758 36.0140075683594 35.997859954834 35.985294342041 35.9763298034668 35.9566192626953 35.9388427734375 35.9230728149414 35.899097442627 35.8853149414062 35.8698310852051 35.8648490905762 35.8531341552734 35.860294342041 35.8736152648926 35.8829765319824 35.8902702331543 35.8860282897949 35.8889999389648 35.8555679321289 35.8375473022461 35.8310546875 35.7931213378906 35.8064651489258 35.7936325073242 35.7767295837402 35.7989349365234 35.792293548584 35.7896881103516 35.8053436279297 35.7963523864746 35.7853012084961 35.7726287841797 -9999 -9999 -9999 -9999 -9999 -9999 -9999 -9999 -9999 -9999 -9999 -9999 -9999 -9999 -9999 -9999 -9999 -9999
36.0811996459961 36.081356048584 36.0831642150879 36.082935333252 36.064697265625 36.0547142028809 36.053165435791 36.032112121582 36.0064392089844 36.0021514892578 35.9864616394043 35.9700698852539 35.9576072692871 35.934139251709 35.9168319702148 35.8970222473145 35.8795776367188 35.8807487487793 35.880428314209 35.8803634643555 35.8871650695801 35.8902854919434 35.8953247070312 35.9013404846191 35.8780899047852 35.8528861999512 35.8360595703125 35.8075561523438 35.7904205322266 35.793342590332 35.7897071838379 35.7800827026367 35.7741889953613 35.7926597595215 35.7882652282715 35.7966270446777 -9999 -9999 -9999 -9999 -9999 -9999 -9999 -9999 -9999 -9999 -9999 -9999 -9999 -9999 -9999 -9999 -9999 -9999 -9999 -9999 -9999
36.0656967163086 36.0714378356934 36.0727424621582 36.0723495483398 36.06494140625 36.0572547912598 36.0561370849609 36.043083190918 36.0245590209961 36.0223159790039 36.0051727294922 35.9907112121582 35.9848327636719 35.9592132568359 35.9366912841797 35.9267730712891 35.9053344726562 35.9018592834473 35.9004898071289 35.903865814209 35.9002952575684 35.9016494750977 35.8993263244629 35.8802795410156 35.8700180053711 35.8434791564941 35.7990684509277 35.7869911193848 35.7706031799316 35.7468910217285 35.7442588806152 35.7598037719727 35.7629203796387 -9999 -9999 -9999 -9999 -9999 -9999 -9999 -9999 -9999 -9999 -9999 -9999 -9999 -9999 -9999 -9999 -9999 -9999 -9999 -9999 -9999 -9999 -9999 -9999
36.0596237182617 36.0620307922363 36.0601959228516 36.0574264526367 36.054271697998 36.0573425292969 36.0493240356445 36.0425834655762 36.0422821044922 36.0334968566895 36.017951965332 36.0177154541016 36.0027198791504 35.9759178161621 35.95849609375 35.9456977844238 35.9144554138184 35.8993453979492 35.8977851867676 35.884521484375 35.8966865539551 35.9010276794434 35.8687515258789 35.8694839477539 35.8548889160156 35.8004951477051 35.7619934082031 35.7538871765137 35.7161026000977 35.6829452514648 35.6815338134766 -9999 -9999 -9999 -9999 -9999 -9999 -9999 -9999 -9999 -9999 -9999 -9999 -9999 -9999 -9999 -9999 -9999 -9999 -9999 -9999 -9999 -9999 -9999 -9999 -9999 -9999
36.0516471862793 36.059513092041 36.0542411804199 36.0507125854492 36.051441192627 36.0484085083008 36.0493812561035 36.043098449707 36.0401000976562 36.0391845703125 36.0258865356445 36.0287437438965 36.0162582397461 35.9829177856445 35.9668464660645 35.9514198303223 35.9183387756348 35.9080123901367 35.8827095031738 35.8814659118652 35.893238067627 35.875244140625 35.858024597168 35.8467636108398 35.8360862731934 35.788402557373 35.7442436218262 35.7247428894043 -9999 -9999 -9999 -9999 -9999 -9999 -9999 -9999 -9999 -9999 -9999 -9999 -9999 -9999 -9999 -9999 -9999 -9999 -9999 -9999 -9999 -9999 -9999 -9999 -9999 -9999 -9999 -9999 -9999
36.0358657836914 36.0459899902344 36.0417594909668 36.0418968200684 36.0407829284668 36.0355224609375 36.0379028320312 36.040901184082 36.0348510742188 36.029239654541 36.0279846191406 36.0199851989746 36.0116920471191 35.9939613342285 35.9697074890137 35.9556617736816 35.9419288635254 35.8996276855469 35.8892097473145 35.8772583007812 35.8461265563965 35.8310279846191 35.8098487854004 35.7874565124512 35.7867584228516 35.7671775817871 -9999 -9999 -9999 -9999 -9999 -9999 -9999 -9999 -9999 -9999 -9999 -9999 -9999 -9999 -9999 -9999 -9999 -9999 -9999 -9999 -9999 -9999 -9999 -9999 -9999 -9999 -9999 -9999 -9999 -9999 -9999
36.0170974731445 36.0101356506348 36.0291786193848 36.0345039367676 36.0338439941406 36.0331726074219 36.0339126586914 36.0370788574219 36.026912689209 36.0158462524414 36.014892578125 36.0051651000977 35.9946937561035 35.9791412353516 35.9693489074707 35.9509086608887 35.9121894836426 35.8852996826172 35.8745918273926 35.8348121643066 35.7946243286133 35.793270111084 35.7848663330078 -9999 -9999 -9999 -9999 -9999 -9999 -9999 -9999 -9999 -9999 -9999 -9999 -9999 -9999 -9999 -9999 -9999 -9999 -9999 -9999 -9999 -9999 -9999 -9999 -9999 -9999 -9999 -9999 -9999 -9999 -9999 -9999 -9999 -9999
36.0010185241699 36.0001182556152 36.0079116821289 36.031665802002 36.0318832397461 36.0262718200684 36.031135559082 36.037052154541 36.0249900817871 36.0197219848633 36.0129051208496 35.9993782043457 35.9825248718262 35.9763984680176 35.9634094238281 35.9407653808594 35.908576965332 35.8746528625488 35.8563995361328 35.8288230895996 -9999 -9999 -9999 -9999 -9999 -9999 -9999 -9999 -9999 -9999 -9999 -9999 -9999 -9999 -9999 -9999 -9999 -9999 -9999 -9999 -9999 -9999 -9999 -9999 -9999 -9999 -9999 -9999 -9999 -9999 -9999 -9999 -9999 -9999 -9999 -9999 -9999
35.9084587097168 35.9647102355957 35.9910621643066 35.9981918334961 36.026008605957 36.0269470214844 36.0290298461914 36.0290679931641 36.0238647460938 36.0216178894043 36.0063514709473 35.9885520935059 35.9819068908691 35.9599189758301 35.9294052124023 35.9166946411133 35.8808517456055 35.8490905761719 35.8353500366211 35.808292388916 -9999 -9999 -9999 -9999 -9999 -9999 -9999 -9999 -9999 -9999 -9999 -9999 -9999 -9999 -9999 -9999 -9999 -9999 -9999 -9999 -9999 -9999 -9999 -9999 -9999 -9999 -9999 -9999 -9999 -9999 -9999 -9999 -9999 -9999 -9999 -9999 -9999
35.8227119445801 35.8838729858398 35.9620361328125 35.9676551818848 35.9916114807129 36.0288352966309 36.0287704467773 36.0210609436035 36.0283203125 36.0244407653809 36.0158958435059 35.998176574707 35.9907150268555 35.9695892333984 35.9192657470703 35.8999290466309 35.899242401123 35.8538589477539 35.8258285522461 -9999 -9999 -9999 -9999 -9999 -9999 -9999 -9999 -9999 -9999 -9999 -9999 -9999 -9999 -9999 -9999 -9999 -9999 -9999 -9999 -9999 -9999 -9999 -9999 -9999 -9999 -9999 -9999 -9999 -9999 -9999 -9999 -9999 -9999 -9999 -9999 -9999 -9999
35.7870712280273 35.8592681884766 35.9037857055664 35.9516220092773 35.9822158813477 36.0100860595703 36.0222816467285 36.0175476074219 36.016845703125 36.0262985229492 36.0195045471191 36.0143280029297 36.0095138549805 35.976448059082 35.9243125915527 35.9114074707031 35.9047317504883 35.8676223754883 -9999 -9999 -9999 -9999 -9999 -9999 -9999 -9999 -9999 -9999 -9999 -9999 -9999 -9999 -9999 -9999 -9999 -9999 -9999 -9999 -9999 -9999 -9999 -9999 -9999 -9999 -9999 -9999 -9999 -9999 -9999 -9999 -9999 -9999 -9999 -9999 -9999 -9999 -9999
35.680965423584 35.7827682495117 35.8493995666504 35.8719596862793 35.9433937072754 35.9748649597168 35.976978302002 35.9970664978027 36.0035667419434 36.008472442627 36.0094451904297 36.0141372680664 36.0059509277344 35.9722862243652 35.9541358947754 35.9522132873535 35.9240989685059 -9999 -9999 -9999 -9999 -9999 -9999 -9999 -9999 -9999 -9999 -9999 -9999 -9999 -9999 -9999 -9999 -9999 -9999 -9999 -9999 -9999 -9999 -9999 -9999 -9999 -9999 -9999 -9999 -9999 -9999 -9999 -9999 -9999 -9999 -9999 -9999 -9999 -9999 -9999 -9999
35.617603302002 35.7101974487305 35.7918014526367 35.8350944519043 35.8867340087891 35.9311180114746 35.9366798400879 35.9656600952148 35.9909553527832 35.996654510498 36.0042037963867 36.0071716308594 36.0059585571289 35.9978256225586 35.9882507324219 35.9818305969238 35.9484596252441 -9999 -9999 -9999 -9999 -9999 -9999 -9999 -9999 -9999 -9999 -9999 -9999 -9999 -9999 -9999 -9999 -9999 -9999 -9999 -9999 -9999 -9999 -9999 -9999 -9999 -9999 -9999 -9999 -9999 -9999 -9999 -9999 -9999 -9999 -9999 -9999 -9999 -9999 -9999 -9999
35.579345703125 35.6910667419434 35.7523040771484 35.7990188598633 35.8681373596191 35.8932151794434 35.8975563049316 35.9531021118164 35.9672241210938 35.9699401855469 35.9979476928711 36.0008888244629 36.0010604858398 35.9974327087402 35.9917449951172 35.9864692687988 -9999 -9999 -9999 -9999 -9999 -9999 -9999 -9999 -9999 -9999 -9999 -9999 -9999 -9999 -9999 -9999 -9999 -9999 -9999 -9999 -9999 -9999 -9999 -9999 -9999 -9999 -9999 -9999 -9999 -9999 -9999 -9999 -9999 -9999 -9999 -9999 -9999 -9999 -9999 -9999 -9999
35.5855979919434 35.6279907226562 35.7064056396484 35.7296752929688 35.7960662841797 35.8622283935547 35.8664703369141 35.8754692077637 35.9524612426758 35.9565124511719 35.9712524414062 35.999095916748 35.9922752380371 -9999 -9999 -9999 -9999 -9999 -9999 -9999 -9999 -9999 -9999 -9999 -9999 -9999 -9999 -9999 -9999 -9999 -9999 -9999 -9999 -9999 -9999 -9999 -9999 -9999 -9999 -9999 -9999 -9999 -9999 -9999 -9999 -9999 -9999 -9999 -9999 -9999 -9999 -9999 -9999 -9999 -9999 -9999 -9999
35.5627899169922 35.6136245727539 35.6887321472168 35.7069854736328 35.737133026123 35.796802520752 35.8326416015625 35.8549919128418 35.8977165222168 -9999 -9999 -9999 -9999 -9999 -9999 -9999 -9999 -9999 -9999 -9999 -9999 -9999 -9999 -9999 -9999 -9999 -9999 -9999 -9999 -9999 -9999 -9999 -9999 -9999 -9999 -9999 -9999 -9999 -9999 -9999 -9999 -9999 -9999 -9999 -9999 -9999 -9999 -9999 -9999 -9999 -9999 -9999 -9999 -9999 -9999 -9999 -9999
