G_variables/Set1/RCP8_2100/Sur_sal_min.asc
NCOLS 229 
NROWS 147 
XLLCORNER -101.25 
YLLCORNER 14.3333333333333 
CELLSIZE 0.0833333333333333 
NODATA_value -9999 
[rows 0 to 25 of 147, columns 114 to 170 of 229]
-9999 -9999 -9999 -9999 -9999 -9999 -9999 -9999 -9999 -9999 -9999 -9999 -9999 -9999 -9999 -9999 -9999 -9999 -9999 -9999 -9999 -9999 -9999 -9999 -9999 -9999 -9999 -9999 -9999 -9999 -9999 -9999 -9999 -9999 -9999 -9999 -9999 -9999 -9999 -9999 -9999 -9999 -9999 -9999 -9999 -9999 -9999 -9999 -9999 -9999 -9999 -9999 -9999 -9999 -9999 -9999 -9999
-9999 -9999 -9999 -9999 -9999 -9999 -9999 -9999 -9999 -9999 -9999 -9999 -9999 -9999 -9999 -9999 -9999 -9999 -9999 -9999 -9999 -9999 -9999 -9999 -9999 -9999 -9999 -9999 -9999 -9999 -9999 -9999 -9999 -9999 -9999 -9999 -9999 -9999 -9999 -9999 -9999 -9999 -9999 -9999 -9999 -9999 -9999 -9999 -9999 -9999 -9999 -9999 -9999 -9999 -9999 -9999 -9999
-9999 -9999 -9999 -9999 -9999 -9999 -9999 -9999 -9999 -9999 -9999 -9999 -9999 -9999 -9999 -9999 -9999 -9999 -9999 -9999 -9999 -9999 -9999 -9999 -9999 -9999 -9999 -9999 -9999 -9999 -9999 -9999 -9999 -9999 -9999 -9999 -9999 -9999 -9999 -9999 -9999 -9999 -9999 -9999 -9999 -9999 -9999 -9999 -9999 -9999 -9999 -9999 -9999 -9999 -9999 -9999 35.4199981689453
-9999 -9999 -9999 -9999 -9999 -9999 -9999 -9999 -9999 -9999 -9999 -9999 -9999 -9999 -9999 -9999 -9999 -9999 -9999 -9999 -9999 -9999 -9999 -9999 -9999 -9999 -9999 -9999 -9999 -9999 -9999 -9999 -9999 -9999 -9999 -9999 -9999 -9999 -9999 -9999 -9999 -9999 -9999 -9999 -9999 -9999 -9999 -9999 -9999 -9999 -9999 -9999 -9999 -9999 35.2559242248535 35.3560028076172 35.4371185302734
-9999 -9999 -9999 -9999 -9999 -9999 -9999 -9999 -9999 -9999 -9999 -9999 -9999 -9999 -9999 -9999 -9999 -9999 -9999 -9999 -9999 -9999 -9999 -9999 -9999 -9999 -9999 -9999 -9999 -9999 -9999 -9999 -9999 -9999 -9999 -9999 -9999 -9999 -9999 -9999 -9999 -9999 -9999 -9999 -9999 -9999 -9999 -9999 -9999 -9999 -9999 -9999 -9999 35.1943626403809 35.2676734924316 35.3576927185059 35.4286880493164
-9999 -9999 -9999 -9999 -9999 -9999 -9999 -9999 -9999 -9999 -9999 -9999 -9999 -9999 -9999 -9999 -9999 -9999 -9999 -9999 -9999 -9999 -9999 -9999 -9999 -9999 -9999 -9999 -9999 -9999 -9999 -9999 -9999 -9999 -9999 -9999 -9999 -9999 -9999 -9999 -9999 -9999 -9999 -9999 -9999 -9999 -9999 -9999 -9999 -9999 -9999 34.8962059020996 35.0387306213379 35.2324638366699 35.2632255554199 35.3371658325195 35.4407424926758
-9999 -9999 -9999 -9999 -9999 -9999 -9999 -9999 -9999 -9999 -9999 -9999 -9999 -9999 -9999 -9999 -9999 -9999 -9999 -9999 -9999 -9999 -9999 -9999 -9999 -9999 -9999 -9999 -9999 -9999 -9999 -9999 -9999 -9999 -9999 -9999 -9999 -9999 -9999 -9999 -9999 -9999 -9999 -9999 -9999 -9999 -9999 -9999 -9999 -9999 34.8936042785645 35.0304489135742 35.1740837097168 35.2845115661621 35.3586807250977 35.427001953125 35.4429550170898
-9999 -9999 -9999 -9999 -9999 -9999 -9999 -9999 -9999 -9999 -9999 -9999 -9999 -9999 -9999 -9999 -9999 -9999 -9999 -9999 -9999 -9999 -9999 -9999 -9999 -9999 -9999 -9999 -9999 -9999 -9999 -9999 -9999 -9999 -9999 -9999 -9999 -9999 -9999 -9999 -9999 -9999 -9999 -9999 -9999 -9999 -9999 -9999 34.6714973449707 34.7711639404297 34.9488410949707 35.0576057434082 35.1841125488281 35.3180503845215 35.3633003234863 35.4532127380371 35.5078315734863
-9999 -9999 -9999 -9999 -9999 -9999 -9999 -9999 -9999 -9999 -9999 -9999 -9999 -9999 -9999 -9999 -9999 -9999 -9999 -9999 -9999 -9999 -9999 -9999 -9999 -9999 -9999 -9999 -9999 -9999 -9999 -9999 -9999 -9999 -9999 -9999 -9999 -9999 -9999 -9999 -9999 -9999 -9999 -9999 -9999 -9999 -9999 34.7024879455566 34.7189292907715 34.8507194519043 35.0275840759277 35.0750312805176 35.2220039367676 35.3638877868652 35.3737258911133 35.4660034179688 35.5706062316895
-9999 -9999 -9999 -9999 -9999 -9999 -9999 -9999 -9999 -9999 -9999 -9999 -9999 -9999 -9999 -9999 -9999 -9999 -9999 -9999 -9999 -9999 -9999 -9999 -9999 -9999 -9999 -9999 -9999 -9999 -9999 -9999 -9999 -9999 -9999 -9999 -9999 -9999 -9999 -9999 -9999 -9999 -9999 34.8123435974121 34.6717681884766 34.6334190368652 34.6077575683594 34.6546401977539 34.7406806945801 34.8562660217285 35.0119132995605 35.1099700927734 35.3008117675781 35.4482650756836 35.5166702270508 35.5498809814453 35.5845489501953
35.5841293334961 35.3472290039062 35.1241874694824 35.0062675476074 34.7008247375488 34.4510841369629 -9999 -9999 -9999 -9999 -9999 -9999 -9999 -9999 -9999 -9999 -9999 -9999 -9999 -9999 -9999 -9999 -9999 -9999 -9999 -9999 -9999 -9999 -9999 -9999 -9999 -9999 -9999 -9999 -9999 -9999 -9999 -9999 -9999 35.4247360229492 35.3764572143555 35.1781959533691 35.0417823791504 34.8446502685547 34.7237014770508 34.6454963684082 34.622974395752 34.7146911621094 34.7352714538574 34.8579711914062 35.0122909545898 35.1499404907227 35.3221817016602 35.4754867553711 35.550968170166 35.6053276062012 35.6396102905273
35.6088562011719 35.3680763244629 35.1783599853516 35.1130180358887 34.8394203186035 34.6155586242676 34.5201072692871 34.268253326416 34.106575012207 34.0582389831543 33.9152984619141 33.919620513916 33.9275360107422 33.8522453308105 -9999 -9999 -9999 -9999 -9999 -9999 -9999 -9999 -9999 -9999 -9999 -9999 -9999 -9999 -9999 -9999 -9999 -9999 -9999 -9999 -9999 -9999 35.4362907409668 35.4437866210938 35.4682121276855 35.4551887512207 35.3110885620117 35.2042617797852 35.1385231018066 34.9491577148438 34.8118896484375 34.7726669311523 34.7437171936035 34.7652626037598 34.7925643920898 34.9311714172363 35.0881576538086 35.1483345031738 35.3417816162109 35.5002555847168 35.5358009338379 35.613094329834 35.676513671875
35.6003341674805 35.4680213928223 35.3193473815918 35.1632766723633 35.0446319580078 34.858211517334 34.683650970459 34.5503692626953 34.3411674499512 34.2585029602051 34.227165222168 34.1351051330566 34.1514663696289 34.2903137207031 34.2911109924316 34.266487121582 34.3364028930664 -9999 34.079418182373 34.0136642456055 33.7760734558105 33.7149887084961 33.6929054260254 33.5475578308105 33.5706634521484 33.6383857727051 33.6240005493164 33.7326812744141 34.1398849487305 34.4240264892578 34.6590919494629 35.0848731994629 35.2454833984375 35.4200134277344 35.606273651123 35.6211891174316 35.6897315979004 35.7659454345703 35.6992530822754 35.7048568725586 35.5442924499512 35.3173980712891 35.1961784362793 34.9918937683105 34.8272171020508 34.7782783508301 34.7214889526367 34.7443962097168 34.8061561584473 34.9447059631348 35.1020240783691 35.2418479919434 35.4595031738281 35.6162643432617 35.6890678405762 35.7170791625977 35.6907806396484
35.6264152526855 35.4858436584473 35.3329849243164 35.2615051269531 35.0852470397949 34.926872253418 34.8684196472168 34.639518737793 34.4965629577637 34.4415626525879 34.3290596008301 34.3311500549316 34.3459281921387 34.3816337585449 34.4746627807617 34.5337982177734 34.4734077453613 34.4139938354492 34.365161895752 34.1620979309082 34.0512161254883 33.9450607299805 33.820671081543 33.7996864318848 33.7626800537109 33.7432098388672 33.8356475830078 33.9968605041504 34.2748832702637 34.6398696899414 34.8726692199707 35.2073593139648 35.5101165771484 35.5890007019043 35.6956977844238 35.8005905151367 35.7856559753418 35.8329048156738 35.8734588623047 35.7435188293457 35.5844688415527 35.3813629150391 35.2188339233398 35.0002708435059 34.8523864746094 34.7739562988281 34.7157135009766 34.7524070739746 34.8086814880371 34.952449798584 35.1348152160645 35.2494773864746 35.4960021972656 35.6429443359375 35.7014007568359 35.738338470459 35.7249221801758
35.6993751525879 35.534065246582 35.4080810546875 35.368480682373 35.1846580505371 35.1022300720215 35.0659446716309 34.8877296447754 34.8182182312012 34.783935546875 34.6623649597168 34.6865348815918 34.6947898864746 34.6411590576172 34.790470123291 34.8070755004883 34.7042694091797 34.7812194824219 34.7502822875977 34.5279998779297 34.4793319702148 34.4277038574219 34.187858581543 34.1765289306641 34.1523818969727 34.1109352111816 34.3603248596191 34.4286918640137 34.6579475402832 35.0902976989746 35.2214622497559 35.4372100830078 35.7894325256348 35.8367385864258 35.8612899780273 36.0132713317871 36.0197639465332 35.9289360046387 35.8975715637207 35.8343772888184 35.6005020141602 35.4228858947754 35.3430328369141 35.1196479797363 34.9447326660156 34.9040603637695 34.8531761169434 34.8584823608398 34.8876075744629 35.0390319824219 35.2271690368652 35.2607269287109 35.4530258178711 35.6467666625977 35.6788482666016 35.737663269043 35.7821922302246
35.7531433105469 35.6708679199219 35.528392791748 35.4430885314941 35.4318237304688 35.3455619812012 35.2500114440918 35.278736114502 35.1687088012695 35.0825424194336 35.1111640930176 35.0195236206055 35.031681060791 35.1643600463867 35.1662178039551 35.1987380981445 35.308910369873 35.2434577941895 35.1721382141113 35.1003875732422 34.9084281921387 34.8074150085449 34.7058219909668 34.5571060180664 34.5101852416992 34.577564239502 34.6594390869141 34.798900604248 35.149772644043 35.4742393493652 35.7271957397461 35.8933258056641 36.0244407653809 36.1412620544434 36.1553993225098 36.1921463012695 36.2235260009766 36.1740417480469 36.0663757324219 35.9678115844727 35.7693290710449 35.508960723877 35.3560371398926 35.1402778625488 34.9646949768066 34.891788482666 34.8392715454102 34.8500099182129 34.9045333862305 35.0633316040039 35.2369194030762 35.3563041687012 35.5878067016602 35.7095603942871 35.806697845459 35.8221435546875 35.7825469970703
35.8359565734863 35.7114028930664 35.6007881164551 35.5743598937988 35.4926795959473 35.4489288330078 35.4771270751953 35.3894844055176 35.3529434204102 35.3567924499512 35.2519111633301 35.2806243896484 35.2903175354004 35.2993278503418 35.4332504272461 35.447883605957 35.4369316101074 35.4938316345215 35.4383659362793 35.2340774536133 35.1626167297363 35.0713119506836 34.841854095459 34.8252563476562 34.8229675292969 34.7281303405762 34.935905456543 35.0396728515625 35.2864036560059 35.7702484130859 35.8533058166504 35.9698333740234 36.2004127502441 36.2323265075684 36.2027282714844 36.2873229980469 36.286808013916 36.2116775512695 36.1481742858887 36.0127944946289 35.7891540527344 35.5544395446777 35.3892135620117 35.16064453125 35.0034332275391 34.9294738769531 34.8546943664551 34.8838005065918 34.952766418457 35.0923843383789 35.2906875610352 35.3857460021973 35.6127624511719 35.7638168334961 35.8041687011719 35.8428802490234 35.8149375915527
35.9194793701172 35.8139038085938 35.7780265808105 35.7610321044922 35.662899017334 35.7125434875488 35.7181701660156 35.6509246826172 35.7389183044434 35.7334785461426 35.6420669555664 35.729362487793 35.7315406799316 35.6754875183105 35.8004188537598 35.8107147216797 35.7075881958008 35.778678894043 35.7545509338379 35.5403518676758 35.5101318359375 35.463550567627 35.251293182373 35.2705192565918 35.2613410949707 35.2900543212891 35.4605941772461 35.5160827636719 35.6855506896973 35.9446029663086 36.0059928894043 36.0804290771484 36.2720336914062 36.290454864502 36.3056030273438 36.3434638977051 36.3403701782227 36.2472686767578 36.1400833129883 36.0594787597656 35.8212966918945 35.5931396484375 35.5081672668457 35.2666969299316 35.0933113098145 35.055419921875 35.0095901489258 35.0435218811035 35.0780029296875 35.2234954833984 35.4065895080566 35.4445838928223 35.5950927734375 35.7479553222656 35.7754516601562 35.8033981323242 35.8525276184082
36.0309295654297 35.9992141723633 35.9349899291992 35.8889846801758 35.9154090881348 35.956729888916 35.9480743408203 36.0076637268066 36.0751914978027 36.0527191162109 36.0263023376465 36.0542640686035 36.0642395019531 36.0534515380859 36.111400604248 36.1542510986328 36.1141891479492 36.0806579589844 36.0375099182129 35.9430465698242 35.8361129760742 35.7306900024414 35.6445846557617 35.5882759094238 35.5548324584961 35.6165084838867 35.7390594482422 35.8975944519043 35.9676170349121 36.0409088134766 36.2085723876953 36.247428894043 36.2807769775391 36.3212432861328 36.3694190979004 36.392650604248 36.3805923461914 36.3781204223633 36.2823638916016 36.1704940795898 35.9804496765137 35.6941070556641 35.5247001647949 35.3114738464355 35.1364097595215 35.0569610595703 35.0406608581543 35.088436126709 35.1525421142578 35.3183784484863 35.4792671203613 35.6202774047852 35.7766151428223 35.8166389465332 35.8691711425781 35.8693885803223 35.8418998718262
36.131908416748 36.0436820983887 36.0160980224609 36.0186004638672 35.9781227111816 36.0739326477051 36.1079025268555 36.080623626709 36.2080612182617 36.2249908447266 36.111629486084 36.2246398925781 36.2220573425293 36.1392593383789 36.2888603210449 36.2854309082031 36.1843681335449 36.2311897277832 36.2030944824219 36.0204238891602 35.9736785888672 35.9413299560547 35.7481002807617 35.7810668945312 35.7667236328125 35.7290267944336 35.9614028930664 35.9794998168945 36.034049987793 36.2228164672852 36.2237777709961 36.2601737976074 36.3101043701172 36.3368911743164 36.3751411437988 36.4005241394043 36.415397644043 36.3915786743164 36.3015327453613 36.2227172851562 36.0069923400879 35.764289855957 35.577033996582 35.3402671813965 35.1921806335449 35.1356773376465 35.0781326293945 35.1502685546875 35.226490020752 35.358325958252 35.5593185424805 35.6471824645996 35.7971420288086 35.8931083679199 35.8782653808594 35.8648567199707 35.8252296447754
36.1848106384277 36.1688270568848 36.1955261230469 36.1933708190918 36.193172454834 36.247371673584 36.2688331604004 36.282470703125 36.3626899719238 36.3722152709961 36.3685264587402 36.4095306396484 36.4080429077148 36.3885803222656 36.4114227294922 36.4115028381348 36.3478927612305 36.3533172607422 36.3297157287598 36.221607208252 36.1952209472656 36.171142578125 36.108455657959 36.0972213745117 36.092716217041 36.0914497375488 36.1550598144531 36.1757011413574 36.1841583251953 36.2675285339355 36.2636413574219 36.2866287231445 36.3376312255859 36.3486251831055 36.3741302490234 36.4130249023438 36.4213829040527 36.3501739501953 36.2821350097656 36.2424659729004 36.025707244873 35.8157043457031 35.7096519470215 35.4846153259277 35.331111907959 35.3011703491211 35.2746162414551 35.321174621582 35.3614349365234 35.4852752685547 35.6400032043457 35.6916580200195 35.7695846557617 35.8633270263672 35.8566551208496 35.8418922424316 35.8308753967285
36.2712059020996 36.2719421386719 36.2916641235352 36.2854690551758 36.2785568237305 36.3306884765625 36.3657341003418 36.3793449401855 36.4369316101074 36.4555816650391 36.4375991821289 36.4591789245605 36.4712104797363 36.4464645385742 36.4558334350586 36.458137512207 36.4321937561035 36.4373741149902 36.386287689209 36.3614273071289 36.3700714111328 36.3049278259277 36.2642631530762 36.2625694274902 36.2730484008789 36.2467880249023 36.243522644043 36.3051567077637 36.2984199523926 36.2908630371094 36.3097686767578 36.340404510498 36.3550872802734 36.3788909912109 36.4227638244629 36.4442329406738 36.4560203552246 36.4671936035156 36.4077415466309 36.3141784667969 36.1739463806152 35.9497451782227 35.7851753234863 35.6003837585449 35.4029312133789 35.337718963623 35.3573913574219 35.4025039672852 35.4748916625977 35.5991096496582 35.6969146728516 35.8031921386719 35.895824432373 35.9226455688477 35.9576454162598 35.9295768737793 35.8286514282227
36.313060760498 36.2885360717773 36.3207321166992 36.3309288024902 36.3045310974121 36.3776016235352 36.3890953063965 36.3927917480469 36.4628715515137 36.4721374511719 36.4473876953125 36.4789543151855 36.4764747619629 36.4529609680176 36.4768142700195 36.4734115600586 36.4376525878906 36.439525604248 36.4464416503906 36.3847503662109 36.4045028686523 36.4138259887695 36.3147888183594 36.3518676757812 36.3408317565918 36.2931632995605 36.350040435791 36.3347396850586 36.3185119628906 36.3299102783203 36.3341827392578 36.3547325134277 36.3856315612793 36.3963050842285 36.4338188171387 36.4646759033203 36.4744644165039 36.4777069091797 36.4233665466309 36.3777008056641 36.2024116516113 35.9912986755371 35.8722381591797 35.647777557373 35.512321472168 35.4406509399414 35.4088478088379 35.4941749572754 35.5346374511719 35.6362915039062 35.7776260375977 35.8275146484375 35.9124755859375 35.9654312133789 35.9606781005859 35.9397010803223 35.8829956054688
36.308177947998 36.3299903869629 36.3655052185059 36.3713417053223 36.3911628723145 36.4059410095215 36.4096374511719 36.435131072998 36.4560890197754 36.4613189697266 36.4752388000488 36.4777336120605 36.4761505126953 36.4759864807129 36.4671516418457 36.4646797180176 36.4552116394043 36.4540214538574 36.4555473327637 36.4567108154297 36.4715003967285 36.4709815979004 36.4646682739258 36.4601974487305 36.4554328918457 36.425407409668 36.419246673584 36.4060974121094 36.3754806518555 36.3810539245605 36.3834266662598 36.3948593139648 36.4266166687012 36.4295883178711 36.4481391906738 36.479549407959 36.4867210388184 36.4310836791992 36.4192543029785 36.3869132995605 36.2125434875488 36.0688095092773 36.0059776306152 35.825496673584 35.7009925842285 35.6557922363281 35.6191291809082 35.6487693786621 35.6702499389648 35.731803894043 35.8699150085449 35.8786773681641 35.9062881469727 35.9616851806641 35.9607162475586 35.9393157958984 35.9059104919434
36.3195419311523 36.3504638671875 36.3576927185059 36.3682556152344 36.3923683166504 36.392261505127 36.4118385314941 36.4289245605469 36.4318161010742 36.4433059692383 36.4541854858398 36.4564514160156 36.4533271789551 36.4511833190918 36.4408645629883 36.4292984008789 36.4418106079102 36.4431953430176 36.4432983398438 36.4850921630859 36.5029792785645 36.5077667236328 36.5290870666504 36.5266036987305 36.5153923034668 36.499137878418 36.4704895019531 36.4470329284668 36.4347610473633 36.4169311523438 36.4227714538574 36.4498596191406 36.4641532897949 36.4920654296875 36.5142860412598 36.5150375366211 36.5290565490723 36.541633605957 36.5090370178223 36.4438743591309 36.3737869262695 36.235912322998 36.0942268371582 35.972225189209 35.8359184265137 35.787239074707 35.7755355834961 35.7724990844727 35.8301200866699 35.8788185119629 35.922420501709 35.9874534606934 36.0484580993652 36.0458908081055 36.0461807250977 36.0138244628906 35.9358787536621
36.3302040100098 36.351261138916 36.3584747314453 36.3749885559082 36.3954582214355 36.4031753540039 36.4010047912598 36.4246025085449 36.4285621643066 36.425910949707 36.4442825317383 36.4387321472168 36.4430236816406 36.4443016052246 36.4283447265625 36.4348526000977 36.4419326782227 36.4398956298828 36.4648361206055 36.4958915710449 36.5197982788086 36.525634765625 36.5417785644531 36.551025390625 36.5452270507812 36.5119590759277 36.4978675842285 36.4807052612305 36.4510078430176 36.4539604187012 36.4579467773438 36.4701766967773 36.5086975097656 36.5139694213867 36.5290069580078 36.5454597473145 36.549976348877 36.5503234863281 36.5228996276855 36.5033378601074 36.3979415893555 36.2730102539062 36.2152824401855 36.030876159668 35.9459838867188 35.8902320861816 35.8330421447754 35.8919715881348 35.8766059875488 35.9051666259766 35.9824562072754 36.0143966674805 36.0619354248047 36.0979919433594 36.0762634277344 36.0327453613281 35.9906768798828
