G_variables/Set1/RCP8_2100/Sur_tem_max.asc
NCOLS 229 
NROWS 147 
XLLCORNER -101.25 
YLLCORNER 14.3333333333333 
CELLSIZE 0.0833333333333333 
NODATA_value -9999 
[rows 0 to 25 of 147, columns 114 to 170 of 229]
-9999 -9999 -9999 -9999 -9999 -9999 -9999 -9999 -9999 -9999 -9999 -9999 -9999 -9999 -9999 -9999 -9999 -9999 -9999 -9999 -9999 -9999 -9999 -9999 -9999 -9999 -9999 -9999 -9999 -9999 -9999 -9999 -9999 -9999 -9999 -9999 -9999 -9999 -9999 -9999 -9999 -9999 -9999 -9999 -9999 -9999 -9999 -9999 -9999 -9999 -9999 -9999 -9999 -9999 -9999 -9999 -9999
-9999 -9999 -9999 -9999 -9999 -9999 -9999 -9999 -9999 -9999 -9999 -9999 -9999 -9999 -9999 -9999 -9999 -9999 -9999 -9999 -9999 -9999 -9999 -9999 -9999 -9999 -9999 -9999 -9999 -9999 -9999 -9999 -9999 -9999 -9999 -9999 -9999 -9999 -9999 -9999 -9999 -9999 -9999 -9999 -9999 -9999 -9999 -9999 -9999 -9999 -9999 -9999 -9999 -9999 -9999 -9999 -9999
-9999 -9999 -9999 -9999 -9999 -9999 -9999 -9999 -9999 -9999 -9999 -9999 -9999 -9999 -9999 -9999 -9999 -9999 -9999 -9999 -9999 -9999 -9999 -9999 -9999 -9999 -9999 -9999 -9999 -9999 -9999 -9999 -9999 -9999 -9999 -9999 -9999 -9999 -9999 -9999 -9999 -9999 -9999 -9999 -9999 -9999 -9999 -9999 -9999 -9999 -9999 -9999 -9999 -9999 -9999 -9999 33.539363861084
-9999 -9999 -9999 -9999 -9999 -9999 -9999 -9999 -9999 -9999 -9999 -9999 -9999 -9999 -9999 -9999 -9999 -9999 -9999 -9999 -9999 -9999 -9999 -9999 -9999 -9999 -9999 -9999 -9999 -9999 -9999 -9999 -9999 -9999 -9999 -9999 -9999 -9999 -9999 -9999 -9999 -9999 -9999 -9999 -9999 -9999 -9999 -9999 -9999 -9999 -9999 -9999 -9999 -9999 33.5379257202148 33.5367126464844 33.5331192016602
-9999 -9999 -9999 -9999 -9999 -9999 -9999 -9999 -9999 -9999 -9999 -9999 -9999 -9999 -9999 -9999 -9999 -9999 -9999 -9999 -9999 -9999 -9999 -9999 -9999 -9999 -9999 -9999 -9999 -9999 -9999 -9999 -9999 -9999 -9999 -9999 -9999 -9999 -9999 -9999 -9999 -9999 -9999 -9999 -9999 -9999 -9999 -9999 -9999 -9999 -9999 -9999 -9999 33.526180267334 33.5245018005371 33.5235252380371 33.5287170410156
-9999 -9999 -9999 -9999 -9999 -9999 -9999 -9999 -9999 -9999 -9999 -9999 -9999 -9999 -9999 -9999 -9999 -9999 -9999 -9999 -9999 -9999 -9999 -9999 -9999 -9999 -9999 -9999 -9999 -9999 -9999 -9999 -9999 -9999 -9999 -9999 -9999 -9999 -9999 -9999 -9999 -9999 -9999 -9999 -9999 -9999 -9999 -9999 -9999 -9999 -9999 33.5213508605957 33.5109901428223 33.52001953125 33.5181732177734 33.5157814025879 33.5113067626953
-9999 -9999 -9999 -9999 -9999 -9999 -9999 -9999 -9999 -9999 -9999 -9999 -9999 -9999 -9999 -9999 -9999 -9999 -9999 -9999 -9999 -9999 -9999 -9999 -9999 -9999 -9999 -9999 -9999 -9999 -9999 -9999 -9999 -9999 -9999 -9999 -9999 -9999 -9999 -9999 -9999 -9999 -9999 -9999 -9999 -9999 -9999 -9999 -9999 -9999 33.5256462097168 33.5195922851562 33.5151824951172 33.5185966491699 33.5151176452637 33.5117263793945 33.4995498657227
-9999 -9999 -9999 -9999 -9999 -9999 -9999 -9999 -9999 -9999 -9999 -9999 -9999 -9999 -9999 -9999 -9999 -9999 -9999 -9999 -9999 -9999 -9999 -9999 -9999 -9999 -9999 -9999 -9999 -9999 -9999 -9999 -9999 -9999 -9999 -9999 -9999 -9999 -9999 -9999 -9999 -9999 -9999 -9999 -9999 -9999 -9999 -9999 33.5281105041504 33.5258369445801 33.5306968688965 33.5196647644043 33.5228271484375 33.5217170715332 33.5186996459961 33.5194549560547 33.5203628540039
-9999 -9999 -9999 -9999 -9999 -9999 -9999 -9999 -9999 -9999 -9999 -9999 -9999 -9999 -9999 -9999 -9999 -9999 -9999 -9999 -9999 -9999 -9999 -9999 -9999 -9999 -9999 -9999 -9999 -9999 -9999 -9999 -9999 -9999 -9999 -9999 -9999 -9999 -9999 -9999 -9999 -9999 -9999 -9999 -9999 -9999 -9999 33.5236053466797 33.5321464538574 33.5319328308105 33.5303230285645 33.5212173461914 33.5095443725586 33.5227928161621 33.5209426879883 33.4980239868164 33.5269470214844
-9999 -9999 -9999 -9999 -9999 -9999 -9999 -9999 -9999 -9999 -9999 -9999 -9999 -9999 -9999 -9999 -9999 -9999 -9999 -9999 -9999 -9999 -9999 -9999 -9999 -9999 -9999 -9999 -9999 -9999 -9999 -9999 -9999 -9999 -9999 -9999 -9999 -9999 -9999 -9999 -9999 -9999 -9999 33.5326347351074 33.5334930419922 33.5296211242676 33.5279235839844 33.5399627685547 33.5355758666992 33.5395164489746 33.537670135498 33.528621673584 33.5316886901855 33.5320434570312 33.5329246520996 33.5328750610352 33.5435371398926
33.398021697998 33.3990631103516 33.398681640625 33.4077491760254 33.4096794128418 33.4124336242676 -9999 -9999 -9999 -9999 -9999 -9999 -9999 -9999 -9999 -9999 -9999 -9999 -9999 -9999 -9999 -9999 -9999 -9999 -9999 -9999 -9999 -9999 -9999 -9999 -9999 -9999 -9999 -9999 -9999 -9999 -9999 -9999 -9999 33.5069694519043 33.5177040100098 33.5209922790527 33.5294303894043 33.5349578857422 33.5346908569336 33.542610168457 33.5413017272949 33.5396957397461 33.5467491149902 33.5506820678711 33.5515556335449 33.5464057922363 33.5559196472168 33.5553550720215 33.5560569763184 33.563362121582 33.5646362304688
33.4096450805664 33.4134178161621 33.4059448242188 33.411003112793 33.4243850708008 33.4266319274902 33.435417175293 33.4587821960449 33.4476890563965 33.4461402893066 33.4598083496094 33.4404335021973 33.4355087280273 33.432861328125 -9999 -9999 -9999 -9999 -9999 -9999 -9999 -9999 -9999 -9999 -9999 -9999 -9999 -9999 -9999 -9999 -9999 -9999 -9999 -9999 -9999 -9999 33.4612655639648 33.4880828857422 33.5012512207031 33.5047645568848 33.5301628112793 33.5267219543457 33.5302467346191 33.5447845458984 33.5361938476562 33.5462074279785 33.5468788146973 33.542552947998 33.5393447875977 33.5283584594727 33.555534362793 33.5559158325195 33.573787689209 33.5633316040039 33.5700149536133 33.5811729431152 33.5725555419922
33.4081115722656 33.408805847168 33.401309967041 33.4055938720703 33.4235572814941 33.4284133911133 33.4372711181641 33.4454002380371 33.4461479187012 33.4470863342285 33.4479293823242 33.4431228637695 33.4333686828613 33.4272499084473 33.4219932556152 33.411808013916 33.4195747375488 -9999 33.415958404541 33.4177398681641 33.4176483154297 33.4144706726074 33.41943359375 33.4250144958496 33.414794921875 33.4114532470703 33.4147605895996 33.4038543701172 33.4125175476074 33.4147682189941 33.418571472168 33.420295715332 33.4239654541016 33.4322814941406 33.4385032653809 33.4452629089355 33.4708442687988 33.4936904907227 33.4984245300293 33.5219230651855 33.5234832763672 33.5289688110352 33.5407867431641 33.5401306152344 33.5396003723145 33.5363807678223 33.5332412719727 33.5299797058105 33.5318641662598 33.5274505615234 33.5457572937012 33.5544548034668 33.5657844543457 33.5719337463379 33.5769348144531 33.5780754089355 33.5805816650391
33.408073425293 33.4075469970703 33.4088745117188 33.4141464233398 33.4155654907227 33.4230003356934 33.4316940307617 33.4357223510742 33.4399719238281 33.4403762817383 33.4414367675781 33.4408226013184 33.43115234375 33.4308280944824 33.4262084960938 33.4198951721191 33.4193954467773 33.4255256652832 33.4238052368164 33.4271621704102 33.4344253540039 33.429386138916 33.4356994628906 33.4334716796875 33.4287948608398 33.4236831665039 33.4209175109863 33.419548034668 33.4167518615723 33.4197425842285 33.4203872680664 33.4236259460449 33.4273529052734 33.4368019104004 33.4444236755371 33.4507865905762 33.4763107299805 33.4874839782715 33.5032424926758 33.5258255004883 33.5351486206055 33.5327835083008 33.5453453063965 33.5455360412598 33.5474891662598 33.5475044250488 33.5459403991699 33.5444068908691 33.5419578552246 33.5440292358398 33.5437088012695 33.5623474121094 33.5809555053711 33.5868492126465 33.5915679931641 33.5922355651855 33.5961990356445
33.3973388671875 33.4134407043457 33.4052124023438 33.4034538269043 33.4075393676758 33.4181022644043 33.4231719970703 33.4356269836426 33.4381904602051 33.4403190612793 33.4483909606934 33.4360694885254 33.4338226318359 33.4354057312012 33.4228935241699 33.4220504760742 33.4154167175293 33.4206199645996 33.4290313720703 33.4414405822754 33.4362831115723 33.4397392272949 33.4614334106445 33.4363403320312 33.4312934875488 33.4391708374023 33.4246063232422 33.4269561767578 33.4140357971191 33.4235153198242 33.4257545471191 33.4189720153809 33.4343643188477 33.4399299621582 33.4436225891113 33.4566764831543 33.4659881591797 33.4832229614258 33.5026969909668 33.520336151123 33.5406608581543 33.5439567565918 33.5489196777344 33.5565032958984 33.5565910339355 33.5560111999512 33.5615653991699 33.551456451416 33.5458602905273 33.5336074829102 33.5451622009277 33.5621871948242 33.5890502929688 33.5831604003906 33.5824317932129 33.5887908935547 33.5833892822266
33.3922080993652 33.3991737365723 33.4012832641602 33.4040832519531 33.4043884277344 33.4069061279297 33.4146728515625 33.4178123474121 33.4207878112793 33.4228744506836 33.4245567321777 33.4360733032227 33.4261589050293 33.4199371337891 33.417854309082 33.4153823852539 33.417724609375 33.4192123413086 33.4289360046387 33.4329872131348 33.4364051818848 33.4394912719727 33.442813873291 33.4411125183105 33.4303588867188 33.436637878418 33.4314270019531 33.4284439086914 33.4263725280762 33.4270973205566 33.4267883300781 33.4299278259277 33.4353904724121 33.4494094848633 33.4574317932129 33.4621047973633 33.4753112792969 33.4858818054199 33.4976234436035 33.5185165405273 33.5359535217285 33.539436340332 33.5508766174316 33.5554695129395 33.5563430786133 33.5608253479004 33.5588607788086 33.5533676147461 33.5475273132324 33.5426445007324 33.5439186096191 33.5613021850586 33.5719337463379 33.5704879760742 33.5774688720703 33.5757331848145 33.5750885009766
33.3887138366699 33.3951873779297 33.3972969055176 33.4005241394043 33.3999252319336 33.4009017944336 33.4083786010742 33.4114074707031 33.4130210876465 33.4193344116211 33.4214706420898 33.4182434082031 33.4087753295898 33.4025840759277 33.398754119873 33.4015274047852 33.4042320251465 33.4087982177734 33.4192962646484 33.4291877746582 33.4341659545898 33.4371185302734 33.4435539245605 33.4436416625977 33.4339332580566 33.4385108947754 33.4354591369629 33.432731628418 33.4308929443359 33.4311943054199 33.4321632385254 33.4402313232422 33.4463768005371 33.4614906311035 33.4667739868164 33.4693374633789 33.4813194274902 33.491397857666 33.4982452392578 33.5183334350586 33.5328369140625 33.5380210876465 33.5499954223633 33.5558242797852 33.5581932067871 33.5601692199707 33.5576782226562 33.5526275634766 33.5490036010742 33.5453796386719 33.5415191650391 33.5549468994141 33.5627174377441 33.562141418457 33.5644073486328 33.566822052002 33.5673027038574
33.3878479003906 33.3956298828125 33.3990097045898 33.3992881774902 33.3937797546387 33.4059219360352 33.4084587097168 33.4085655212402 33.4111022949219 33.4169425964355 33.4292144775391 33.4176750183105 33.4117660522461 33.4029922485352 33.3890571594238 33.3991508483887 33.3959503173828 33.4110145568848 33.4176368713379 33.4292411804199 33.4317512512207 33.4361877441406 33.4489555358887 33.4390869140625 33.4449043273926 33.4455070495605 33.4344139099121 33.4369964599609 33.4302101135254 33.4302673339844 33.4362449645996 33.4439735412598 33.46044921875 33.4675216674805 33.470272064209 33.4812965393066 33.4882926940918 33.4944076538086 33.5083847045898 33.5158271789551 33.5445175170898 33.5428619384766 33.5489692687988 33.5641975402832 33.5653114318848 33.5669441223145 33.5715827941895 33.5537338256836 33.5491828918457 33.5486946105957 33.5421257019043 33.5494346618652 33.5489654541016 33.556884765625 33.5591011047363 33.5784797668457 33.5439796447754
33.3928833007812 33.3988456726074 33.4016647338867 33.404541015625 33.4051780700684 33.4064865112305 33.4086723327637 33.4081878662109 33.4095726013184 33.415901184082 33.4199409484863 33.4179763793945 33.4130897521973 33.4128265380859 33.4086418151855 33.4027557373047 33.4054412841797 33.4120178222656 33.4159927368164 33.4232864379883 33.4281272888184 33.4335174560547 33.4399719238281 33.4398803710938 33.4437828063965 33.4469184875488 33.4436683654785 33.4324913024902 33.425220489502 33.4286079406738 33.440055847168 33.4503784179688 33.4576110839844 33.4717636108398 33.4722480773926 33.4773597717285 33.4934387207031 33.5026893615723 33.5071258544922 33.5279159545898 33.5321617126465 33.5353813171387 33.5478935241699 33.5504493713379 33.5574150085449 33.560661315918 33.5544319152832 33.5461158752441 33.5379753112793 33.5349655151367 33.5318565368652 33.5347061157227 33.5415649414062 33.5489349365234 33.5561943054199 33.5553970336914 33.5387535095215
33.4038696289062 33.4061851501465 33.4056091308594 33.4070739746094 33.4032402038574 33.4036026000977 33.405704498291 33.4052925109863 33.4064865112305 33.4132270812988 33.4193229675293 33.4201164245605 33.4210243225098 33.4180183410645 33.4154586791992 33.4034080505371 33.4039649963379 33.4056701660156 33.4111366271973 33.4148559570312 33.4196739196777 33.4307403564453 33.4340896606445 33.4375076293945 33.449031829834 33.4470291137695 33.4453773498535 33.4343566894531 33.430362701416 33.4315376281738 33.4425239562988 33.4506301879883 33.4575042724609 33.4660453796387 33.4753341674805 33.4778671264648 33.482551574707 33.4940032958984 33.5013275146484 33.5191192626953 33.5235023498535 33.525333404541 33.5299873352051 33.5318794250488 33.5338020324707 33.5370674133301 33.5343246459961 33.5289726257324 33.5191230773926 33.5160942077637 33.5132446289062 33.5144538879395 33.5200691223145 33.5211563110352 33.5445289611816 33.543529510498 33.5455055236816
33.4118499755859 33.4176216125488 33.4137649536133 33.4103775024414 33.3964805603027 33.4059410095215 33.4067306518555 33.3973922729492 33.4101333618164 33.4159736633301 33.4301528930664 33.4237518310547 33.4274787902832 33.4277801513672 33.4193000793457 33.4099464416504 33.3988990783691 33.4046630859375 33.4105529785156 33.4029960632324 33.4173583984375 33.4291763305664 33.4344062805176 33.4369697570801 33.4435348510742 33.4502944946289 33.4486351013184 33.438289642334 33.4242362976074 33.436710357666 33.4460830688477 33.4542961120605 33.4583740234375 33.4654922485352 33.4797821044922 33.4781494140625 33.4839057922363 33.5005149841309 33.4998359680176 33.5070152282715 33.5232849121094 33.514274597168 33.5133438110352 33.5283393859863 33.5138549804688 33.5276222229004 33.5318717956543 33.5186576843262 33.5088958740234 33.5064125061035 33.5074615478516 33.5079765319824 33.4952964782715 33.5166549682617 33.5407600402832 33.5620956420898 33.5539855957031
33.4222106933594 33.4227561950684 33.4218063354492 33.4194946289062 33.4124031066895 33.4120330810547 33.4146766662598 33.416862487793 33.4158668518066 33.4258499145508 33.4349708557129 33.4363327026367 33.431827545166 33.4298706054688 33.4270896911621 33.4113349914551 33.4090843200684 33.4131469726562 33.4170379638672 33.4191970825195 33.4182624816895 33.4321060180664 33.4452667236328 33.4468307495117 33.4481010437012 33.4560279846191 33.4508323669434 33.4417533874512 33.4403533935547 33.4409980773926 33.4464073181152 33.4500617980957 33.4552917480469 33.463493347168 33.4732704162598 33.4772720336914 33.4815788269043 33.4846420288086 33.4933471679688 33.4942474365234 33.5039215087891 33.5060920715332 33.5109214782715 33.5119667053223 33.5044364929199 33.501953125 33.499828338623 33.4925117492676 33.485466003418 33.4812927246094 33.4799308776855 33.4834594726562 33.5008354187012 33.5054664611816 33.5260124206543 33.5326881408691 33.5475883483887
33.4364547729492 33.4314613342285 33.4307250976562 33.4288864135742 33.4272804260254 33.423511505127 33.420783996582 33.4190216064453 33.4263000488281 33.4326515197754 33.4351692199707 33.4360160827637 33.4347114562988 33.4340209960938 33.4334335327148 33.4166412353516 33.414192199707 33.4210624694824 33.4174575805664 33.4175720214844 33.4243125915527 33.443733215332 33.4497528076172 33.455509185791 33.4679069519043 33.4651069641113 33.4625854492188 33.4513473510742 33.4476623535156 33.4497528076172 33.4492988586426 33.449764251709 33.4558906555176 33.4683723449707 33.4682731628418 33.4667510986328 33.4829216003418 33.4742088317871 33.4736785888672 33.4764366149902 33.4869499206543 33.4890098571777 33.4918823242188 33.4911003112793 33.4927558898926 33.489200592041 33.4846687316895 33.4804763793945 33.4796752929688 33.4721641540527 33.4687042236328 33.4713516235352 33.4737243652344 33.4702682495117 33.4770202636719 33.489803314209 33.4983558654785
33.4451637268066 33.4528312683105 33.4454154968262 33.439094543457 33.439266204834 33.434497833252 33.4264297485352 33.4217643737793 33.4323120117188 33.4381828308105 33.4461898803711 33.4407081604004 33.4410629272461 33.4483070373535 33.437084197998 33.4377326965332 33.4255332946777 33.425163269043 33.4228439331055 33.4099273681641 33.4304656982422 33.4487037658691 33.454044342041 33.4706153869629 33.4747276306152 33.4837951660156 33.4674606323242 33.4620475769043 33.447868347168 33.4566688537598 33.4552841186523 33.4428405761719 33.4589157104492 33.4658279418945 33.4561538696289 33.467098236084 33.4765853881836 33.482250213623 33.4656410217285 33.4787330627441 33.4830627441406 33.4824371337891 33.4832878112793 33.4892730712891 33.4857139587402 33.4798583984375 33.4848136901855 33.4787178039551 33.4766693115234 33.4799308776855 33.4694366455078 33.4642906188965 33.4656372070312 33.4689712524414 33.4702987670898 33.4729309082031 33.4955024719238
33.462703704834 33.469066619873 33.4671821594238 33.4640960693359 33.4607086181641 33.4549293518066 33.4517021179199 33.4513244628906 33.4533500671387 33.4520568847656 33.4553985595703 33.4562759399414 33.4543952941895 33.4552307128906 33.4540252685547 33.4518699645996 33.448543548584 33.4385719299316 33.4381942749023 33.4385871887207 33.4438285827637 33.461986541748 33.4740867614746 33.4794921875 33.4868202209473 33.4867095947266 33.4832382202148 33.4784965515137 33.4748420715332 33.4722785949707 33.4656524658203 33.4648590087891 33.4692192077637 33.4645156860352 33.465705871582 33.4659805297852 33.4710884094238 33.4724617004395 33.4788055419922 33.4717674255371 33.47412109375 33.4736709594727 33.4765090942383 33.477123260498 33.4791221618652 33.4782600402832 33.4750213623047 33.4732704162598 33.4709281921387 33.4653511047363 33.4651756286621 33.4631195068359 33.4627304077148 33.4628295898438 33.4738540649414 33.4751129150391 33.4889526367188
33.4705009460449 33.4709281921387 33.4704093933105 33.4685134887695 33.4692535400391 33.4658699035645 33.4575004577637 33.4550743103027 33.4628295898438 33.4616165161133 33.4516868591309 33.4524459838867 33.4566421508789 33.4561195373535 33.4552726745605 33.4543418884277 33.4544334411621 33.4534797668457 33.4472389221191 33.4534225463867 33.4615364074707 33.4908027648926 33.4947814941406 33.4991264343262 33.5054588317871 33.5058250427246 33.502498626709 33.497371673584 33.4939155578613 33.4888572692871 33.4775314331055 33.476749420166 33.4791831970215 33.4750175476074 33.4673538208008 33.464469909668 33.4694480895996 33.4604187011719 33.4553108215332 33.4473342895508 33.4461669921875 33.4446487426758 33.4476127624512 33.4500961303711 33.4507331848145 33.4535675048828 33.4539260864258 33.4534111022949 33.4490165710449 33.4468612670898 33.4468536376953 33.4449615478516 33.4436111450195 33.4499244689941 33.4521179199219 33.4514617919922 33.4602813720703
