G_variables/Set1/RCP8_2100/Sur_sal_min.asc
NCOLS 229 
NROWS 147 
XLLCORNER -101.25 
YLLCORNER 14.3333333333333 
CELLSIZE 0.0833333333333333 
NODATA_value -9999 
[rows 78 to 103 of 147, columns 57 to 113 of 229]
34.0525283813477 34.1686477661133 34.1742782592773 34.2820739746094 34.5342826843262 34.9730911254883 35.1557197570801 35.4144439697266 35.7162094116211 35.8088607788086 35.8541831970215 35.9281158447266 35.9156227111816 35.9135475158691 35.946231842041 35.9499549865723 35.9664077758789 35.9745025634766 35.9760932922363 35.9227447509766 35.87939453125 35.8651962280273 35.8145561218262 35.8442878723145 35.8242416381836 35.7605743408203 35.7505645751953 35.7196769714355 35.6603393554688 35.6245727539062 35.5522994995117 35.4373054504395 35.3410377502441 35.257625579834 35.1253242492676 35.0601806640625 35.0473365783691 34.9751129150391 34.8657531738281 34.7785263061523 34.4877662658691 34.2535705566406 34.1462783813477 34.0111274719238 34.0458602905273 34.0582008361816 34.1138877868652 34.2872047424316 34.3568878173828 34.4625473022461 34.5677528381348 34.5900382995605 34.5782241821289 34.5978012084961 34.6380615234375 34.7163238525391 34.8614196777344
33.9858551025391 34.0892677307129 34.079532623291 34.1297569274902 34.4434700012207 34.7796669006348 35.0443801879883 35.3524703979492 35.6027984619141 35.7539825439453 35.8162155151367 35.8459625244141 35.9117202758789 35.9048690795898 35.924919128418 35.9567794799805 35.9679794311523 35.9932441711426 35.9755592346191 35.9292144775391 35.8917388916016 35.842212677002 35.8115882873535 35.7997093200684 35.7981414794922 35.7502555847168 35.7192916870117 35.7025985717773 35.6522827148438 35.6047286987305 35.5639495849609 35.4428253173828 35.338062286377 35.2717742919922 35.1401443481445 35.0638809204102 35.0135459899902 34.9722595214844 34.8622627258301 34.6914520263672 34.4544868469238 34.1871299743652 34.0590896606445 33.979362487793 33.959056854248 34.0046577453613 34.0962677001953 34.1883316040039 34.3109931945801 34.4444351196289 34.516487121582 34.5552520751953 34.5692291259766 34.5561447143555 34.6013259887695 34.7035217285156 34.8367195129395
33.6979675292969 33.9876480102539 33.6906318664551 33.7535438537598 34.2789993286133 34.5839653015137 34.7126846313477 35.115592956543 35.3918914794922 35.4644203186035 35.6651573181152 35.7783546447754 35.8024787902832 35.898307800293 35.9230766296387 35.9378662109375 35.977352142334 35.9639892578125 35.9587440490723 35.9262619018555 35.8561782836914 35.8393707275391 35.790340423584 35.7248420715332 35.7158393859863 35.711109161377 35.6613159179688 35.6498794555664 35.6140174865723 35.5340118408203 35.5140342712402 35.424144744873 35.3149375915527 35.2787933349609 35.1762504577637 35.0531272888184 35.0209007263184 34.8814010620117 34.6564712524414 34.5782775878906 34.3445320129395 34.0730781555176 34.0175323486328 33.9443321228027 33.8578071594238 33.8811187744141 34.0220375061035 34.1173095703125 34.1733093261719 34.3233833312988 34.4009132385254 34.4191055297852 34.5037422180176 34.5474243164062 34.5685577392578 34.7185134887695 34.8328666687012
33.5349235534668 33.5284156799316 33.4426689147949 33.4939270019531 33.7462539672852 34.2908554077148 34.5453758239746 34.8552398681641 35.1577911376953 35.2916374206543 35.4349784851074 35.6410026550293 35.6732749938965 35.6936264038086 35.8576698303223 35.8772583007812 35.8439712524414 35.9279708862305 35.917423248291 35.7955589294434 35.7817230224609 35.7467575073242 35.6287689208984 35.6235466003418 35.6038017272949 35.5473403930664 35.5840148925781 35.5569801330566 35.514087677002 35.504451751709 35.453742980957 35.3484764099121 35.2797050476074 35.2028961181641 35.0932655334473 35.0290107727051 34.969108581543 34.8029365539551 34.6423072814941 34.5002937316895 34.127197265625 33.8743629455566 33.743522644043 33.6011619567871 33.6702003479004 33.7088813781738 33.7956047058105 33.9683532714844 34.066219329834 34.1669998168945 34.3152961730957 34.3491592407227 34.390266418457 34.4655494689941 34.4993019104004 34.6202850341797 34.7683944702148
-9999 33.2861137390137 33.2356185913086 33.3803672790527 33.6149063110352 34.0083198547363 34.3549690246582 34.7526054382324 34.9840278625488 35.1423263549805 35.3502006530762 35.4699554443359 35.5654678344727 35.6493797302246 35.7375526428223 35.7876319885254 35.7939109802246 35.8318290710449 35.8305587768555 35.7527084350586 35.7014846801758 35.6675758361816 35.5912818908691 35.5443229675293 35.5335540771484 35.5101928710938 35.5088119506836 35.5063400268555 35.4870452880859 35.4377136230469 35.3985710144043 35.3194923400879 35.2264404296875 35.1571960449219 35.0676651000977 34.9784736633301 34.8903274536133 34.7697677612305 34.609546661377 34.4004325866699 34.0887336730957 33.7775993347168 33.632926940918 33.5517349243164 33.5601501464844 33.6183128356934 33.7478904724121 33.873722076416 33.9734001159668 34.1234970092773 34.2165031433105 34.3126487731934 34.3730621337891 34.4056930541992 34.5097465515137 34.6273498535156 34.7582397460938
-9999 33.1391677856445 33.0708045959473 33.2362098693848 33.502067565918 33.7217864990234 33.8822021484375 34.4279365539551 34.7234535217285 34.8132476806641 35.0949516296387 35.2504653930664 35.3027763366699 35.486442565918 35.5322952270508 35.5557327270508 35.6493339538574 35.6062164306641 35.6070251464844 35.6341171264648 35.5448417663574 35.5289421081543 35.5190353393555 35.421215057373 35.412914276123 35.4298439025879 35.4009780883789 35.3949890136719 35.3895034790039 35.3114967346191 35.2893753051758 35.2411918640137 35.1194076538086 35.0861473083496 35.0013427734375 34.8355026245117 34.7942924499512 34.6076354980469 34.3432998657227 34.2420196533203 33.9745903015137 33.6525764465332 33.5735969543457 33.5331649780273 33.4486541748047 33.4837799072266 33.653148651123 33.737476348877 33.7960052490234 33.9663162231445 34.0931129455566 34.137996673584 34.3081703186035 34.4416275024414 34.4860534667969 34.6661682128906 34.7731552124023
-9999 32.6733665466309 32.4106903076172 32.5038604736328 32.9409141540527 33.2533912658691 33.548713684082 33.8203239440918 34.3661270141602 34.5432281494141 34.6632232666016 34.9563789367676 35.0529251098633 35.1212615966797 35.2644271850586 35.3068580627441 35.3370475769043 35.3897895812988 35.3799209594727 35.3699798583984 35.3804512023926 35.3317642211914 35.2773475646973 35.2770614624023 35.2669372558594 35.2390594482422 35.2776985168457 35.2659111022949 35.2270469665527 35.2188529968262 35.1755790710449 35.0775833129883 35.0127792358398 34.9491844177246 34.8427658081055 34.7444496154785 34.6824607849121 34.4916725158691 34.2767868041992 34.0780792236328 33.6473541259766 33.3600578308105 33.2103004455566 33.0645065307617 33.206111907959 33.2661056518555 33.2591705322266 33.4830513000488 33.577091217041 33.6259880065918 33.8961067199707 33.9664535522461 34.0646095275879 34.3504104614258 34.4214935302734 34.4963912963867 34.7098731994629
-9999 -9999 32.3548812866211 32.4191513061523 32.8254203796387 33.1434631347656 33.2520751953125 33.6501426696777 33.9705848693848 34.3108787536621 34.5350303649902 34.681697845459 34.8665161132812 35.0237617492676 35.0637626647949 35.14453125 35.256950378418 35.2344856262207 35.2688446044922 35.3060836791992 35.2347602844238 35.2353668212891 35.2288703918457 35.1837921142578 35.1779174804688 35.1953086853027 35.1868591308594 35.177188873291 35.1854667663574 35.1390113830566 35.1024017333984 35.0379066467285 34.9253997802734 34.8663482666016 34.798885345459 34.6552886962891 34.5575294494629 34.4373435974121 34.1821403503418 33.9310607910156 33.5810356140137 33.2415428161621 33.063346862793 32.9854431152344 33.0451965332031 33.0617523193359 33.16162109375 33.293628692627 33.395637512207 33.5280647277832 33.6924171447754 33.8573150634766 33.9947547912598 34.1735153198242 34.3237533569336 34.4535980224609 34.6299018859863
-9999 -9999 32.5934944152832 32.6097717285156 32.5306625366211 32.7419776916504 32.8396339416504 33.0711135864258 33.4897689819336 33.6375732421875 34.1739082336426 34.3563842773438 34.4383926391602 34.7428207397461 34.8182487487793 34.8580932617188 35.0023002624512 35.014720916748 35.0319366455078 35.1009063720703 35.0679168701172 35.0670356750488 35.0987510681152 35.054801940918 35.0489234924316 35.0831031799316 35.0487594604492 35.0438385009766 35.0472297668457 34.9750289916992 34.9548873901367 34.9093856811523 34.7931632995605 34.7590179443359 34.6790885925293 34.4726676940918 34.4363784790039 34.2164077758789 33.869987487793 33.752857208252 33.4653015136719 33.0647048950195 32.9851531982422 32.919319152832 32.7442283630371 32.7633934020996 32.9465713500977 32.9768104553223 33.0307884216309 33.2995948791504 33.4346580505371 33.5089263916016 33.8462104797363 33.9979133605957 34.069164276123 34.3317489624023 34.4159507751465
-9999 -9999 32.4838829040527 32.4492721557617 31.9912815093994 31.7737007141113 31.834493637085 32.4189186096191 32.6684951782227 32.8900489807129 33.0565032958984 33.802978515625 33.9315299987793 33.9473991394043 34.4351806640625 34.5024452209473 34.4969139099121 34.7790489196777 34.7970733642578 34.7926139831543 34.9084739685059 34.8948631286621 34.8881378173828 34.9218635559082 34.9156074523926 34.898365020752 34.9069519042969 34.9182586669922 34.8750991821289 34.8502044677734 34.8132209777832 34.7239074707031 34.6758460998535 34.6206855773926 34.4895324707031 34.3953018188477 34.3119773864746 33.9554023742676 33.6943778991699 33.4725799560547 32.7869987487793 32.5619316101074 32.413158416748 31.9381523132324 32.162353515625 32.2106742858887 31.893892288208 32.2894134521484 32.3835220336914 32.1916656494141 32.7890739440918 32.9163970947266 32.8859024047852 33.5257301330566 33.6596603393555 33.6592979431152 34.0703277587891
-9999 -9999 -9999 -9999 31.8713569641113 31.6401996612549 31.6722602844238 32.1939125061035 32.216796875 32.3101997375488 32.7438850402832 33.1425971984863 33.523609161377 33.722110748291 33.9480934143066 34.2465209960938 34.3549194335938 34.4602966308594 34.6559562683105 34.7106552124023 34.716236114502 34.8156509399414 34.8392105102539 34.814338684082 34.8377723693848 34.859260559082 34.8286476135254 34.8212928771973 34.8357238769531 34.7697639465332 34.7210159301758 34.6817245483398 34.5771026611328 34.5181884765625 34.4470443725586 34.3035316467285 34.104175567627 33.8735427856445 33.5452880859375 33.1021461486816 32.6231880187988 32.2661170959473 31.9341697692871 31.7095527648926 31.7204971313477 31.6448440551758 31.616268157959 31.7558422088623 31.7848091125488 31.8925323486328 32.1981468200684 32.4300689697266 32.6200790405273 32.9653167724609 33.3038711547852 33.4660568237305 33.6555213928223
-9999 -9999 -9999 -9999 31.8444900512695 31.7548046112061 31.9350090026855 31.6095695495605 31.6023216247559 31.6787605285645 31.8726329803467 32.2166442871094 32.3862342834473 33.1068382263184 33.3348197937012 33.455150604248 33.9678192138672 34.0983772277832 34.1752548217773 34.4760398864746 34.5194702148438 34.5663375854492 34.701114654541 34.6906814575195 34.7005844116211 34.7481651306152 34.6983375549316 34.7035255432129 34.6921920776367 34.6049041748047 34.5820007324219 34.5361862182617 34.3981170654297 34.3776435852051 34.2644233703613 33.946403503418 33.8713836669922 33.5481491088867 32.8903388977051 32.6983337402344 32.2729835510254 31.5392112731934 31.3955574035645 31.2932472229004 30.785795211792 30.7694339752197 31.036039352417 30.7374134063721 30.7607727050781 31.2439823150635 31.2245559692383 31.3283290863037 31.9962348937988 32.185230255127 32.3268585205078 32.9516296386719 33.0039978027344
-9999 -9999 -9999 -9999 -9999 31.3030261993408 31.428783416748 31.249267578125 30.6821403503418 30.6092376708984 31.217809677124 31.59153175354 31.749927520752 32.290412902832 32.9096946716309 33.0407180786133 33.1569671630859 33.6303825378418 33.7324028015137 33.9738006591797 34.325870513916 34.3641777038574 34.4338264465332 34.5550155639648 34.5624732971191 34.5703964233398 34.6078300476074 34.5984497070312 34.535530090332 34.4823188781738 34.4430923461914 34.3092613220215 34.2608604431152 34.2005500793457 33.9486427307129 33.7527160644531 33.6125106811523 32.92822265625 32.3907508850098 32.0529289245605 31.0774688720703 30.5504112243652 30.2998428344727 29.8254375457764 29.7677440643311 29.727294921875 29.8182315826416 30.0179023742676 30.0375804901123 30.2543106079102 30.46923828125 30.5690479278564 31.1046257019043 31.6439170837402 31.7819385528564 31.936939239502 32.3587760925293
-9999 -9999 -9999 -9999 -9999 -9999 31.3441524505615 31.1083316802979 30.3820972442627 30.4533176422119 31.3396530151367 31.4439525604248 31.6015548706055 32.1512260437012 32.5849189758301 32.7529220581055 33.0149116516113 33.4387168884277 33.5167350769043 33.8423538208008 34.007999420166 34.2394065856934 34.3677215576172 34.4092483520508 34.4810791015625 34.528507232666 34.515209197998 34.5139083862305 34.5035400390625 34.4138832092285 34.3229904174805 34.281063079834 34.157829284668 33.9844627380371 33.8562889099121 33.5847091674805 33.1804122924805 32.7417335510254 32.0713310241699 31.4662590026855 30.8013076782227 30.0148429870605 29.6720657348633 29.511510848999 29.1434288024902 29.1373043060303 29.5100440979004 29.3857727050781 29.4909725189209 30.0891990661621 30.3165817260742 30.4093894958496 30.9558925628662 31.235481262207 31.4385623931885 31.7565765380859 32.0050621032715
-9999 -9999 -9999 -9999 -9999 -9999 31.3547134399414 31.0354633331299 30.8973293304443 30.9455890655518 31.1489849090576 31.6436290740967 31.8897686004639 31.8889007568359 32.6189651489258 32.7796592712402 32.7287139892578 33.1842041015625 33.2664070129395 33.4005088806152 33.7096900939941 33.8069305419922 34.1356506347656 34.2328109741211 34.2666282653809 34.3724632263184 34.3630561828613 34.3628616333008 34.3789100646973 34.2408447265625 34.2008171081543 34.114143371582 33.8362274169922 33.7595672607422 33.4846878051758 32.9035339355469 32.7104606628418 32.076286315918 31.1068668365479 30.8185844421387 30.1615600585938 29.2300510406494 29.053035736084 28.8365573883057 28.7857513427734 28.7985496520996 28.5777359008789 29.3995113372803 29.5738754272461 29.4747905731201 30.2104759216309 30.7522048950195 30.6038703918457 31.3046092987061 31.5099430084229 31.1460018157959 31.6493892669678
-9999 -9999 -9999 -9999 -9999 -9999 -9999 -9999 31.1388339996338 31.1730823516846 31.6317405700684 31.4600296020508 31.6791687011719 31.8437175750732 32.0730972290039 32.6296501159668 32.6251754760742 32.756103515625 32.7740440368652 33.380989074707 33.6039390563965 33.6958770751953 33.9338188171387 33.9722023010254 34.0228500366211 34.100456237793 34.2652435302734 34.2637748718262 34.1421203613281 34.0881538391113 34.034839630127 33.8276596069336 33.650764465332 33.5276756286621 33.2805099487305 32.7203369140625 32.3927345275879 32.0386505126953 30.6122360229492 30.3658542633057 29.5465908050537 28.6838912963867 28.535945892334 28.3377342224121 28.0780277252197 28.2377033233643 28.3712615966797 28.8232383728027 29.3216609954834 29.5252094268799 29.6758880615234 30.5118713378906 30.6528587341309 30.9008502960205 31.1975536346436 31.0265197753906 31.1992702484131
-9999 -9999 -9999 -9999 -9999 -9999 -9999 31.2796268463135 31.2728328704834 -9999 31.4468193054199 31.5271492004395 31.7310180664062 31.8602142333984 31.9358234405518 32.595329284668 32.596118927002 32.6520347595215 32.7297897338867 33.1914978027344 33.4390068054199 33.5773620605469 33.6334800720215 33.8610420227051 33.8886413574219 34.0219116210938 34.0828399658203 34.1164855957031 34.0929412841797 34.0121116638184 33.9151802062988 33.7617874145508 33.4926376342773 33.4007720947266 33.2125930786133 32.5782585144043 32.4243278503418 31.4224987030029 30.7579822540283 30.2128639221191 29.4457759857178 28.5771808624268 28.4464683532715 28.2490921020508 27.991626739502 27.9838695526123 28.28342628479 28.473726272583 28.7292613983154 29.500768661499 29.3193664550781 29.8464336395264 30.7890777587891 30.6310005187988 31.0573291778564 30.990270614624 30.826114654541
-9999 -9999 -9999 -9999 -9999 -9999 -9999 -9999 -9999 -9999 -9999 -9999 -9999 -9999 -9999 -9999 32.645622253418 32.9481430053711 33.0636711120605 33.2205047607422 33.350154876709 33.4951820373535 33.4384880065918 33.4797706604004 33.5164184570312 33.7644462585449 33.7815284729004 33.8047218322754 33.8393669128418 33.733081817627 33.6789054870605 33.4815216064453 33.2676200866699 33.1963233947754 32.7771835327148 32.6067276000977 32.4554252624512 31.5667629241943 31.1141948699951 30.4380664825439 29.5655117034912 29.1887321472168 28.7293281555176 28.6459884643555 28.2590866088867 28.2628650665283 28.3330192565918 28.4584941864014 28.7001628875732 -9999 -9999 -9999 -9999 30.6203556060791 31.0476169586182 31.0107364654541 30.9727344512939
-9999 -9999 -9999 -9999 -9999 -9999 -9999 -9999 -9999 -9999 -9999 -9999 -9999 -9999 -9999 -9999 -9999 32.9470520019531 33.1776084899902 32.979190826416 33.1175003051758 33.0867767333984 33.0985984802246 33.235408782959 33.2714881896973 33.3038215637207 33.5387077331543 33.5618362426758 33.4901809692383 33.5074310302734 33.4671745300293 33.3650817871094 33.196949005127 33.1502304077148 32.7072486877441 32.6005630493164 32.555908203125 31.7593898773193 31.2608394622803 30.3322162628174 29.733829498291 29.4678764343262 28.9275817871094 28.7883949279785 28.3947925567627 -9999 -9999 -9999 -9999 -9999 -9999 -9999 -9999 30.5670318603516 31.0195293426514 31.0208702087402 31.0216579437256
-9999 -9999 -9999 -9999 -9999 -9999 -9999 -9999 -9999 -9999 -9999 -9999 -9999 -9999 -9999 -9999 -9999 -9999 -9999 -9999 32.9936752319336 33.0126113891602 33.0164527893066 32.9731330871582 33.0428771972656 33.169563293457 33.2851867675781 33.3180618286133 33.3814163208008 33.302661895752 33.2529335021973 33.3290977478027 33.1709327697754 33.1351699829102 33.0598068237305 32.621898651123 32.5484466552734 31.8514137268066 31.5332546234131 30.5414943695068 29.8676624298096 29.6377143859863 29.0895614624023 28.9869956970215 -9999 -9999 -9999 -9999 -9999 -9999 -9999 -9999 -9999 -9999 -9999 31.0218982696533 31.0178489685059
-9999 -9999 -9999 -9999 -9999 -9999 -9999 -9999 -9999 -9999 -9999 -9999 -9999 -9999 -9999 -9999 -9999 -9999 -9999 -9999 -9999 32.9624671936035 32.9037895202637 32.8528480529785 32.9136581420898 32.862060546875 32.9476356506348 33.0067901611328 32.9190292358398 33.2774810791016 33.2426261901855 33.1597938537598 33.2928810119629 33.1277465820312 33.0777397155762 32.6012306213379 -9999 -9999 -9999 -9999 30.3675479888916 -9999 -9999 -9999 -9999 -9999 -9999 -9999 -9999 -9999 -9999 -9999 -9999 -9999 -9999 -9999 -9999
-9999 -9999 -9999 -9999 -9999 -9999 -9999 -9999 -9999 -9999 -9999 -9999 -9999 -9999 -9999 -9999 -9999 -9999 -9999 -9999 -9999 -9999 32.780029296875 32.5928497314453 32.5602340698242 32.697395324707 32.6184310913086 32.6434135437012 32.7601356506348 32.9780349731445 33.110897064209 33.0644378662109 33.0681838989258 32.9096069335938 32.6482810974121 -9999 -9999 -9999 -9999 -9999 -9999 -9999 -9999 -9999 -9999 -9999 -9999 -9999 -9999 -9999 -9999 -9999 -9999 -9999 -9999 -9999 -9999
-9999 -9999 -9999 -9999 -9999 -9999 -9999 -9999 -9999 -9999 -9999 -9999 -9999 -9999 -9999 -9999 -9999 -9999 -9999 -9999 -9999 -9999 -9999 32.5381813049316 32.5030517578125 32.601432800293 32.5391578674316 32.4899482727051 32.685848236084 32.792236328125 -9999 33.0366058349609 -9999 -9999 -9999 -9999 -9999 -9999 -9999 -9999 -9999 -9999 -9999 -9999 -9999 -9999 -9999 -9999 -9999 -9999 -9999 -9999 -9999 -9999 -9999 -9999 -9999
-9999 -9999 -9999 -9999 -9999 -9999 -9999 -9999 -9999 -9999 -9999 -9999 -9999 -9999 -9999 -9999 -9999 -9999 -9999 -9999 -9999 -9999 -9999 -9999 32.6243934631348 32.6893463134766 -9999 -9999 -9999 -9999 -9999 -9999 -9999 -9999 -9999 -9999 -9999 -9999 -9999 -9999 -9999 -9999 -9999 -9999 -9999 -9999 -9999 -9999 -9999 -9999 -9999 -9999 -9999 -9999 -9999 -9999 -9999
-9999 -9999 -9999 -9999 -9999 -9999 -9999 -9999 -9999 -9999 -9999 -9999 -9999 -9999 -9999 -9999 -9999 -9999 -9999 -9999 -9999 -9999 -9999 -9999 -9999 -9999 -9999 -9999 -9999 -9999 -9999 -9999 -9999 -9999 -9999 -9999 -9999 -9999 -9999 -9999 -9999 -9999 -9999 -9999 -9999 -9999 -9999 -9999 -9999 -9999 -9999 -9999 -9999 -9999 -9999 -9999 -9999
-9999 -9999 -9999 -9999 -9999 -9999 -9999 -9999 -9999 -9999 -9999 -9999 -9999 -9999 -9999 -9999 -9999 -9999 -9999 -9999 -9999 -9999 -9999 -9999 -9999 -9999 -9999 -9999 -9999 -9999 -9999 -9999 -9999 -9999 -9999 -9999 -9999 -9999 -9999 -9999 -9999 -9999 -9999 -9999 -9999 -9999 -9999 -9999 -9999 -9999 -9999 -9999 -9999 -9999 -9999 -9999 -9999
