G_variables/Set1/RCP8_2100/Sur_tem_min.asc
NCOLS 229 
NROWS 147 
XLLCORNER -101.25 
YLLCORNER 14.3333333333333 
CELLSIZE 0.0833333333333333 
NODATA_value -9999 
[rows 52 to 77 of 147, columns 114 to 170 of 229]
24.6789054870605 24.6666049957275 24.6521148681641 24.644157409668 24.6489276885986 24.6549015045166 24.6762828826904 24.701114654541 24.7273044586182 24.7597904205322 24.740608215332 24.7371501922607 24.7634124755859 24.7461910247803 24.7534103393555 24.76389503479 24.7655487060547 24.7577877044678 24.776252746582 24.7977504730225 24.8023490905762 24.8151721954346 24.7953414916992 24.7825508117676 24.7806148529053 24.763069152832 24.7476329803467 24.7207431793213 24.7090625762939 24.6842155456543 24.6483154296875 24.6104106903076 24.5543594360352 24.5503215789795 24.6189651489258 24.6657791137695 24.7038307189941 24.7267398834229 24.7593040466309 24.8245162963867 24.8493957519531 24.8698863983154 24.9341526031494 24.9488964080811 24.9768180847168 25.0863170623779 25.1272621154785 25.1906032562256 25.3357810974121 25.3980941772461 25.4704837799072 25.6927356719971 25.7369956970215 25.8229694366455 26.0550422668457 26.1117324829102 26.2509078979492
24.7017612457275 24.7025489807129 24.6837749481201 24.6644477844238 24.6734237670898 24.6868915557861 24.680248260498 24.7083187103271 24.729284286499 24.7418041229248 24.7480278015137 24.7602291107178 24.7481575012207 24.7769374847412 24.7787780761719 24.7701873779297 24.7960433959961 24.7863960266113 24.7846088409424 24.7954559326172 24.8019618988037 24.7946166992188 24.8039073944092 24.7837791442871 24.7838726043701 24.7823066711426 24.752571105957 24.7293643951416 24.7056541442871 24.6794109344482 24.6539249420166 24.6180591583252 24.5993099212646 24.5877304077148 24.6330261230469 24.658727645874 24.6923656463623 24.7068672180176 24.7728080749512 24.8004875183105 24.8117694854736 24.8761100769043 24.9007568359375 24.9064064025879 24.9986610412598 25.0480937957764 25.0904350280762 25.214376449585 25.2823963165283 25.3718318939209 25.5262355804443 25.6032104492188 25.7153453826904 25.8705787658691 25.9588375091553 26.0946655273438 26.3314819335938
24.714714050293 24.7066211700439 24.6979103088379 24.6811618804932 24.6864967346191 24.6954002380371 24.69846534729 24.7131824493408 24.7168025970459 24.7511329650879 24.7588291168213 24.7588481903076 24.763916015625 24.7720737457275 24.7695827484131 24.7841510772705 24.7907676696777 24.7902355194092 24.7895431518555 24.7879657745361 24.7857761383057 24.7876968383789 24.7864990234375 24.791524887085 24.7732486724854 24.7621402740479 24.7485466003418 24.7192211151123 24.7014617919922 24.6814613342285 24.6554775238037 24.6394424438477 24.6386184692383 24.6271343231201 24.6448059082031 24.6600303649902 24.7022399902344 24.7453937530518 24.7678108215332 24.8068370819092 24.8335285186768 24.8716678619385 24.9242668151855 24.9414386749268 24.9845447540283 25.0830707550049 25.1123485565186 25.1801605224609 25.3157596588135 25.3997211456299 25.4744396209717 25.6502246856689 25.7527656555176 25.7900543212891 26.0482158660889 26.1016826629639 26.223840713501
24.7817935943604 24.7633476257324 24.7555484771729 24.7385292053223 24.7383289337158 24.7378234863281 24.7620983123779 24.7683258056641 24.7706718444824 24.786096572876 24.7888469696045 24.7947216033936 24.823429107666 24.8092269897461 24.8071556091309 24.8089389801025 24.8147563934326 24.8112888336182 24.8080959320068 24.8036651611328 24.7920951843262 24.7804489135742 24.7860317230225 24.7748069763184 24.7626914978027 24.7480792999268 24.732234954834 24.7090396881104 24.6960277557373 24.6908950805664 24.6703643798828 24.6611671447754 24.6540374755859 24.6577911376953 24.6603679656982 24.6809902191162 24.7082805633545 24.7458686828613 24.784984588623 24.8329906463623 24.8582229614258 24.8827781677246 24.9392852783203 24.9659061431885 24.9976673126221 25.0830841064453 25.1250705718994 25.162425994873 25.3143329620361 25.3601989746094 25.442512512207 25.6100482940674 25.7104682922363 25.7612342834473 26.0204792022705 26.1417999267578 26.2158966064453
24.8017578125 24.7653255462646 24.7689456939697 24.7536792755127 24.7274742126465 24.7551116943359 24.7712898254395 24.7777652740479 24.7894725799561 24.7856578826904 24.8013458251953 24.8133506774902 24.8200950622559 24.8417072296143 24.8210277557373 24.8085441589355 24.8106269836426 24.8073425292969 24.8039054870605 24.8064937591553 24.7908630371094 24.7922840118408 24.7834358215332 24.7640056610107 24.7492828369141 24.7273826599121 24.7179470062256 24.7155914306641 24.6972160339355 24.6886692047119 24.6738586425781 24.644136428833 24.6675891876221 24.6650810241699 24.6532287597656 24.6924304962158 24.7316551208496 24.7396755218506 24.8091487884521 24.8337821960449 24.847864151001 24.9000339508057 24.9311580657959 24.9547824859619 25.0281448364258 25.059154510498 25.071891784668 25.217342376709 25.2707061767578 25.320613861084 25.469087600708 25.5731048583984 25.6345329284668 25.822093963623 25.910135269165 26.0141105651855 26.3113822937012
24.8090515136719 24.7954216003418 24.7922115325928 24.7698364257812 24.7704029083252 24.7735061645508 24.7954483032227 24.8031787872314 24.8003082275391 24.7992000579834 24.793851852417 24.808219909668 24.8238391876221 24.8292064666748 24.8388977050781 24.8003101348877 24.8046855926514 24.8012638092041 24.7966041564941 24.7997913360596 24.7888793945312 24.7861080169678 24.7763137817383 24.7618827819824 24.7392921447754 24.7237243652344 24.7206535339355 24.7042636871338 24.6992244720459 24.6913986206055 24.6826992034912 24.669002532959 24.6759967803955 24.6779689788818 24.6831550598145 24.7166271209717 24.7555236816406 24.7884120941162 24.8193092346191 24.8670597076416 24.8916511535645 24.9113483428955 24.96266746521 25.0090255737305 25.0299968719482 25.1139316558838 25.1354522705078 25.2064781188965 25.3176422119141 25.3899765014648 25.4372615814209 25.6209354400635 25.6778430938721 25.7662582397461 26.0126819610596 26.1093311309814 26.2433223724365
24.8522815704346 24.8369636535645 24.83229637146 24.8281517028809 24.8177433013916 24.8189830780029 24.8343296051025 24.8401546478271 24.8389625549316 24.8536148071289 24.8427238464355 24.8225536346436 24.8427314758301 24.8465156555176 24.8453998565674 24.8129291534424 24.8120403289795 24.8038921356201 24.79909324646 24.7994842529297 24.7911701202393 24.7801685333252 24.7812156677246 24.7634429931641 24.7372913360596 24.718656539917 24.7142696380615 24.7043552398682 24.7081394195557 24.7104606628418 24.7006607055664 24.6977100372314 24.7022457122803 24.7165508270264 24.7147445678711 24.7592163085938 24.8098754882812 24.8373680114746 24.8638515472412 24.9048099517822 24.9267463684082 24.9621810913086 24.9966354370117 25.0447635650635 25.0965785980225 25.1258926391602 25.2047653198242 25.2613677978516 25.3394508361816 25.4215221405029 25.4682064056396 25.6299591064453 25.7139835357666 25.7810554504395 26.053150177002 26.115550994873 26.3062057495117
24.8711032867432 24.8379917144775 24.8438777923584 24.8425140380859 24.847806930542 24.8403739929199 24.8430213928223 24.867000579834 24.8591060638428 24.8582057952881 24.8686809539795 24.8540420532227 24.8423900604248 24.8568782806396 24.8315010070801 24.8336753845215 24.8128833770752 24.8083038330078 24.8043270111084 24.8054389953613 24.7913455963135 24.7839298248291 24.7776660919189 24.7628116607666 24.738037109375 24.6887321472168 24.6817455291748 24.6997909545898 24.6909866333008 24.7088203430176 24.7090110778809 24.6882724761963 24.716100692749 24.7263832092285 24.731559753418 24.780403137207 24.8216247558594 24.8606662750244 24.8791446685791 24.9218082427979 24.9784545898438 24.9938316345215 25.0172023773193 25.0801010131836 25.1076831817627 25.1765613555908 25.2164535522461 25.2748832702637 25.3551006317139 25.4541759490967 25.54026222229 25.5999393463135 25.6698398590088 25.8773555755615 25.9848117828369 26.0971546173096 26.4400100708008
24.8731746673584 24.862850189209 24.8548717498779 24.8524055480957 24.853271484375 24.8582458496094 24.8600254058838 24.865592956543 24.8653335571289 24.8693046569824 24.8741855621338 24.869592666626 24.8646812438965 24.842472076416 24.8401069641113 24.8331165313721 24.8299961090088 24.8153057098389 24.8044414520264 24.8129711151123 24.8091239929199 24.7970867156982 24.7871742248535 24.7754726409912 24.7510528564453 24.7198123931885 24.7108211517334 24.7231063842773 24.7249965667725 24.7275714874268 24.7400722503662 24.7365169525146 24.7339210510254 24.7581520080566 24.7887325286865 24.8101234436035 24.8396320343018 24.8678112030029 24.9068145751953 24.9348049163818 24.9916515350342 25.0152130126953 -9999 -9999 25.1302299499512 25.2038822174072 25.2619934082031 25.3440265655518 25.3973693847656 25.4679393768311 25.5560626983643 25.6549129486084 25.708381652832 25.8336429595947 26.1278438568115 26.260066986084 26.36767578125
24.9242458343506 24.8970623016357 24.8887310028076 24.8858127593994 24.8884086608887 24.8906021118164 24.9050121307373 24.8972034454346 24.8986530303955 24.8979053497314 24.9001808166504 24.8874378204346 24.890588760376 24.8865795135498 24.8470401763916 24.8366527557373 24.8286361694336 24.8137474060059 24.8036804199219 24.8196067810059 24.8206996917725 24.8163604736328 24.806324005127 24.7954788208008 24.7782707214355 24.7675495147705 24.7578659057617 24.7635116577148 24.7652969360352 24.7694416046143 24.7693061828613 24.776086807251 24.77516746521 24.7972393035889 24.8307266235352 24.8493881225586 24.8751945495605 24.8990936279297 -9999 -9999 -9999 -9999 -9999 -9999 -9999 -9999 -9999 -9999 -9999 -9999 25.614221572876 25.6967830657959 25.8593101501465 25.9456176757812 26.1361389160156 26.3575744628906 -9999
24.9409980773926 24.8855018615723 24.8960189819336 24.8935470581055 24.8873977661133 24.9028301239014 24.9080848693848 24.9246292114258 24.9179019927979 24.9126758575439 24.9122467041016 24.8972206115723 24.899076461792 24.8859786987305 24.8787727355957 24.8397102355957 24.8257427215576 24.8265552520752 24.826868057251 24.8170318603516 24.8366565704346 24.8361301422119 24.8272228240967 24.81005859375 24.797981262207 24.8185386657715 24.7901821136475 24.7991847991943 24.828971862793 24.7939739227295 24.7929763793945 24.8247451782227 24.7845420837402 24.8018970489502 24.8971500396729 -9999 -9999 -9999 -9999 -9999 -9999 -9999 -9999 -9999 -9999 -9999 -9999 -9999 -9999 -9999 -9999 -9999 -9999 -9999 -9999 -9999 -9999
24.942590713501 24.9285869598389 24.9223594665527 24.9004802703857 24.900016784668 24.9067974090576 24.9183216094971 24.9157199859619 24.9214401245117 24.9253787994385 24.9194202423096 24.9070129394531 24.9023685455322 24.8940048217773 24.8869228363037 24.8446063995361 24.8374176025391 24.8337001800537 24.8447380065918 24.828950881958 24.8378772735596 24.8466854095459 24.8325576782227 24.8190059661865 24.8090591430664 24.8162498474121 24.8171329498291 24.8156986236572 -9999 -9999 -9999 -9999 -9999 -9999 -9999 -9999 -9999 -9999 -9999 -9999 -9999 -9999 -9999 -9999 -9999 -9999 -9999 -9999 -9999 -9999 -9999 -9999 -9999 -9999 -9999 -9999 -9999
24.9766578674316 24.9539051055908 24.9485855102539 24.9420185089111 24.922679901123 24.9268436431885 24.9210243225098 24.9272422790527 24.9310703277588 24.9327735900879 24.9372539520264 24.9261417388916 24.9072608947754 24.8841381072998 24.8722438812256 24.8275661468506 24.8206939697266 24.8239212036133 24.8145008087158 24.8170146942139 24.8375244140625 24.8437519073486 24.8282165527344 -9999 -9999 -9999 -9999 -9999 -9999 -9999 -9999 -9999 -9999 -9999 -9999 -9999 -9999 -9999 -9999 -9999 -9999 -9999 -9999 -9999 -9999 -9999 -9999 -9999 -9999 -9999 -9999 -9999 -9999 -9999 -9999 -9999 -9999
25.0029945373535 24.9533271789551 24.955545425415 24.950984954834 24.9060001373291 24.9257488250732 24.9217529296875 24.9358386993408 24.9337501525879 24.9294776916504 24.9454288482666 24.924783706665 24.8987865447998 24.9066963195801 24.8552131652832 24.8386650085449 24.8280029296875 24.8024215698242 24.8116645812988 24.8185901641846 24.8214015960693 -9999 -9999 -9999 -9999 -9999 -9999 -9999 -9999 -9999 -9999 -9999 -9999 -9999 -9999 -9999 -9999 -9999 -9999 -9999 -9999 -9999 -9999 -9999 -9999 -9999 -9999 -9999 -9999 -9999 -9999 -9999 -9999 -9999 -9999 -9999 -9999
25.0064373016357 24.9938564300537 24.9725894927979 24.9293613433838 24.927619934082 24.928674697876 24.9257717132568 24.9266242980957 24.9312229156494 24.9204578399658 24.9154663085938 24.9280166625977 24.8767032623291 24.8645648956299 24.8505172729492 24.8300724029541 24.8195514678955 24.7894077301025 -9999 -9999 -9999 -9999 -9999 -9999 -9999 -9999 -9999 -9999 -9999 -9999 -9999 -9999 -9999 -9999 -9999 -9999 -9999 -9999 -9999 -9999 -9999 -9999 -9999 -9999 -9999 -9999 -9999 -9999 -9999 -9999 -9999 -9999 -9999 -9999 -9999 -9999 -9999
25.0387306213379 25.0244960784912 25.0118827819824 24.9555435180664 24.9481086730957 24.9456577301025 24.9514560699463 24.9502582550049 24.9396877288818 24.9271755218506 24.9257164001465 24.9245567321777 24.8585872650146 24.8413791656494 24.8180980682373 24.798168182373 24.7803802490234 -9999 -9999 -9999 -9999 -9999 -9999 -9999 -9999 -9999 -9999 -9999 -9999 -9999 -9999 -9999 -9999 -9999 -9999 -9999 -9999 -9999 -9999 -9999 -9999 -9999 -9999 -9999 -9999 -9999 -9999 -9999 -9999 -9999 -9999 -9999 -9999 -9999 -9999 -9999 -9999
25.0397682189941 24.9932823181152 24.995059967041 24.9614276885986 24.9397277832031 24.9514045715332 24.9516487121582 24.960844039917 24.9433174133301 24.9328994750977 24.9690780639648 24.8880844116211 24.8548030853271 24.7939395904541 24.8054676055908 24.781322479248 24.7187194824219 -9999 -9999 -9999 -9999 -9999 -9999 -9999 -9999 -9999 -9999 -9999 -9999 -9999 -9999 -9999 -9999 -9999 -9999 -9999 -9999 -9999 -9999 -9999 -9999 -9999 -9999 -9999 -9999 -9999 -9999 -9999 -9999 -9999 -9999 -9999 -9999 -9999 -9999 -9999 -9999
25.042797088623 25.02317237854 25.0066184997559 24.9794692993164 24.9595794677734 24.9564304351807 24.9499912261963 24.9488945007324 24.949182510376 24.9134559631348 24.920051574707 24.9177417755127 24.836332321167 24.8188819885254 24.8027267456055 24.7989864349365 24.7826881408691 -9999 -9999 -9999 -9999 -9999 -9999 -9999 -9999 -9999 -9999 -9999 -9999 -9999 -9999 -9999 -9999 -9999 -9999 -9999 -9999 -9999 -9999 -9999 -9999 -9999 -9999 -9999 -9999 -9999 -9999 -9999 -9999 -9999 -9999 -9999 -9999 -9999 -9999 -9999 -9999
25.0806732177734 25.0605621337891 25.0387840270996 25.0188179016113 25.0000782012939 24.9920616149902 24.9818534851074 24.9495620727539 24.9382362365723 24.9193782806396 24.8977470397949 24.8972568511963 24.8413791656494 24.7987365722656 24.8109798431396 24.7906112670898 -9999 -9999 -9999 -9999 -9999 -9999 -9999 -9999 -9999 -9999 -9999 -9999 -9999 -9999 -9999 -9999 -9999 -9999 -9999 -9999 -9999 -9999 -9999 -9999 -9999 -9999 -9999 -9999 -9999 -9999 -9999 -9999 -9999 -9999 -9999 -9999 -9999 -9999 -9999 -9999 28.4155464172363
25.1102027893066 25.0523338317871 25.0427227020264 25.0288772583008 25.0014209747314 24.9915657043457 24.9775676727295 24.9782829284668 24.9414806365967 24.9144287109375 24.9190444946289 24.8816928863525 24.8437538146973 24.7928256988525 24.8060493469238 24.7963466644287 -9999 -9999 -9999 -9999 -9999 -9999 -9999 -9999 -9999 -9999 -9999 -9999 -9999 -9999 -9999 -9999 -9999 -9999 -9999 -9999 -9999 -9999 -9999 -9999 -9999 -9999 -9999 -9999 -9999 -9999 -9999 -9999 -9999 -9999 -9999 -9999 -9999 -9999 -9999 28.4254875183105 28.4482135772705
25.1212558746338 25.1011180877686 25.0630722045898 25.0325546264648 25.019474029541 25.0024814605713 24.9640121459961 24.9478511810303 24.9363632202148 24.8916873931885 24.8853931427002 24.8797588348389 24.8434467315674 24.8176441192627 24.815034866333 -9999 -9999 -9999 -9999 -9999 -9999 -9999 -9999 -9999 -9999 -9999 -9999 -9999 -9999 -9999 -9999 -9999 -9999 -9999 -9999 -9999 -9999 -9999 -9999 -9999 -9999 -9999 -9999 -9999 -9999 -9999 -9999 -9999 -9999 -9999 -9999 -9999 -9999 -9999 28.4327354431152 28.4627075195312 28.4822044372559
25.1767578125 25.1471309661865 25.1312389373779 25.0807933807373 25.0643539428711 25.0240497589111 24.9750537872314 24.9275360107422 24.9070644378662 24.8593864440918 24.8774700164795 24.8792839050293 24.8407897949219 24.8379592895508 24.8438606262207 24.8209629058838 -9999 -9999 -9999 -9999 -9999 -9999 -9999 -9999 -9999 -9999 -9999 -9999 -9999 -9999 -9999 -9999 -9999 -9999 -9999 -9999 -9999 -9999 -9999 -9999 -9999 -9999 -9999 -9999 -9999 -9999 -9999 -9999 -9999 -9999 -9999 -9999 -9999 28.45876121521 28.4699420928955 28.4759998321533 28.5092716217041
25.1953182220459 25.1487808227539 25.1314716339111 25.1021595001221 25.0880794525146 25.0283336639404 24.9865417480469 24.9577236175537 24.9028415679932 24.8995208740234 24.8773708343506 24.8676643371582 24.8594131469727 24.8188419342041 24.8479347229004 -9999 -9999 -9999 -9999 -9999 -9999 -9999 -9999 -9999 -9999 -9999 -9999 -9999 -9999 -9999 -9999 -9999 -9999 -9999 -9999 -9999 -9999 -9999 -9999 -9999 -9999 -9999 -9999 -9999 -9999 -9999 -9999 -9999 -9999 -9999 -9999 -9999 -9999 28.4425582885742 28.470386505127 28.467830657959 28.503568649292
25.2068557739258 25.1818084716797 25.165470123291 25.1122627258301 25.0796165466309 25.0483341217041 24.9992523193359 24.9706974029541 24.9477386474609 24.9133586883545 24.8880672454834 24.8986873626709 24.8647727966309 24.8520050048828 24.8547763824463 -9999 -9999 -9999 -9999 -9999 -9999 -9999 -9999 -9999 -9999 -9999 -9999 -9999 -9999 -9999 -9999 -9999 -9999 -9999 -9999 -9999 -9999 -9999 -9999 -9999 -9999 -9999 -9999 -9999 -9999 -9999 -9999 -9999 -9999 -9999 -9999 28.3653888702393 28.3812732696533 28.4392585754395 28.48362159729 28.4982013702393 28.5052089691162
25.2783546447754 25.2590885162354 25.2240905761719 25.1651401519775 25.1169166564941 25.0888900756836 25.0204048156738 24.9933185577393 24.9806289672852 24.9286365509033 24.916748046875 24.8946113586426 24.895227432251 24.8982906341553 24.9085083007812 -9999 -9999 -9999 -9999 -9999 -9999 -9999 -9999 -9999 -9999 -9999 -9999 -9999 -9999 -9999 -9999 -9999 -9999 -9999 -9999 -9999 -9999 -9999 -9999 -9999 -9999 -9999 -9999 -9999 -9999 -9999 -9999 -9999 -9999 -9999 -9999 28.3581829071045 28.3767833709717 28.4458808898926 28.488862991333 28.5033016204834 28.5329570770264
25.3059387207031 25.2713184356689 25.2270908355713 25.1952075958252 25.1764507293701 25.0863018035889 25.0399799346924 24.9745140075684 24.9713535308838 24.9513492584229 24.8935317993164 24.8967590332031 24.9104251861572 24.8967666625977 24.9213275909424 -9999 -9999 -9999 -9999 -9999 -9999 -9999 -9999 -9999 -9999 -9999 -9999 -9999 -9999 -9999 -9999 -9999 -9999 -9999 -9999 -9999 -9999 -9999 -9999 -9999 -9999 -9999 -9999 -9999 -9999 -9999 -9999 -9999 -9999 -9999 -9999 28.3395004272461 28.3911190032959 28.4240779876709 28.491361618042 28.5377082824707 28.5518760681152
