G_variables/Set1/RCP2_2100/Min_tem_max.asc
NCOLS 229 
NROWS 147 
XLLCORNER -101.25 
YLLCORNER 14.3333333333333 
CELLSIZE 0.0833333333333333 
NODATA_value -9999 
[rows 104 to 129 of 147, columns 171 to 227 of 229]
3.71789503097534 3.64559292793274 3.60989356040955 3.60992741584778 3.61001348495483 3.61007976531982 3.64610290527344 3.71123957633972 3.73897480964661 3.80559277534485 3.8392641544342 3.82569074630737 4.26531457901001 4.19919586181641 3.70972180366516 3.7189953327179 3.71707558631897 3.72217273712158 3.72398996353149 3.53447031974792 3.60860419273376 3.69955539703369 3.64271831512451 3.50157737731934 3.48810887336731 3.49329495429993 3.49320292472839 3.49975967407227 3.49326872825623 3.49325132369995 3.46125340461731 3.46336436271667 3.49224495887756 3.46195220947266 2.82414746284485 2.84906625747681 2.1731870174408 2.17802739143372 2.84715294837952 3.69953870773315 3.64513254165649 3.49321246147156 3.52747201919556 3.49080872535706 3.49064302444458 3.46054625511169 2.63323569297791 3.49723315238953 3.53024077415466 3.52725839614868 3.60874271392822 3.53107690811157 3.60977339744568 3.58677053451538 3.52200078964233 3.64616918563843 -9999
3.71913456916809 3.6451096534729 3.64546251296997 3.6466817855835 3.60972428321838 3.60976099967957 3.6100480556488 3.76394414901733 3.88944411277771 3.8894259929657 3.86379098892212 3.74061012268066 3.60918474197388 3.7170774936676 3.74070978164673 3.723872423172 3.58777284622192 3.52998018264771 3.52966403961182 3.52698397636414 3.71680808067322 3.70093154907227 3.60905647277832 3.50157809257507 3.49329948425293 3.49324727058411 3.49406862258911 3.49447107315063 3.48738479614258 3.49334287643433 3.46161317825317 3.46196436882019 3.46232008934021 2.85141158103943 2.8455491065979 3.46060705184937 2.8078601360321 2.69638466835022 2.59181475639343 2.83927607536316 3.48605394363403 2.94639110565186 3.52648997306824 3.4605541229248 2.81320524215698 2.32162523269653 1.93538498878479 3.46072769165039 3.4856104850769 2.84837198257446 3.49075222015381 2.63991165161133 3.46175456047058 3.52245545387268 3.52772998809814 3.5891010761261 3.71626830101013
3.70212697982788 3.64829468727112 3.64609956741333 3.71880650520325 3.71911358833313 3.72043371200562 3.68314123153687 3.72952032089233 3.86375451087952 3.8636474609375 3.88973164558411 3.60885667800903 3.60886168479919 3.71895051002502 3.89024782180786 3.71372747421265 3.53717017173767 3.53348541259766 3.5290470123291 3.52796268463135 3.54550695419312 3.52922105789185 3.50157880783081 3.50157833099365 3.49635291099548 3.50213122367859 3.49324989318848 3.49326300621033 3.46128416061401 3.46125411987305 3.46133971214294 3.46195578575134 3.46132111549377 3.4606294631958 3.46062159538269 3.46108365058899 2.80862402915955 2.80908966064453 2.63264679908752 2.58223152160645 1.95035576820374 1.97892725467682 2.83927464485168 2.64895129203796 1.93575727939606 1.94645893573761 1.94269621372223 2.26487898826599 2.59823036193848 1.92639887332916 1.93392097949982 2.60108757019043 3.04296779632568 3.48946189880371 3.48945736885071 3.51979160308838 3.54847407341003
3.71790552139282 3.64594888687134 3.64594841003418 3.70208048820496 3.71135902404785 3.7112762928009 3.71137022972107 3.71130800247192 3.70833230018616 3.6473708152771 3.64747047424316 3.54573631286621 3.61010670661926 3.61417412757874 3.53553152084351 3.53032279014587 3.53045177459717 3.53157210350037 3.52792310714722 3.5299859046936 3.52741694450378 3.50157856941223 3.49322462081909 3.49319934844971 3.49325609207153 3.49335837364197 3.48780536651611 3.49186611175537 3.46600389480591 3.46278548240662 3.46130061149597 3.46092510223389 3.46048545837402 3.46118640899658 3.52657675743103 3.61222696304321 3.58870601654053 3.53229975700378 3.52749848365784 3.49040150642395 2.90946507453918 2.62291169166565 3.46169638633728 2.17032790184021 1.92418849468231 1.92462730407715 1.92422759532928 1.92377400398254 1.92618548870087 2.79641103744507 3.5328905582428 3.71355819702148 3.64627814292908 3.72103881835938 3.75919914245605 3.70456147193909 3.75886344909668
3.71793675422668 3.71790528297424 3.70227003097534 3.64771437644958 3.64776849746704 3.64773416519165 3.64657998085022 3.60986924171448 3.59132051467896 3.58952879905701 3.53802680969238 3.53643584251404 3.61109113693237 3.61084914207458 3.53623580932617 3.55002951622009 3.53017544746399 3.52667927742004 3.53044080734253 3.531574010849 3.52536797523499 3.50157809257507 3.49322557449341 3.48811268806458 3.49295020103455 3.49295091629028 3.4885139465332 3.48680281639099 3.49990367889404 3.46061372756958 3.48680472373962 3.52695155143738 3.52782344818115 3.53250622749329 3.73437476158142 3.70947098731995 3.84215807914734 4.02972173690796 4.20937442779541 3.71628665924072 3.70468354225159 3.74167227745056 3.75437235832214 3.53164505958557 3.4615740776062 1.92384243011475 3.10892510414124 3.52698922157288 3.71387934684753 3.74532628059387 3.76030230522156 3.76002478599548 3.74196028709412 3.74235773086548 -9999 -9999 -9999
3.72077965736389 3.71757626533508 3.71800661087036 3.71566581726074 3.71803665161133 3.71801590919495 3.64825534820557 3.64800763130188 3.59173655509949 3.58995413780212 3.53933763504028 3.53657007217407 3.61095833778381 3.6108832359314 3.53861331939697 3.53022861480713 3.52992844581604 3.54933309555054 3.54942274093628 3.48810863494873 3.50157594680786 3.4932267665863 3.49292349815369 3.49869012832642 3.48780918121338 3.49195528030396 3.49990272521973 3.49190425872803 3.49990367889404 3.53293371200562 3.70133948326111 3.71652626991272 3.73074007034302 4.02446126937866 5.19817113876343 29.2729339599609 30.0601634979248 30.0632991790771 14.8263216018677 4.61385583877563 4.16517066955566 3.82660436630249 3.70377397537231 3.71430993080139 3.64795017242432 3.71930336952209 3.70538401603699 3.6896960735321 3.74225258827209 3.83251476287842 3.8529851436615 3.83234024047852 -9999 -9999 -9999 -9999 -9999
3.72232246398926 3.71988797187805 3.71922016143799 3.71919012069702 3.71803426742554 3.71801233291626 3.64827275276184 3.64773511886597 3.59168529510498 3.53679919242859 3.53533315658569 3.53027009963989 3.53059244155884 3.53062152862549 3.52640986442566 3.52746868133545 3.5269136428833 3.54944896697998 3.54911327362061 3.48811054229736 3.49292612075806 3.49270915985107 3.49282598495483 3.49354815483093 3.49192380905151 3.49204540252686 3.53236055374146 3.59077858924866 3.64870262145996 3.69267225265503 3.73190331459045 4.02133941650391 4.67869710922241 10.5472869873047 29.2589721679688 30.0479774475098 30.0757026672363 30.0691204071045 15.889458656311 5.40420055389404 4.48497724533081 4.21134662628174 3.84509086608887 3.84633302688599 3.87472176551819 4.11553239822388 4.21828556060791 4.04500150680542 3.90501165390015 -9999 -9999 -9999 -9999 -9999 -9999 -9999 -9999
3.72235250473022 3.71947169303894 3.70981669425964 3.71183466911316 3.71804642677307 3.70376038551331 3.64829730987549 3.6116259098053 3.58984351158142 3.53631639480591 3.53563714027405 3.55007743835449 3.53046941757202 3.53032612800598 3.52702260017395 3.52733254432678 3.52542543411255 3.52729678153992 3.50127124786377 3.49291062355042 3.49292159080505 3.49469113349915 3.49174094200134 3.49793577194214 3.5291473865509 3.65052556991577 3.71538281440735 3.72056770324707 3.74068856239319 3.74322462081909 3.86639714241028 4.02106618881226 4.60769701004028 5.19061946868896 4.96928405761719 4.67786741256714 4.52068662643433 4.29525661468506 4.48294639587402 4.8879828453064 4.29897212982178 4.03275060653687 4.03318119049072 4.03920459747314 3.96064829826355 4.21767282485962 -9999 -9999 -9999 -9999 -9999 -9999 -9999 -9999 -9999 -9999 -9999
3.72242093086243 3.7215051651001 3.71929955482483 3.71941590309143 3.7181441783905 3.65033435821533 3.64931130409241 3.5938024520874 3.58958292007446 3.5370569229126 3.53513407707214 3.55003261566162 3.53048133850098 3.53227591514587 3.52848744392395 3.52729868888855 3.50127482414246 3.49291324615479 3.49290490150452 3.49331116676331 3.52734041213989 3.52784538269043 3.53539419174194 3.64980125427246 3.72552967071533 3.72654986381531 3.73955512046814 3.72806239128113 3.7026629447937 3.71172475814819 3.74077343940735 3.74247646331787 3.74360013008118 4.02233028411865 4.35008096694946 4.52341461181641 4.48135709762573 4.10186815261841 4.03103017807007 3.82751154899597 3.84464526176453 3.94587421417236 4.17108678817749 4.21865749359131 -9999 -9999 -9999 -9999 -9999 -9999 -9999 -9999 -9999 -9999 -9999 -9999 -9999
3.71189045906067 3.71181058883667 3.7181670665741 3.64974451065063 3.65051937103271 3.64956068992615 3.64917874336243 3.59345269203186 3.53680777549744 3.53501725196838 3.53237247467041 3.53067874908447 3.53207778930664 3.52762651443481 3.48781085014343 3.49292016029358 3.49282598495483 3.49269413948059 3.49291038513184 3.52967000007629 3.61383438110352 3.72113823890686 3.72410249710083 3.72616291046143 3.7260377407074 3.73825907707214 3.71220374107361 3.71686840057373 3.73391628265381 3.68702411651611 4.08977508544922 4.02123212814331 4.26085042953491 6.26661157608032 6.81489706039429 4.96554183959961 4.35867691040039 4.1632833480835 4.03087854385376 3.94505786895752 4.21699190139771 -9999 -9999 -9999 -9999 -9999 -9999 -9999 -9999 -9999 -9999 -9999 -9999 -9999 -9999 -9999 -9999
3.71186900138855 3.71196055412292 3.71819877624512 3.7181384563446 3.64971733093262 3.65027165412903 3.61451053619385 3.59119439125061 3.53626465797424 3.53235602378845 3.52862787246704 3.52829384803772 3.53071284294128 3.48780655860901 3.49291777610779 3.49290037155151 3.4928412437439 3.50127506256104 3.59240126609802 3.65046215057373 3.71956205368042 3.73399710655212 3.73841214179993 3.72460126876831 3.73831701278687 3.73382592201233 3.95412755012512 3.89345169067383 4.46997880935669 4.87220239639282 4.96523237228394 5.71945714950562 4.96411800384521 4.96499156951904 4.47902345657349 4.29406595230103 4.2689414024353 4.29498720169067 4.10192537307739 -9999 -9999 -9999 -9999 -9999 -9999 -9999 -9999 -9999 -9999 -9999 -9999 -9999 -9999 -9999 -9999 -9999 -9999
3.71192312240601 3.71959137916565 3.72185564041138 3.71797776222229 3.65160632133484 3.65174508094788 3.61945390701294 3.53643441200256 3.53259372711182 3.53442215919495 3.53034162521362 3.50127482414246 3.49292182922363 3.49291634559631 3.49275422096252 3.49609756469727 3.49297213554382 3.54846262931824 3.6504909992218 3.72297239303589 3.72187447547913 3.72270488739014 3.71299958229065 3.74254441261292 3.89529967308044 4.1942458152771 4.26026821136475 4.96120452880859 5.17703199386597 5.52714872360229 5.18507051467896 5.11509609222412 4.47713327407837 4.20377635955811 4.29170894622803 4.67287826538086 -9999 -9999 -9999 -9999 -9999 -9999 -9999 -9999 -9999 -9999 -9999 -9999 -9999 -9999 -9999 -9999 -9999 -9999 -9999 -9999 -9999
3.71191263198853 3.71953701972961 3.71958994865417 3.72008156776428 3.65195155143738 3.61702513694763 3.59259343147278 3.535236120224 3.53597021102905 3.53096342086792 3.53010964393616 3.49288988113403 3.49308156967163 3.48708605766296 3.50127458572388 3.65259504318237 3.72627544403076 3.72193002700806 3.89650845527649 4.26191854476929 3.95636510848999 4.01934242248535 4.15057134628296 4.02023220062256 4.28491306304932 4.47336721420288 4.62940502166748 4.96080875396729 5.36230850219727 5.18480825424194 4.67166805267334 4.47724294662476 4.20328950881958 -9999 -9999 -9999 -9999 -9999 -9999 -9999 -9999 -9999 -9999 -9999 -9999 -9999 -9999 -9999 -9999 -9999 -9999 -9999 -9999 -9999 -9999 -9999 -9999
3.72047662734985 3.71968936920166 3.71826481819153 3.71841645240784 3.65137004852295 3.6184024810791 3.5366575717926 3.5352246761322 3.53047370910645 3.49487352371216 3.49299073219299 3.46394276618958 3.53647470474243 3.7171425819397 3.81283617019653 4.87087106704712 5.16682624816895 4.80151844024658 5.62428045272827 7.46556568145752 6.73020458221436 5.8193244934082 5.82087516784668 4.95807695388794 4.86891841888428 4.67047548294067 4.47278547286987 4.47492027282715 4.26605319976807 4.26672601699829 4.15570974349976 -9999 -9999 -9999 -9999 -9999 -9999 -9999 -9999 -9999 -9999 -9999 -9999 -9999 -9999 -9999 -9999 -9999 -9999 -9999 -9999 -9999 -9999 -9999 -9999 -9999 -9999
3.71957564353943 3.71882295608521 3.6532883644104 3.65259146690369 3.60440373420715 3.53529143333435 3.53026676177979 3.49302101135254 2.82742619514465 3.53399324417114 3.7186803817749 4.02339792251587 4.95682907104492 5.37331676483154 6.19950580596924 6.19836664199829 5.8228645324707 4.86830854415894 5.81352138519287 7.44849634170532 6.73073101043701 5.62542915344238 5.81885099411011 5.36002969741821 4.96024036407471 5.16689729690552 4.95966005325317 4.35372877120972 -9999 -9999 -9999 -9999 -9999 -9999 -9999 -9999 -9999 -9999 -9999 -9999 -9999 -9999 -9999 -9999 -9999 -9999 -9999 -9999 -9999 -9999 -9999 -9999 -9999 -9999 -9999 -9999 -9999
3.71973013877869 3.65317916870117 3.60593724250793 3.59255027770996 3.59257531166077 3.59427905082703 3.53628540039062 3.65327072143555 3.72500562667847 4.47468376159668 5.10923671722412 5.04340600967407 5.83928108215332 5.42891359329224 6.75110816955566 7.51240682601929 6.74112033843994 6.2094669342041 6.7536678314209 7.49720621109009 6.21966886520386 6.72757339477539 5.36442232131958 5.17510080337524 4.47333383560181 4.96003580093384 -9999 -9999 -9999 -9999 -9999 -9999 -9999 -9999 -9999 -9999 -9999 -9999 -9999 -9999 -9999 -9999 -9999 -9999 -9999 -9999 -9999 -9999 -9999 -9999 -9999 -9999 -9999 -9999 -9999 -9999 -9999
3.71846795082092 3.61815094947815 3.65419411659241 3.70096206665039 3.72273421287537 3.69204068183899 3.73568964004517 4.10176515579224 5.55571556091309 8.48006725311279 7.56343936920166 7.50117635726929 29.367883682251 30.2860546112061 30.2704734802246 30.2025527954102 6.21329927444458 6.21812772750854 8.46794128417969 9.11614799499512 9.19009590148926 9.14398002624512 5.63533401489258 -9999 -9999 -9999 -9999 -9999 -9999 -9999 -9999 -9999 -9999 -9999 -9999 -9999 -9999 -9999 -9999 -9999 -9999 -9999 -9999 -9999 -9999 -9999 -9999 -9999 -9999 -9999 -9999 -9999 -9999 -9999 -9999 -9999 -9999
3.71776843070984 3.61792826652527 3.65449237823486 3.7225661277771 3.94660949707031 6.2568998336792 29.9519653320312 30.3466110229492 30.3574123382568 30.3498229980469 30.3244380950928 24.7406921386719 30.3143920898438 30.3041858673096 30.2999725341797 24.7463493347168 6.75621557235718 6.21212148666382 5.66793012619019 5.41684341430664 -9999 -9999 -9999 -9999 -9999 -9999 -9999 -9999 -9999 -9999 -9999 -9999 -9999 -9999 -9999 -9999 -9999 -9999 -9999 -9999 -9999 -9999 -9999 -9999 -9999 -9999 -9999 -9999 -9999 -9999 -9999 -9999 -9999 -9999 -9999 -9999 -9999
3.74430108070374 3.77336478233337 3.71139669418335 3.79366493225098 30.3170948028564 30.4051456451416 30.4001216888428 30.4057350158691 30.3882751464844 30.357120513916 30.3797721862793 23.8976192474365 30.3290824890137 30.3251647949219 19.2227687835693 9.2236385345459 6.7854528427124 5.6776065826416 5.41596221923828 5.41650772094727 -9999 -9999 -9999 -9999 -9999 -9999 -9999 -9999 -9999 -9999 -9999 -9999 -9999 -9999 -9999 -9999 -9999 -9999 -9999 -9999 -9999 -9999 -9999 -9999 -9999 -9999 -9999 -9999 -9999 -9999 -9999 -9999 -9999 -9999 -9999 -9999 -9999
4.48669195175171 4.03892135620117 4.4839563369751 11.7727108001709 30.4511890411377 30.4380340576172 30.4318752288818 9.34003639221191 7.62688207626343 4.9737663269043 4.96942329406738 4.88316440582275 5.3895468711853 6.24161100387573 8.39237976074219 17.2640151977539 17.2308006286621 7.54004144668579 5.4220724105835 -9999 -9999 -9999 -9999 -9999 -9999 -9999 -9999 -9999 -9999 -9999 -9999 -9999 -9999 -9999 -9999 -9999 -9999 -9999 -9999 -9999 -9999 -9999 -9999 -9999 -9999 -9999 -9999 -9999 -9999 -9999 -9999 -9999 -9999 -9999 -9999 -9999 -9999
6.9867115020752 10.551323890686 17.3489532470703 14.2530651092529 30.1332626342773 8.59177112579346 5.19778156280518 5.12110090255737 5.40494060516357 5.45673942565918 7.60788869857788 19.275484085083 29.7930450439453 29.655517578125 29.4044437408447 30.1494598388672 29.3882865905762 29.0504455566406 -9999 -9999 -9999 -9999 -9999 -9999 -9999 -9999 -9999 -9999 -9999 -9999 -9999 -9999 -9999 -9999 -9999 -9999 -9999 -9999 -9999 -9999 -9999 -9999 -9999 -9999 -9999 -9999 -9999 -9999 -9999 -9999 -9999 -9999 -9999 -9999 -9999 -9999 -9999
30.4974460601807 30.476770401001 27.6204090118408 10.4793834686279 10.4478979110718 10.3969068527222 8.49312400817871 15.3337688446045 29.6028327941895 30.1501979827881 30.2777462005615 30.2844905853271 30.3421859741211 29.9829540252686 29.6317615509033 29.4389629364014 29.6305160522461 -9999 -9999 -9999 -9999 -9999 -9999 -9999 -9999 -9999 -9999 -9999 -9999 -9999 -9999 -9999 -9999 -9999 -9999 -9999 -9999 -9999 -9999 -9999 -9999 -9999 -9999 -9999 -9999 -9999 -9999 -9999 -9999 -9999 -9999 -9999 -9999 -9999 -9999 -9999 -9999
30.4992980957031 30.5381603240967 29.8298072814941 30.2891960144043 29.9735336303711 30.5880470275879 30.4308185577393 29.9687805175781 30.2805442810059 30.267505645752 30.2975559234619 30.4313793182373 30.4243240356445 30.4055023193359 30.3866291046143 30.3350715637207 30.1880397796631 -9999 -9999 -9999 -9999 -9999 -9999 -9999 -9999 -9999 -9999 -9999 -9999 -9999 -9999 -9999 -9999 -9999 -9999 -9999 -9999 -9999 -9999 -9999 -9999 -9999 -9999 -9999 -9999 -9999 -9999 -9999 -9999 -9999 -9999 -9999 -9999 -9999 -9999 -9999 -9999
30.484956741333 30.5311431884766 30.3233547210693 30.4076671600342 30.5178909301758 30.5144443511963 30.5087375640869 30.3936176300049 30.2978248596191 30.2812728881836 30.4846382141113 30.4306926727295 30.4340171813965 30.433666229248 30.4009914398193 30.3838043212891 -9999 -9999 -9999 -9999 -9999 -9999 -9999 -9999 -9999 -9999 -9999 -9999 -9999 -9999 -9999 -9999 -9999 -9999 -9999 -9999 -9999 -9999 -9999 -9999 -9999 -9999 -9999 -9999 -9999 -9999 -9999 -9999 -9999 -9999 -9999 -9999 -9999 -9999 -9999 -9999 -9999
30.379487991333 30.3633575439453 30.3111476898193 30.4507026672363 30.5029201507568 30.5082740783691 30.548318862915 30.514123916626 30.5082969665527 30.493350982666 30.4788513183594 30.4798698425293 30.4428329467773 -9999 -9999 -9999 -9999 -9999 -9999 -9999 -9999 -9999 -9999 -9999 -9999 -9999 -9999 -9999 -9999 -9999 -9999 -9999 -9999 -9999 -9999 -9999 -9999 -9999 -9999 -9999 -9999 -9999 -9999 -9999 -9999 -9999 -9999 -9999 -9999 -9999 -9999 -9999 -9999 -9999 -9999 -9999 -9999
30.5410175323486 30.5461750030518 30.539680480957 30.5398387908936 30.5432071685791 30.5297145843506 30.5260238647461 30.5251903533936 30.518180847168 -9999 -9999 -9999 -9999 -9999 -9999 -9999 -9999 -9999 -9999 -9999 -9999 -9999 -9999 -9999 -9999 -9999 -9999 -9999 -9999 -9999 -9999 -9999 -9999 -9999 -9999 -9999 -9999 -9999 -9999 -9999 -9999 -9999 -9999 -9999 -9999 -9999 -9999 -9999 -9999 -9999 -9999 -9999 -9999 -9999 -9999 -9999 -9999
