G_variables/Set1/RCP2_2100/Min_tem_max.asc
NCOLS 229 
NROWS 147 
XLLCORNER -101.25 
YLLCORNER 14.3333333333333 
CELLSIZE 0.0833333333333333 
NODATA_value -9999 
[rows 78 to 103 of 147, columns 171 to 227 of 229]
5.76211166381836 5.3537335395813 5.05249738693237 5.36436557769775 14.9326200485229 16.1663360595703 9.77745532989502 11.1083154678345 4.78128337860107 3.74857711791992 3.64326882362366 3.60427951812744 3.53634524345398 3.53625893592834 3.53626394271851 3.5354118347168 3.53537464141846 3.53772115707397 3.53771877288818 3.53539967536926 3.53539419174194 3.55353379249573 3.53533792495728 3.53535866737366 -9999 -9999 -9999 -9999 -9999 -9999 -9999 -9999 -9999 -9999 -9999 -9999 -9999 -9999 -9999 -9999 -9999 -9999 -9999 -9999 -9999 -9999 -9999 -9999 -9999 -9999 -9999 -9999 -9999 -9999 -9999 -9999 -9999
5.76643753051758 5.27458953857422 5.05462074279785 10.7234392166138 9.68472385406494 7.69338750839233 4.50894498825073 4.66488313674927 3.74800205230713 3.72049617767334 3.53702926635742 3.53629922866821 3.53633260726929 3.53545522689819 3.53546214103699 3.53769636154175 3.53770995140076 3.55347418785095 3.55357360839844 3.53543972969055 3.53540563583374 3.553542137146 3.53913760185242 3.54567646980286 3.53532958030701 -9999 -9999 -9999 -9999 -9999 -9999 -9999 -9999 -9999 -9999 -9999 -9999 -9999 -9999 -9999 -9999 -9999 -9999 -9999 -9999 -9999 -9999 -9999 -9999 -9999 -9999 -9999 -9999 -9999 -9999 -9999 -9999
5.32746171951294 5.04834461212158 5.37144184112549 10.6861982345581 10.7037305831909 4.18184518814087 4.03774833679199 3.7934238910675 3.71124410629272 3.53793787956238 3.53631854057312 3.53630352020264 3.53543591499329 3.53543853759766 3.5354905128479 3.53540992736816 3.53541302680969 3.53543663024902 3.53542804718018 3.53550863265991 3.53551435470581 3.53540468215942 3.5398383140564 3.54880118370056 3.5535683631897 3.53546857833862 -9999 -9999 -9999 -9999 -9999 -9999 -9999 -9999 -9999 -9999 -9999 -9999 -9999 -9999 -9999 -9999 -9999 -9999 -9999 -9999 -9999 -9999 -9999 -9999 -9999 -9999 -9999 -9999 -9999 -9999 -9999
5.34673261642456 4.96247577667236 4.728844165802 6.16936874389648 4.77280569076538 5.28859806060791 3.686598777771 3.59007620811462 3.53722834587097 3.53628540039062 3.53548860549927 3.53547501564026 3.53543949127197 3.53545594215393 3.53544092178345 3.53544616699219 3.53548240661621 3.53545475006104 3.53545331954956 3.52784276008606 3.52738451957703 3.52843737602234 3.53545713424683 3.53545427322388 3.53556513786316 3.53548002243042 3.53546833992004 -9999 -9999 -9999 -9999 -9999 -9999 -9999 -9999 -9999 -9999 -9999 -9999 -9999 -9999 -9999 -9999 -9999 -9999 -9999 -9999 -9999 -9999 -9999 -9999 -9999 -9999 -9999 -9999 -9999 -9999
5.728196144104 5.7389554977417 4.72815179824829 4.31282567977905 4.96541929244995 5.77305316925049 3.68640518188477 3.53625917434692 3.53627300262451 3.53543543815613 3.55166244506836 3.53544092178345 3.53544592857361 3.53548192977905 3.53543591499329 3.53543972969055 3.53333735466003 3.49332165718079 3.50209593772888 3.52716779708862 3.53359150886536 3.53548908233643 3.53546738624573 3.53549742698669 3.5355110168457 3.53546833992004 3.53545141220093 -9999 -9999 -9999 -9999 -9999 -9999 -9999 -9999 -9999 -9999 -9999 -9999 -9999 -9999 -9999 -9999 -9999 -9999 -9999 -9999 -9999 -9999 -9999 -9999 -9999 -9999 -9999 -9999 -9999 -9999
6.76323080062866 5.83460187911987 6.78603839874268 5.26380729675293 6.15544509887695 5.05759811401367 3.71991896629333 3.53549551963806 3.55355191230774 3.58962154388428 3.53759050369263 3.5377471446991 3.53783798217773 3.53550720214844 3.53549861907959 3.52770519256592 3.52738547325134 3.49303007125854 3.49342179298401 3.52713847160339 3.52845931053162 3.53549551963806 3.53548383712769 3.53556394577026 3.53549027442932 3.53546190261841 3.53547930717468 3.5371413230896 -9999 -9999 -9999 -9999 -9999 -9999 -9999 -9999 -9999 -9999 -9999 -9999 -9999 -9999 -9999 -9999 -9999 -9999 -9999 -9999 -9999 -9999 -9999 -9999 -9999 -9999 -9999 -9999 -9999
5.70930767059326 5.34190988540649 8.43506813049316 5.68181610107422 4.72911310195923 4.29100942611694 3.53781509399414 3.53839087486267 3.53773784637451 3.53543567657471 3.53777956962585 3.53784561157227 3.53562045097351 3.53544163703918 3.53544783592224 3.53550887107849 3.53549861907959 3.53189706802368 3.49756622314453 3.50214838981628 3.5286111831665 3.53565359115601 3.53555846214294 3.53553581237793 3.53710913658142 3.55296206474304 3.53554677963257 3.53544735908508 3.53541851043701 3.53539347648621 3.53544688224792 3.53533172607422 -9999 -9999 -9999 -9999 -9999 -9999 -9999 -9999 -9999 -9999 -9999 -9999 -9999 -9999 -9999 -9999 -9999 -9999 -9999 -9999 -9999 -9999 -9999 -9999 -9999
4.49807929992676 4.3084716796875 3.94655084609985 3.71016788482666 3.64796829223633 3.58959913253784 3.53552985191345 3.53546667098999 3.53549385070801 3.55362296104431 3.53792572021484 3.53784108161926 3.53547787666321 3.53545308113098 3.53551387786865 3.53801798820496 3.54867720603943 3.53792023658752 3.52727174758911 3.52784776687622 3.53555607795715 3.53554892539978 3.5355589389801 3.53717136383057 3.53647017478943 3.53712129592896 3.53731918334961 3.55291724205017 3.53540253639221 3.53540563583374 3.55286383628845 3.55249166488647 3.53436493873596 3.53433918952942 3.55239534378052 3.53695011138916 3.64537858963013 3.71722030639648 3.71734046936035 -9999 -9999 -9999 -9999 -9999 -9999 -9999 -9999 -9999 -9999 -9999 -9999 -9999 -9999 -9999 -9999 -9999 -9999
4.54350090026855 4.50342702865601 3.84811520576477 3.70905089378357 3.64207673072815 3.53551745414734 3.53548526763916 3.535484790802 3.53551840782166 3.53545427322388 3.53544688224792 3.53547072410583 3.53554654121399 3.53795623779297 3.53790974617004 3.53784418106079 3.53903985023499 3.53787541389465 3.53319811820984 3.53577065467834 3.53554821014404 3.53555297851562 3.53550982475281 3.54661417007446 3.53700470924377 3.53693985939026 3.53648948669434 3.5371196269989 3.53442859649658 3.53438544273376 3.53728628158569 3.55252718925476 3.53437829017639 3.53432559967041 3.61003756523132 3.64490747451782 3.71826481819153 3.72593116760254 3.72427892684937 3.72329521179199 3.73875188827515 3.73884630203247 3.74073219299316 -9999 -9999 -9999 -9999 -9999 -9999 -9999 -9999 -9999 -9999 -9999 -9999 -9999 -9999
4.49902534484863 4.50062370300293 3.84819078445435 3.60590124130249 3.58996605873108 3.53544855117798 3.53551650047302 3.53553438186646 3.53556323051453 3.53551125526428 3.53559160232544 3.53553199768066 3.53559899330139 3.53800320625305 3.53788757324219 3.53553462028503 3.53789639472961 3.5378098487854 3.5355806350708 3.53720140457153 3.55301666259766 3.53556180000305 3.55299139022827 3.54479694366455 3.53795957565308 3.53716588020325 3.54167366027832 3.5526168346405 3.5343930721283 3.59075880050659 3.61252188682556 3.55227470397949 3.53410744667053 3.53662061691284 3.64468932151794 3.73381376266479 3.69406342506409 3.70216131210327 3.70130634307861 3.73957490921021 3.7286491394043 3.73080849647522 3.7004771232605 3.70061230659485 -9999 -9999 -9999 -9999 -9999 -9999 -9999 -9999 -9999 -9999 -9999 -9999 -9999
5.31446266174316 4.6459903717041 3.7120258808136 3.55355954170227 3.53548908233643 3.53548097610474 3.53554701805115 3.53554606437683 3.53556513786316 3.53558015823364 3.53563785552979 3.53558254241943 3.5355920791626 3.53555965423584 3.53557133674622 3.53555202484131 3.53553795814514 3.53572916984558 3.53741908073425 3.59076857566833 3.53649640083313 3.52753067016602 3.5529899597168 3.5374002456665 3.53714203834534 3.55263042449951 3.5387282371521 3.53798604011536 3.53713631629944 3.5907928943634 3.60965824127197 3.73324179649353 3.72249221801758 3.71892952919006 3.72276735305786 3.70236158370972 3.80488777160645 3.83706855773926 3.78257155418396 3.7411367893219 3.73957514762878 3.73073077201843 3.74108862876892 3.70785927772522 3.70750737190247 -9999 -9999 -9999 -9999 -9999 -9999 -9999 -9999 -9999 -9999 -9999 -9999
26.5948753356934 6.74033212661743 4.03294610977173 3.53823065757751 3.53547334671021 3.55364465713501 3.55369877815247 3.53558540344238 3.53564095497131 3.53563404083252 3.53564262390137 3.53561449050903 3.53553748130798 3.53552842140198 3.53562617301941 3.53559184074402 3.53557848930359 3.53552055358887 3.53736567497253 3.53710055351257 3.53649854660034 3.53492641448975 3.53449892997742 3.53451681137085 3.53451609611511 3.55264639854431 3.5499210357666 3.54953217506409 3.5380527973175 3.71890711784363 3.71110582351685 3.7431755065918 3.72250199317932 3.69398164749146 3.68672704696655 3.71030950546265 3.88776063919067 3.9482696056366 3.86391162872314 3.73923540115356 3.70894336700439 3.70858216285706 3.6872980594635 3.71394371986389 3.72824430465698 3.6920154094696 -9999 -9999 -9999 -9999 -9999 -9999 -9999 -9999 -9999 -9999 -9999
19.2105159759521 5.67489433288574 4.03217887878418 3.59220933914185 3.55371046066284 3.55372262001038 3.5537006855011 3.53555393218994 3.53553175926208 3.53558206558228 3.53559494018555 3.53560614585876 3.53560948371887 3.53558230400085 3.53556847572327 3.53559684753418 3.53557920455933 3.53485488891602 3.55298900604248 3.53739356994629 3.53723359107971 3.53458261489868 3.53459501266479 3.53446626663208 3.53446745872498 3.53725266456604 3.54402852058411 3.53971576690674 3.60940098762512 3.70313549041748 3.71077346801758 3.73082756996155 3.71984934806824 3.72287368774414 3.70264029502869 3.74175000190735 3.88646912574768 3.94781422615051 4.01982927322388 3.94613194465637 3.88449168205261 3.78076386451721 3.70147681236267 3.77962255477905 3.80131459236145 3.80260157585144 -9999 -9999 -9999 -9999 -9999 -9999 -9999 -9999 -9999 -9999 -9999
4.71712446212769 3.89918446540833 3.81010127067566 3.64240860939026 3.53821158409119 3.53851175308228 3.53551840782166 3.5355384349823 3.53552985191345 3.53553056716919 3.5355486869812 3.5356068611145 3.53559303283691 3.53561544418335 3.53558254241943 3.53482341766357 3.53482604026794 3.53483819961548 3.534503698349 3.53457975387573 3.53455090522766 3.53452157974243 3.53454923629761 3.53449082374573 3.53417658805847 3.55204343795776 3.55203604698181 3.53358054161072 3.6105101108551 3.69407987594604 4.02669715881348 3.84024930000305 3.72288775444031 3.72681927680969 3.70281600952148 3.86459159851074 6.56138849258423 22.8480014801025 28.8862609863281 21.4752349853516 12.3009347915649 4.19826459884644 3.73825836181641 4.50626516342163 4.99255275726318 4.50619697570801 3.80239391326904 -9999 -9999 -9999 -9999 -9999 -9999 -9999 -9999 -9999 -9999
4.1009349822998 3.70247173309326 3.71777939796448 3.7177746295929 3.5378041267395 3.53786396980286 3.53551650047302 3.55362415313721 3.53551030158997 3.55362439155579 3.53551816940308 3.53552412986755 3.5371630191803 3.53715705871582 3.53485107421875 3.53442144393921 3.53446745872498 3.53452086448669 3.53455328941345 3.53466939926147 3.53453135490417 3.53450179100037 3.53418445587158 3.5370774269104 3.53671884536743 3.53737258911133 3.60941886901855 3.60935378074646 3.60894322395325 3.7211058139801 3.89211106300354 3.69393944740295 3.73541498184204 3.70270538330078 3.82002806663513 18.8471088409424 30.3871383666992 30.3934555053711 30.3983745574951 29.4858379364014 8.29310607910156 4.19884920120239 3.86185956001282 4.986900806427 25.8732299804688 24.0460834503174 5.03779363632202 6.63890552520752 -9999 -9999 -9999 -9999 -9999 -9999 -9999 -9999 -9999
4.20999240875244 3.64549875259399 3.53781843185425 3.53784370422363 3.53780484199524 3.55342173576355 3.53764247894287 3.53792500495911 3.55364418029785 3.5348207950592 3.53483581542969 3.53442859649658 3.53720164299011 3.53730249404907 3.55266332626343 3.53451943397522 3.5345458984375 3.53452968597412 3.55265069007874 3.55268740653992 3.55238032341003 3.53416991233826 3.53386163711548 3.61135029792786 3.64477920532227 3.64465999603271 3.64426159858704 3.64352202415466 3.72209239006042 3.73262214660645 3.80594825744629 3.78273844718933 3.70940136909485 3.94839310646057 6.48562717437744 30.3472347259521 30.3550987243652 30.3621559143066 30.3744697570801 6.44701480865479 4.27542066574097 4.35656309127808 4.29692649841309 4.98357820510864 30.4106540679932 30.4140148162842 6.63149261474609 4.77975749969482 4.50650691986084 -9999 -9999 -9999 -9999 -9999 -9999 -9999 -9999
3.89912962913513 3.6447536945343 3.55303072929382 3.53754067420959 3.53745222091675 3.5374059677124 3.53805494308472 3.53696084022522 3.538818359375 3.55229592323303 3.53418898582458 3.5342059135437 3.53423476219177 3.53693342208862 3.55243539810181 3.53428912162781 3.53429579734802 3.53428149223328 3.55215263366699 3.53655982017517 3.53645086288452 3.55123019218445 3.59032654762268 3.72505187988281 3.72521042823792 3.71779990196228 3.73032379150391 3.72493529319763 3.72083187103271 3.72130966186523 3.80574035644531 3.78286027908325 3.86421585083008 9.22174549102783 13.4977989196777 30.0864410400391 28.6483478546143 8.1821117401123 4.29728126525879 4.73747110366821 5.08246994018555 4.7812876701355 4.73375701904297 4.73239183425903 13.6138792037964 15.0836029052734 4.73151683807373 3.88689184188843 3.71985983848572 -9999 -9999 -9999 -9999 -9999 -9999 -9999 -9999
9.15899181365967 3.78629970550537 3.53746962547302 3.7174711227417 3.71948599815369 3.53740692138672 3.53730654716492 3.53685712814331 3.54228138923645 3.53669834136963 3.55214142799377 3.53372359275818 3.5337221622467 3.5339720249176 3.53397917747498 3.53398561477661 3.53397250175476 3.53394985198975 3.53750205039978 3.5515193939209 3.53572940826416 3.58987069129944 3.71644043922424 3.70125699043274 3.70174336433411 3.72807908058167 3.74131798744202 3.74097180366516 3.71547031402588 3.73272204399109 3.73022627830505 3.73008632659912 3.93538188934326 5.82595157623291 5.84350967407227 5.0813250541687 19.2193641662598 13.3447198867798 5.35530042648315 5.73931646347046 5.30938768386841 4.73144817352295 5.36715841293335 5.75481081008911 5.22328615188599 4.72780179977417 3.70132970809937 3.60530114173889 3.60413646697998 3.53136014938354 -9999 -9999 -9999 -9999 -9999 -9999 -9999
16.3078079223633 4.71612882614136 3.60902380943298 3.70953965187073 3.7208878993988 3.54027056694031 3.53840255737305 3.53877544403076 3.53885865211487 3.54446768760681 3.53724527359009 3.55198693275452 3.53371930122375 3.53371906280518 3.53373074531555 3.55204725265503 3.53333401679993 3.53309655189514 3.55282473564148 3.55244183540344 3.60887813568115 3.69528436660767 3.70162153244019 3.70089340209961 3.7414858341217 3.74123597145081 3.80571317672729 3.80552339553833 3.83761096000671 3.82183575630188 3.70931696891785 3.72992587089539 3.83526086807251 4.66052675247192 28.6533050537109 30.2647361755371 30.2724552154541 11.5335035324097 11.5366401672363 13.153603553772 8.04201698303223 5.07004022598267 5.07034397125244 5.34480381011963 5.35877990722656 3.72837996482849 3.54617476463318 3.58415532112122 3.52167463302612 3.71190571784973 3.71140909194946 -9999 -9999 -9999 -9999 -9999 -9999
10.0493392944336 3.78463101387024 3.53758502006531 3.64496088027954 3.64361619949341 3.53757929801941 3.53734850883484 3.53811168670654 3.5409939289093 3.54582786560059 3.53718590736389 3.5360095500946 3.53652429580688 3.53584790229797 3.55262160301208 3.53714060783386 3.5325825214386 3.53679394721985 3.53718996047974 3.55171871185303 3.58927655220032 3.70148921012878 3.70958375930786 3.70953488349915 3.75279188156128 3.80547308921814 3.70194315910339 5.73969841003418 27.2469520568848 12.9043169021606 3.8635880947113 3.88860297203064 7.14211177825928 8.99438667297363 28.3493556976318 29.6046123504639 30.245044708252 7.11486721038818 30.2567710876465 30.2545585632324 12.9530963897705 4.77217817306519 3.73901176452637 3.73846578598022 3.69321894645691 3.49224019050598 3.52371287345886 3.53146243095398 3.5843026638031 3.68793320655823 3.75290441513062 -9999 -9999 -9999 -9999 -9999 -9999
3.71791052818298 3.60823440551758 3.53651309013367 3.53647112846375 3.53612589836121 3.536217212677 3.53645992279053 3.53630208969116 3.53983283042908 3.55130839347839 3.53559303283691 3.54069685935974 3.53828001022339 3.53680419921875 3.60941457748413 3.71721744537354 3.64491009712219 3.64975333213806 3.64433240890503 3.71667289733887 3.71673154830933 3.71675848960876 3.71722912788391 3.70917296409607 3.83790969848633 3.82315754890442 3.72996091842651 5.06432390213013 11.0544023513794 7.0052375793457 4.73365497589111 11.1394929885864 30.1737308502197 29.9803524017334 5.01463222503662 4.02029418945312 4.1533670425415 4.72857522964478 24.9031295776367 23.8648738861084 3.94836902618408 3.6047990322113 3.49222612380981 3.70722699165344 3.7023766040802 3.46124768257141 3.57420825958252 3.53109073638916 3.64217257499695 3.75268697738647 3.74298405647278 3.60469722747803 -9999 -9999 -9999 -9999 -9999
3.64455986022949 3.71790289878845 3.64458703994751 3.64410352706909 3.60829949378967 3.59023404121399 3.53611946105957 3.5379753112793 3.53955745697021 3.54436039924622 3.53767824172974 3.53778457641602 3.54456877708435 3.55208706855774 3.71695160865784 3.72141432762146 3.71863293647766 3.69937968254089 3.80529093742371 3.80517578125 3.71634840965271 3.7243640422821 3.72688555717468 3.74071145057678 3.82363200187683 3.80410194396973 3.80450463294983 3.80428886413574 3.86297821998596 4.02251195907593 4.76844120025635 7.76157569885254 8.76877498626709 5.19396352767944 3.71560621261597 3.64249467849731 3.52612495422363 3.64256143569946 3.71343278884888 3.71332764625549 3.52444767951965 3.48710513114929 3.49190592765808 3.71546840667725 3.78475785255432 3.72081875801086 3.6439003944397 3.75527787208557 3.74293494224548 3.74953818321228 3.60743546485901 3.64384269714355 -9999 -9999 -9999 -9999 -9999
3.64344334602356 3.71791481971741 3.71118259429932 3.7217915058136 3.64508652687073 3.59026122093201 3.53793334960938 3.53778553009033 3.53761625289917 3.64449429512024 3.6448974609375 3.53753662109375 3.53753590583801 3.61111402511597 3.71720457077026 3.64561462402344 3.71848106384277 3.69088077545166 3.8064432144165 3.80687832832336 3.82659339904785 3.83953166007996 3.83920645713806 3.73027324676514 3.70927357673645 3.82216715812683 3.76607418060303 3.71558928489685 3.88814067840576 4.09398651123047 3.72908663749695 3.72688055038452 3.71446919441223 3.53338742256165 3.52494287490845 3.49321031570435 3.46172547340393 3.4922022819519 3.49233818054199 3.49226593971252 3.53204560279846 3.64393377304077 3.52445840835571 3.49927997589111 3.73947811126709 3.72098898887634 3.71198487281799 3.74348640441895 3.75468683242798 3.7548508644104 3.7116711139679 3.64426517486572 3.7547721862793 -9999 -9999 -9999 -9999
3.71788239479065 3.7188823223114 3.71790170669556 3.7178635597229 3.60874676704407 3.59007167816162 3.59003281593323 3.58999061584473 3.59078359603882 3.64611291885376 3.64603447914124 3.58960199356079 3.71730637550354 3.72161626815796 3.72147727012634 3.71949815750122 3.69935202598572 3.72925519943237 3.72931838035583 3.80567216873169 3.86549806594849 3.83850455284119 3.83811664581299 3.74147200584412 3.72967195510864 3.86431193351746 3.72943902015686 3.53316140174866 3.58832049369812 3.59605526924133 3.5276358127594 3.52756571769714 3.53404188156128 3.49335193634033 3.52469706535339 3.49226117134094 3.52556872367859 3.52552223205566 3.52541494369507 2.83257555961609 3.53079438209534 3.59659028053284 3.49193096160889 3.52634716033936 3.71223711967468 3.64539408683777 3.71199798583984 3.71448087692261 3.74312710762024 3.74211239814758 3.7159378528595 3.71167588233948 3.71149587631226 3.71162414550781 -9999 -9999 -9999
3.64459300041199 3.71891236305237 3.71912860870361 3.60359144210815 3.59136748313904 3.59087944030762 3.59176278114319 3.59335923194885 3.53713870048523 3.53734302520752 3.72061157226562 3.72171139717102 3.69812750816345 3.80407786369324 3.78343486785889 3.70888209342957 3.74092078208923 3.93752408027649 3.93768763542175 3.82566213607788 3.86532592773438 3.78253173828125 3.7713577747345 3.78186440467834 3.71845459938049 3.71852922439575 3.58888292312622 3.49309754371643 3.49335837364197 3.49731397628784 3.49335694313049 3.49341225624084 3.48748087882996 3.49328017234802 3.49224019050598 3.461270570755 3.52545142173767 3.54590702056885 3.53127098083496 3.4919319152832 3.52443909645081 3.52447462081909 3.49198603630066 3.52684831619263 3.60684251785278 3.58461284637451 3.53017592430115 3.53139209747314 3.53103709220886 3.54321193695068 3.71141195297241 3.71138048171997 3.53013229370117 3.54287242889404 -9999 -9999 -9999
3.60828018188477 3.64554786682129 3.6100332736969 3.61319589614868 3.61199831962585 3.59949398040771 3.61705875396729 3.61450791358948 3.58959150314331 3.8647985458374 3.75009441375732 3.78305840492249 4.63152265548706 4.70841884613037 4.01904201507568 3.72949481010437 3.74084162712097 3.89038872718811 3.89039325714111 3.74196910858154 3.72660660743713 3.71810412406921 3.74132180213928 3.70916867256165 3.53461146354675 3.526291847229 3.49332571029663 3.49323511123657 3.49336004257202 3.49339246749878 3.46126246452332 3.46125364303589 3.4918909072876 3.46127772331238 3.39427185058594 2.84857249259949 2.82704758644104 3.52460217475891 3.52564883232117 3.53111696243286 3.53333497047424 3.53071594238281 3.53179502487183 3.52664041519165 3.53049683570862 3.53053092956543 3.52713656425476 3.49060106277466 3.49174070358276 3.52439975738525 3.60871195793152 3.64637136459351 3.64818525314331 3.64362120628357 3.52478265762329 -9999 -9999
