G_variables/Set1/RCP2_2100/Min_tem_max.asc
NCOLS 229 
NROWS 147 
XLLCORNER -101.25 
YLLCORNER 14.3333333333333 
CELLSIZE 0.0833333333333333 
NODATA_value -9999 
[rows 52 to 77 of 147, columns 114 to 170 of 229]
25.7506980895996 24.9426345825195 29.4029273986816 30.6045036315918 30.5823230743408 29.4819049835205 30.5458393096924 30.527229309082 30.4779949188232 30.3807106018066 29.6719284057617 29.43235206604 29.604024887085 29.5688877105713 29.5633010864258 29.3335342407227 28.5897789001465 29.2128925323486 29.4000988006592 29.3557567596436 29.0742588043213 29.0494689941406 29.2346286773682 28.9286880493164 29.1287803649902 28.1367931365967 28.7391052246094 28.0962028503418 28.1566638946533 27.9900913238525 28.5597953796387 28.5566883087158 28.4679908752441 28.4307537078857 29.9609107971191 29.9656410217285 28.6023120880127 28.5407295227051 28.5045471191406 28.4872817993164 28.4077758789062 28.3932781219482 29.8352470397949 29.8033256530762 28.5739479064941 28.5718536376953 28.53005027771 28.5553779602051 28.962423324585 28.9746685028076 29.4549713134766 29.0366153717041 28.7652549743652 28.779354095459 28.6184349060059 28.5641994476318 29.3929538726807
28.9330539703369 26.4884357452393 30.5426197052002 30.5971374511719 30.5285892486572 30.2007350921631 30.2900886535645 30.2536029815674 30.395191192627 30.3185272216797 29.6760654449463 29.6480560302734 30.3965263366699 30.3350734710693 28.648645401001 28.6228446960449 28.561637878418 28.5532836914062 29.7327575683594 29.1000232696533 28.3871879577637 29.0649452209473 29.201343536377 28.8764095306396 29.1471004486084 28.8294582366943 28.7217922210693 28.7278785705566 28.6511344909668 28.6260185241699 28.5708465576172 28.4048557281494 28.4470729827881 28.3919353485107 28.9652767181396 28.9413547515869 28.8649463653564 28.7806663513184 29.1053428649902 29.078763961792 28.6605358123779 29.0005569458008 29.8176555633545 29.8097915649414 28.9047203063965 28.9359607696533 28.5155715942383 28.5319404602051 28.5793838500977 28.5925216674805 28.670352935791 28.6702041625977 29.3249073028564 29.2803611755371 29.1574592590332 28.7004013061523 28.6876583099365
29.4924640655518 28.9284782409668 30.5279941558838 30.5600776672363 30.2993144989014 30.4110012054443 28.8413696289062 30.3802909851074 29.7727222442627 29.7131671905518 29.5292415618896 28.7745780944824 30.3468418121338 30.3115043640137 30.0581665039062 29.9988651275635 29.3136920928955 29.2975234985352 29.2187995910645 29.1680278778076 29.1124305725098 29.0525226593018 29.1975612640381 28.8992500305176 29.133150100708 28.8126258850098 28.6594657897949 28.7072010040283 28.6428813934326 28.927906036377 28.8531112670898 28.8022918701172 28.7924919128418 29.0134239196777 28.9774837493896 28.898380279541 29.2352123260498 29.1269226074219 29.4569721221924 29.4426784515381 29.4149341583252 29.0149192810059 29.7901992797852 29.7871208190918 29.279670715332 28.9533519744873 28.9331073760986 28.8984279632568 28.9565505981445 28.591272354126 28.6332321166992 28.6777057647705 29.3226642608643 29.4733066558838 29.3179264068604 29.315975189209 29.3273258209229
28.986759185791 28.9372539520264 29.8812637329102 30.3057479858398 29.8578014373779 30.1756591796875 28.8753147125244 29.4274101257324 29.7814769744873 29.7329368591309 29.4786434173584 29.6839008331299 29.4234428405762 30.0556945800781 30.2260131835938 30.223762512207 29.4437580108643 29.2351493835449 29.4055404663086 29.3417835235596 29.2688293457031 29.2667331695557 29.8057727813721 29.4796581268311 29.1063575744629 29.0788459777832 29.0279598236084 28.9796237945557 30.0351791381836 29.9887409210205 29.1967678070068 29.4439373016357 29.0088233947754 29.3789024353027 28.9194221496582 29.2409229278564 29.6971454620361 29.6816673278809 29.8126430511475 29.8112812042236 29.5730953216553 29.5907211303711 29.6913452148438 29.8135395050049 29.4926795959473 29.476749420166 29.4558200836182 29.4493637084961 29.2494812011719 29.4372901916504 29.2302360534668 29.5872097015381 29.0349140167236 29.4223175048828 29.7913665771484 29.8056640625 29.4762401580811
28.993860244751 29.6345825195312 29.9020462036133 30.134204864502 30.3444004058838 28.9032363891602 29.5910701751709 29.5752143859863 30.0909118652344 29.5464668273926 29.4762878417969 29.6843090057373 30.1829452514648 30.2251300811768 29.5481796264648 30.1096057891846 29.7400760650635 30.0916404724121 30.1299591064453 30.0479106903076 29.6094970703125 30.0006561279297 30.0587615966797 30.0606555938721 29.3933811187744 29.2946109771729 29.2251758575439 29.5579967498779 30.0245361328125 29.9579524993896 29.7620220184326 29.7133369445801 29.8391304016113 29.8166923522949 29.7979621887207 29.7517032623291 29.8369274139404 29.6769542694092 29.8098602294922 29.8106632232666 29.7914161682129 29.6979198455811 29.730152130127 29.7948760986328 29.4842205047607 29.720142364502 29.4537391662598 29.4459190368652 29.3544235229492 29.358434677124 29.3924331665039 29.3936805725098 29.4017887115479 29.4249095916748 29.8073120117188 29.8017673492432 29.5893802642822
29.6446914672852 29.9127578735352 29.9040699005127 30.1438388824463 30.2274284362793 29.559513092041 28.9030876159668 29.540246963501 29.684326171875 29.5787239074707 29.7328758239746 29.5230522155762 30.2673034667969 30.2017135620117 29.5520343780518 29.827766418457 30.0620937347412 29.9161338806152 30.1342487335205 30.0765075683594 29.5242710113525 29.9649696350098 29.7534046173096 29.8986721038818 29.8911552429199 29.8989543914795 29.9519596099854 29.8484897613525 29.8430614471436 29.8994541168213 29.861385345459 29.837459564209 29.9162578582764 29.9043598175049 29.8681545257568 29.9217662811279 29.8035888671875 29.7867031097412 29.7950553894043 29.7952880859375 29.7732105255127 29.3270111083984 29.2875823974609 29.7866325378418 29.7750988006592 29.7117557525635 29.7097797393799 29.736837387085 29.623046875 29.6897068023682 29.6435832977295 29.6963157653809 29.7153663635254 29.7207164764404 29.8063774108887 29.8010845184326 29.7040233612061
29.6060848236084 30.1502532958984 29.9511489868164 29.9314270019531 29.924861907959 29.9046573638916 30.1940402984619 30.2895317077637 29.8531970977783 30.2585697174072 30.1807060241699 30.1813526153564 30.2200050354004 30.1899795532227 29.5711555480957 29.7692890167236 30.1170883178711 30.110013961792 30.0958137512207 30.0716171264648 29.795280456543 30.0667209625244 29.9548168182373 29.8991947174072 29.9740600585938 29.9825496673584 29.9839897155762 29.9736633300781 29.9932689666748 29.9690074920654 29.928596496582 29.9730014801025 29.8110084533691 29.7913856506348 29.8324909210205 29.837818145752 29.8439025878906 29.8234519958496 29.8053131103516 29.7899112701416 29.7669544219971 29.7632274627686 29.7369537353516 29.7259941101074 29.7110576629639 29.6997337341309 29.7293167114258 29.7335529327393 29.6359310150146 29.6940822601318 29.4141674041748 29.398567199707 29.7699432373047 29.7908573150635 29.7979412078857 29.8092575073242 28.9783744812012
29.96750831604 30.1316452026367 29.7663059234619 30.2590389251709 30.3820972442627 29.651008605957 30.1377773284912 30.2870674133301 30.2685089111328 30.2425727844238 29.9485378265381 30.0780792236328 29.8966503143311 29.9579200744629 29.7949523925781 29.8534889221191 30.1164169311523 30.0906448364258 30.0697269439697 30.0938415527344 30.0627117156982 30.0666446685791 30.0452613830566 30.0328044891357 30.0155448913574 30.0295448303223 29.9976501464844 29.9852161407471 29.9617614746094 29.9457912445068 29.9282283782959 29.8930473327637 29.8817310333252 29.8592586517334 29.8635864257812 29.8546104431152 29.8256034851074 29.8081798553467 29.7960300445557 29.7656288146973 29.7796287536621 29.7643394470215 29.7858848571777 29.776819229126 29.7758846282959 29.7789421081543 29.7422332763672 29.7328205108643 29.7313365936279 29.7406806945801 28.9385166168213 28.9981937408447 29.7623920440674 29.7822380065918 29.7907218933105 29.8458938598633 29.7467384338379
29.9802131652832 30.3066349029541 30.2753658294678 30.4165191650391 30.3843822479248 30.1890411376953 30.2653617858887 30.2735633850098 30.2070121765137 30.1220932006836 30.1031513214111 30.0728378295898 30.0482730865479 30.0431079864502 29.9763221740723 30.1109085083008 30.0673675537109 30.0987644195557 30.0697555541992 30.0805511474609 30.0568161010742 30.0527591705322 30.026798248291 30.0094127655029 30.0055541992188 29.9916591644287 29.9556560516357 29.945255279541 29.9348468780518 29.9061717987061 29.9115467071533 29.8748569488525 29.8675441741943 29.8788661956787 29.8386211395264 29.83424949646 29.828369140625 29.8349456787109 29.8174915313721 29.7999801635742 29.7993240356445 29.785436630249 -9999 -9999 29.7725429534912 29.779016494751 29.7713012695312 29.7761878967285 29.7958335876465 29.7970142364502 29.7392730712891 29.7222690582275 29.8179683685303 29.8235397338867 29.8339691162109 29.8538513183594 29.8773059844971
29.7437572479248 30.013277053833 30.4343681335449 30.3845520019531 30.2243022918701 30.1574306488037 30.3138236999512 30.2636451721191 30.2038993835449 30.2091579437256 30.1895866394043 30.1854839324951 30.1845722198486 30.1273803710938 30.1326866149902 30.1310157775879 30.1313991546631 30.0769290924072 30.0738468170166 30.0602798461914 30.0448436737061 30.0262107849121 30.0446739196777 29.9866619110107 29.9685459136963 29.967077255249 29.9600830078125 29.916955947876 29.9022312164307 29.9216575622559 29.8721904754639 29.8603973388672 29.8638019561768 29.8488025665283 29.8580131530762 29.8539295196533 29.8478603363037 29.8264236450195 -9999 -9999 -9999 -9999 -9999 -9999 -9999 -9999 -9999 -9999 -9999 -9999 29.7999725341797 29.8154449462891 29.8102188110352 29.8305282592773 29.8428955078125 29.8687019348145 -9999
30.3350887298584 30.4216442108154 30.4214344024658 30.2666473388672 30.2459087371826 30.2504978179932 30.2557983398438 30.2551403045654 30.2321891784668 30.2140960693359 30.2250289916992 30.2083683013916 30.197416305542 30.1753177642822 30.1374626159668 30.1396350860596 30.1034126281738 30.1228885650635 30.0764350891113 30.0562229156494 30.0683784484863 30.0542392730713 29.9981803894043 29.9998912811279 29.964319229126 29.9488830566406 29.9347858428955 29.9106025695801 29.9021148681641 29.9306545257568 29.906192779541 29.8931465148926 29.8797168731689 29.8743896484375 29.8677310943604 -9999 -9999 -9999 -9999 -9999 -9999 -9999 -9999 -9999 -9999 -9999 -9999 -9999 -9999 -9999 -9999 -9999 -9999 -9999 -9999 -9999 -9999
30.4735088348389 30.4291191101074 30.3593997955322 30.3476619720459 30.2634105682373 30.2536125183105 30.2262516021729 30.2509918212891 30.244026184082 30.2172107696533 30.2209548950195 30.1882133483887 30.1715240478516 30.1893062591553 30.1640281677246 30.1556453704834 30.152759552002 30.1369705200195 30.0906658172607 30.0656433105469 30.0758018493652 30.0428333282471 30.0297031402588 30.0165500640869 30.0114517211914 29.9795246124268 29.9609241485596 29.9448108673096 -9999 -9999 -9999 -9999 -9999 -9999 -9999 -9999 -9999 -9999 -9999 -9999 -9999 -9999 -9999 -9999 -9999 -9999 -9999 -9999 -9999 -9999 -9999 -9999 -9999 -9999 -9999 -9999 -9999
30.4638710021973 30.4050350189209 30.0870704650879 30.3440742492676 30.2662086486816 30.3040065765381 30.2751121520996 30.2918682098389 30.2398624420166 30.2348346710205 30.2135334014893 30.2035484313965 30.2275009155273 30.1909484863281 30.1670227050781 30.1743621826172 30.1650791168213 30.1473407745361 30.1222362518311 30.1045875549316 30.098123550415 30.0850162506104 30.0641479492188 -9999 -9999 -9999 -9999 -9999 -9999 -9999 -9999 -9999 -9999 -9999 -9999 -9999 -9999 -9999 -9999 -9999 -9999 -9999 -9999 -9999 -9999 -9999 -9999 -9999 -9999 -9999 -9999 -9999 -9999 -9999 -9999 -9999 -9999
30.1506519317627 30.1464309692383 30.3589286804199 30.3391628265381 30.3480358123779 30.3104553222656 30.2456111907959 30.2311267852783 30.2745361328125 30.2715167999268 30.2268924713135 30.217456817627 30.1903133392334 30.2298679351807 30.2227306365967 30.1993427276611 30.207275390625 30.1745567321777 30.1739540100098 30.1578330993652 30.138240814209 -9999 -9999 -9999 -9999 -9999 -9999 -9999 -9999 -9999 -9999 -9999 -9999 -9999 -9999 -9999 -9999 -9999 -9999 -9999 -9999 -9999 -9999 -9999 -9999 -9999 -9999 -9999 -9999 -9999 -9999 -9999 -9999 -9999 -9999 -9999 -9999
30.1518898010254 30.1499500274658 30.3459491729736 30.3068466186523 30.3108291625977 30.2889804840088 30.2683906555176 30.2805576324463 30.2412967681885 30.2244548797607 30.2230205535889 30.2205486297607 30.2586135864258 30.2783851623535 30.2557430267334 30.244779586792 30.240062713623 30.2162399291992 -9999 -9999 -9999 -9999 -9999 -9999 -9999 -9999 -9999 -9999 -9999 -9999 -9999 -9999 -9999 -9999 -9999 -9999 -9999 -9999 -9999 -9999 -9999 -9999 -9999 -9999 -9999 -9999 -9999 -9999 -9999 -9999 -9999 -9999 -9999 -9999 -9999 -9999 -9999
30.3887901306152 30.380916595459 30.160213470459 30.3349475860596 30.3308868408203 30.2832889556885 30.3148765563965 30.2851333618164 30.2953815460205 30.2394981384277 30.3059921264648 30.3056163787842 30.3004302978516 30.2838382720947 30.2895526885986 30.2759857177734 30.2432918548584 -9999 -9999 -9999 -9999 -9999 -9999 -9999 -9999 -9999 -9999 -9999 -9999 -9999 -9999 -9999 -9999 -9999 -9999 -9999 -9999 -9999 -9999 -9999 -9999 -9999 -9999 -9999 -9999 -9999 -9999 -9999 -9999 -9999 -9999 -9999 -9999 -9999 -9999 -9999 -9999
30.3544826507568 30.2969188690186 30.1234664916992 30.3086681365967 30.3676109313965 30.3551502227783 30.3506469726562 30.3453197479248 30.3238506317139 30.327600479126 30.330394744873 30.3184337615967 30.308277130127 30.3445110321045 30.3302688598633 30.3212890625 30.2944393157959 -9999 -9999 -9999 -9999 -9999 -9999 -9999 -9999 -9999 -9999 -9999 -9999 -9999 -9999 -9999 -9999 -9999 -9999 -9999 -9999 -9999 -9999 -9999 -9999 -9999 -9999 -9999 -9999 -9999 -9999 -9999 -9999 -9999 -9999 -9999 -9999 -9999 -9999 -9999 -9999
30.3855609893799 30.3601951599121 30.2525177001953 30.3081722259521 30.3843460083008 30.3020000457764 30.3181686401367 30.3565692901611 30.3207359313965 30.3405723571777 30.367862701416 30.3645668029785 30.3627624511719 30.3635654449463 30.3790225982666 30.3796882629395 30.3363094329834 -9999 -9999 -9999 -9999 -9999 -9999 -9999 -9999 -9999 -9999 -9999 -9999 -9999 -9999 -9999 -9999 -9999 -9999 -9999 -9999 -9999 -9999 -9999 -9999 -9999 -9999 -9999 -9999 -9999 -9999 -9999 -9999 -9999 -9999 -9999 -9999 -9999 -9999 -9999 -9999
30.3834247589111 30.3970012664795 30.1774635314941 30.4100227355957 30.3688163757324 30.3959999084473 30.3513507843018 30.3717060089111 30.379903793335 30.3836402893066 30.3551712036133 30.3976459503174 30.4225730895996 30.3971633911133 30.4583740234375 30.3791885375977 -9999 -9999 -9999 -9999 -9999 -9999 -9999 -9999 -9999 -9999 -9999 -9999 -9999 -9999 -9999 -9999 -9999 -9999 -9999 -9999 -9999 -9999 -9999 -9999 -9999 -9999 -9999 -9999 -9999 -9999 -9999 -9999 -9999 -9999 -9999 -9999 -9999 -9999 -9999 -9999 30.195463180542
30.3357849121094 30.347728729248 30.3480262756348 30.3823928833008 30.3267040252686 30.4628162384033 30.458215713501 30.4302921295166 30.3999462127686 30.4013996124268 30.4125175476074 30.4409294128418 30.4536533355713 30.4514331817627 30.465970993042 30.4039745330811 -9999 -9999 -9999 -9999 -9999 -9999 -9999 -9999 -9999 -9999 -9999 -9999 -9999 -9999 -9999 -9999 -9999 -9999 -9999 -9999 -9999 -9999 -9999 -9999 -9999 -9999 -9999 -9999 -9999 -9999 -9999 -9999 -9999 -9999 -9999 -9999 -9999 -9999 -9999 30.2089290618896 30.2113590240479
30.3284683227539 30.3751392364502 30.3739223480225 30.3394870758057 30.1195316314697 30.455680847168 30.4486427307129 30.4514045715332 30.45680809021 30.4302291870117 30.4765319824219 30.4699840545654 30.4965667724609 30.4703903198242 30.5312652587891 -9999 -9999 -9999 -9999 -9999 -9999 -9999 -9999 -9999 -9999 -9999 -9999 -9999 -9999 -9999 -9999 -9999 -9999 -9999 -9999 -9999 -9999 -9999 -9999 -9999 -9999 -9999 -9999 -9999 -9999 -9999 -9999 -9999 -9999 -9999 -9999 -9999 -9999 -9999 30.2280101776123 30.2222118377686 30.0210914611816
30.3372230529785 30.3836765289307 30.4063377380371 30.3855609893799 30.3488140106201 30.5064449310303 30.5116691589355 30.5204048156738 30.5386409759521 30.4708061218262 30.497444152832 30.5034503936768 30.524112701416 30.5685520172119 30.4789295196533 30.4682006835938 -9999 -9999 -9999 -9999 -9999 -9999 -9999 -9999 -9999 -9999 -9999 -9999 -9999 -9999 -9999 -9999 -9999 -9999 -9999 -9999 -9999 -9999 -9999 -9999 -9999 -9999 -9999 -9999 -9999 -9999 -9999 -9999 -9999 -9999 -9999 -9999 -9999 30.230411529541 30.2312641143799 29.8624248504639 30.2306175231934
30.2738780975342 30.3057670593262 30.4862957000732 30.4756851196289 30.565580368042 30.418701171875 30.4248542785645 30.4504413604736 30.4958190917969 30.5268440246582 30.5317649841309 30.53297996521 30.5848941802979 30.5869903564453 30.5935096740723 -9999 -9999 -9999 -9999 -9999 -9999 -9999 -9999 -9999 -9999 -9999 -9999 -9999 -9999 -9999 -9999 -9999 -9999 -9999 -9999 -9999 -9999 -9999 -9999 -9999 -9999 -9999 -9999 -9999 -9999 -9999 -9999 -9999 -9999 -9999 -9999 -9999 -9999 30.2288818359375 30.2372264862061 29.2011413574219 30.2433166503906
30.4021339416504 30.5193462371826 30.5222625732422 30.566125869751 30.2870121002197 30.5681228637695 30.465030670166 30.485559463501 30.5080318450928 30.530725479126 30.564998626709 30.5764255523682 30.6206245422363 30.6250076293945 30.6500148773193 -9999 -9999 -9999 -9999 -9999 -9999 -9999 -9999 -9999 -9999 -9999 -9999 -9999 -9999 -9999 -9999 -9999 -9999 -9999 -9999 -9999 -9999 -9999 -9999 -9999 -9999 -9999 -9999 -9999 -9999 -9999 -9999 -9999 -9999 -9999 -9999 30.2366123199463 30.2372913360596 30.2565841674805 22.9849529266357 29.4701862335205 30.2441577911377
30.5249214172363 30.537073135376 30.5498218536377 30.5307178497314 30.5886631011963 30.6406726837158 30.681188583374 30.6094589233398 30.5378799438477 30.5386600494385 30.5766067504883 30.5966186523438 30.5896186828613 30.6540946960449 30.6561603546143 -9999 -9999 -9999 -9999 -9999 -9999 -9999 -9999 -9999 -9999 -9999 -9999 -9999 -9999 -9999 -9999 -9999 -9999 -9999 -9999 -9999 -9999 -9999 -9999 -9999 -9999 -9999 -9999 -9999 -9999 -9999 -9999 -9999 -9999 -9999 -9999 30.2481384277344 30.2514324188232 30.2634391784668 16.5638332366943 21.7976570129395 29.193208694458
30.0284976959229 30.2386455535889 30.5931167602539 30.5642318725586 30.7121067047119 30.6584930419922 30.7110385894775 30.7364063262939 30.6920700073242 30.5621604919434 30.576732635498 30.6183795928955 30.6775646209717 30.6859188079834 30.6881713867188 -9999 -9999 -9999 -9999 -9999 -9999 -9999 -9999 -9999 -9999 -9999 -9999 -9999 -9999 -9999 -9999 -9999 -9999 -9999 -9999 -9999 -9999 -9999 -9999 -9999 -9999 -9999 -9999 -9999 -9999 -9999 -9999 -9999 -9999 -9999 -9999 30.2644729614258 30.2813129425049 29.129093170166 16.4693584442139 14.415415763855 11.751030921936
