G_variables/Set1/RCP2_2100/Min_tem_max.asc
NCOLS 229 
NROWS 147 
XLLCORNER -101.25 
YLLCORNER 14.3333333333333 
CELLSIZE 0.0833333333333333 
NODATA_value -9999 
[rows 0 to 25 of 147, columns 114 to 170 of 229]
-9999 -9999 -9999 -9999 -9999 -9999 -9999 -9999 -9999 -9999 -9999 -9999 -9999 -9999 -9999 -9999 -9999 -9999 -9999 -9999 -9999 -9999 -9999 -9999 -9999 -9999 -9999 -9999 -9999 -9999 -9999 -9999 -9999 -9999 -9999 -9999 -9999 -9999 -9999 -9999 -9999 -9999 -9999 -9999 -9999 -9999 -9999 -9999 -9999 -9999 -9999 -9999 -9999 -9999 -9999 -9999 -9999
-9999 -9999 -9999 -9999 -9999 -9999 -9999 -9999 -9999 -9999 -9999 -9999 -9999 -9999 -9999 -9999 -9999 -9999 -9999 -9999 -9999 -9999 -9999 -9999 -9999 -9999 -9999 -9999 -9999 -9999 -9999 -9999 -9999 -9999 -9999 -9999 -9999 -9999 -9999 -9999 -9999 -9999 -9999 -9999 -9999 -9999 -9999 -9999 -9999 -9999 -9999 -9999 -9999 -9999 -9999 -9999 -9999
-9999 -9999 -9999 -9999 -9999 -9999 -9999 -9999 -9999 -9999 -9999 -9999 -9999 -9999 -9999 -9999 -9999 -9999 -9999 -9999 -9999 -9999 -9999 -9999 -9999 -9999 -9999 -9999 -9999 -9999 -9999 -9999 -9999 -9999 -9999 -9999 -9999 -9999 -9999 -9999 -9999 -9999 -9999 -9999 -9999 -9999 -9999 -9999 -9999 -9999 -9999 -9999 -9999 -9999 -9999 -9999 3.98694729804993
-9999 -9999 -9999 -9999 -9999 -9999 -9999 -9999 -9999 -9999 -9999 -9999 -9999 -9999 -9999 -9999 -9999 -9999 -9999 -9999 -9999 -9999 -9999 -9999 -9999 -9999 -9999 -9999 -9999 -9999 -9999 -9999 -9999 -9999 -9999 -9999 -9999 -9999 -9999 -9999 -9999 -9999 -9999 -9999 -9999 -9999 -9999 -9999 -9999 -9999 -9999 -9999 -9999 -9999 3.98726439476013 3.98713088035583 3.98703026771545
-9999 -9999 -9999 -9999 -9999 -9999 -9999 -9999 -9999 -9999 -9999 -9999 -9999 -9999 -9999 -9999 -9999 -9999 -9999 -9999 -9999 -9999 -9999 -9999 -9999 -9999 -9999 -9999 -9999 -9999 -9999 -9999 -9999 -9999 -9999 -9999 -9999 -9999 -9999 -9999 -9999 -9999 -9999 -9999 -9999 -9999 -9999 -9999 -9999 -9999 -9999 -9999 -9999 3.98753213882446 3.98741006851196 3.98738360404968 3.99611949920654
-9999 -9999 -9999 -9999 -9999 -9999 -9999 -9999 -9999 -9999 -9999 -9999 -9999 -9999 -9999 -9999 -9999 -9999 -9999 -9999 -9999 -9999 -9999 -9999 -9999 -9999 -9999 -9999 -9999 -9999 -9999 -9999 -9999 -9999 -9999 -9999 -9999 -9999 -9999 -9999 -9999 -9999 -9999 -9999 -9999 -9999 -9999 -9999 -9999 -9999 -9999 3.98723077774048 3.98707866668701 3.99607634544373 3.99607634544373 3.99580359458923 3.99631857872009
-9999 -9999 -9999 -9999 -9999 -9999 -9999 -9999 -9999 -9999 -9999 -9999 -9999 -9999 -9999 -9999 -9999 -9999 -9999 -9999 -9999 -9999 -9999 -9999 -9999 -9999 -9999 -9999 -9999 -9999 -9999 -9999 -9999 -9999 -9999 -9999 -9999 -9999 -9999 -9999 -9999 -9999 -9999 -9999 -9999 -9999 -9999 -9999 -9999 -9999 3.98737001419067 3.99594330787659 3.99563002586365 3.99626088142395 3.99597525596619 3.99454355239868 3.99605751037598
-9999 -9999 -9999 -9999 -9999 -9999 -9999 -9999 -9999 -9999 -9999 -9999 -9999 -9999 -9999 -9999 -9999 -9999 -9999 -9999 -9999 -9999 -9999 -9999 -9999 -9999 -9999 -9999 -9999 -9999 -9999 -9999 -9999 -9999 -9999 -9999 -9999 -9999 -9999 -9999 -9999 -9999 -9999 -9999 -9999 -9999 -9999 -9999 3.996342420578 3.99586391448975 3.99671936035156 3.99518752098083 3.99588871002197 3.99625468254089 3.99610757827759 3.9965193271637 3.9964771270752
-9999 -9999 -9999 -9999 -9999 -9999 -9999 -9999 -9999 -9999 -9999 -9999 -9999 -9999 -9999 -9999 -9999 -9999 -9999 -9999 -9999 -9999 -9999 -9999 -9999 -9999 -9999 -9999 -9999 -9999 -9999 -9999 -9999 -9999 -9999 -9999 -9999 -9999 -9999 -9999 -9999 -9999 -9999 -9999 -9999 -9999 -9999 3.99690222740173 3.9963698387146 3.99686527252197 3.99629664421082 3.99633169174194 3.99668717384338 3.99658966064453 3.99622559547424 3.99658942222595 3.99713206291199
-9999 -9999 -9999 -9999 -9999 -9999 -9999 -9999 -9999 -9999 -9999 -9999 -9999 -9999 -9999 -9999 -9999 -9999 -9999 -9999 -9999 -9999 -9999 -9999 -9999 -9999 -9999 -9999 -9999 -9999 -9999 -9999 -9999 -9999 -9999 -9999 -9999 -9999 -9999 -9999 -9999 -9999 -9999 3.9983856678009 3.9974422454834 3.99658536911011 3.99712634086609 3.99658966064453 3.99627113342285 3.99693322181702 3.9966778755188 3.99684500694275 3.99678087234497 3.99654316902161 3.99576735496521 3.99658536911011 3.99651646614075
3.99519991874695 4.00275373458862 4.00228500366211 3.99503445625305 4.00380039215088 4.00414705276489 -9999 -9999 -9999 -9999 -9999 -9999 -9999 -9999 -9999 -9999 -9999 -9999 -9999 -9999 -9999 -9999 -9999 -9999 -9999 -9999 -9999 -9999 -9999 -9999 -9999 -9999 -9999 -9999 -9999 -9999 -9999 -9999 -9999 4.00000286102295 4.00006246566772 3.99949073791504 3.99900841712952 3.99906611442566 3.99846267700195 3.99714612960815 3.997807264328 3.99721479415894 3.99747514724731 3.99679470062256 3.99632692337036 3.99217796325684 3.99175333976746 3.99882650375366 3.99962568283081 3.99949955940247 3.99860048294067
4.00277662277222 4.00271701812744 4.00240898132324 3.99971866607666 4.00407648086548 4.0041241645813 4.00423192977905 4.0038480758667 4.00391292572021 4.00634002685547 4.00643491744995 4.00371599197388 4.00639677047729 4.00605440139771 -9999 -9999 -9999 -9999 -9999 -9999 -9999 -9999 -9999 -9999 -9999 -9999 -9999 -9999 -9999 -9999 -9999 -9999 -9999 -9999 -9999 -9999 4.00020217895508 4.00052642822266 4.00105333328247 4.00085687637329 4.00080299377441 3.99944138526917 3.99986171722412 3.99991846084595 3.99843549728394 3.99820756912231 3.99890542030334 3.99701404571533 3.99662709236145 3.99637532234192 4.00025510787964 4.00017833709717 3.99964308738708 4.00000286102295 3.99969530105591 3.99962449073792 3.99984979629517
4.00303983688354 4.00352716445923 4.00012731552124 4.00382995605469 4.00491952896118 4.0048189163208 4.00456571578979 4.00541305541992 4.00432538986206 4.00634145736694 4.00302839279175 4.00290012359619 4.00298881530762 4.0026478767395 4.00302410125732 4.00301456451416 4.00405120849609 -9999 4.00502443313599 4.00399684906006 4.00394582748413 4.00373411178589 4.00387907028198 4.00347805023193 4.00370693206787 4.00389099121094 4.00386381149292 4.00380945205688 4.00354194641113 4.00413656234741 4.00406885147095 4.00449800491333 4.00444459915161 4.00428295135498 4.00379705429077 4.00154638290405 4.0031533241272 4.00197505950928 4.00250434875488 4.00240564346313 4.00247669219971 4.00193214416504 4.00029134750366 3.99731588363647 3.99730134010315 3.99728035926819 3.99667739868164 4.00052642822266 4.00130081176758 3.99949073791504 4.00025606155396 4.00031280517578 3.99971318244934 4.00001859664917 3.99959492683411 3.99992346763611 3.99992871284485
4.00360059738159 4.0013256072998 3.99493360519409 4.00486850738525 4.00582027435303 4.00539970397949 4.00569581985474 4.00545310974121 4.00485277175903 4.00332641601562 4.00302886962891 4.00341272354126 4.00318431854248 4.00302457809448 4.00326824188232 4.00322246551514 4.00304746627808 4.00421094894409 4.00401067733765 4.00401067733765 4.00439739227295 4.00475931167603 4.00452566146851 4.00495767593384 4.00457668304443 4.00523233413696 4.00523376464844 4.00518798828125 4.0054178237915 4.00499439239502 4.00479936599731 4.00580167770386 4.00448608398438 4.00433254241943 4.00475454330444 4.00364685058594 4.00365495681763 4.00325965881348 4.00325679779053 4.0034327507019 4.00280570983887 4.00240278244019 4.00208806991577 4.00223302841187 4.0018138885498 4.00103282928467 4.00113153457642 4.00141620635986 4.0014328956604 4.00044345855713 4.00046014785767 4.00019454956055 3.99972558021545 4.0000262260437 3.99976992607117 3.99986577033997 4.00021123886108
4.00250482559204 4.00552368164062 4.00689268112183 4.00721549987793 4.00594139099121 4.00539684295654 4.00530385971069 4.00547218322754 4.00669479370117 4.0033278465271 4.00371217727661 4.00341367721558 4.00318479537964 4.00335025787354 4.00337505340576 3.99546313285828 4.00332498550415 4.0031852722168 4.00687503814697 4.00480461120605 4.00554656982422 4.00535440444946 4.00505352020264 4.00581741333008 4.00513505935669 4.00514793395996 4.00577831268311 4.00544500350952 4.0052661895752 4.00569915771484 4.00510740280151 4.00579357147217 4.00532674789429 4.00517892837524 4.00521183013916 4.00371265411377 4.00369358062744 4.00331735610962 4.00426959991455 4.00344514846802 4.00289440155029 4.00317192077637 4.00243234634399 4.00337934494019 4.00199890136719 4.00166416168213 4.00192546844482 4.00144958496094 4.00145769119263 4.00043344497681 4.00048971176147 4.00029325485229 3.99997138977051 4.00002670288086 4.00005769729614 3.99992227554321 4.00022077560425
4.00718975067139 4.00751972198486 4.0074987411499 4.00759601593018 4.00766897201538 4.00821685791016 4.00805044174194 4.00829601287842 4.00613927841187 4.00620555877686 4.00425291061401 4.00341367721558 4.00346803665161 4.00044727325439 4.00057792663574 4.00063276290894 4.00042676925659 4.00344944000244 4.00346851348877 4.00317907333374 4.00381755828857 4.0037055015564 4.00350046157837 4.00704193115234 4.00699949264526 4.00705909729004 4.00638246536255 4.00625324249268 4.00620031356812 4.00617551803589 4.00591516494751 4.00597763061523 4.00597333908081 4.00517272949219 4.00563812255859 4.00479221343994 4.00400447845459 4.00487184524536 4.0045018196106 4.00453281402588 4.00424480438232 4.00423717498779 4.00372552871704 4.00344944000244 4.00270128250122 4.00171613693237 4.00219774246216 4.00145053863525 4.00093173980713 4.00072479248047 4.00048589706421 4.00032567977905 3.99987268447876 4.00006580352783 3.99989795684814 4.00020933151245 4.00024700164795
4.00816345214844 4.00850629806519 4.00972461700439 4.00809812545776 4.00819826126099 4.00849056243896 4.00872564315796 4.00744390487671 4.0063681602478 4.00643110275269 4.00627470016479 4.00641918182373 4.00287628173828 4.00139188766479 4.00161647796631 4.00193738937378 4.00179529190063 3.99703812599182 4.00065135955811 4.00368070602417 4.00381851196289 4.00370693206787 4.00350141525269 4.00401782989502 4.00406074523926 4.00123500823975 4.00205945968628 4.00788640975952 4.00804471969604 4.00685596466064 4.00676727294922 4.00842380523682 4.00259685516357 4.00641775131226 4.00842332839966 4.00842380523682 4.00842523574829 4.00583124160767 4.00355434417725 4.0035548210144 4.00387048721313 4.00417327880859 4.01054668426514 4.00369358062744 4.00368976593018 4.00233316421509 4.00251388549805 4.0020899772644 4.00124597549438 4.00057649612427 4.00025463104248 4.00062608718872 4.0006890296936 4.00038290023804 3.99990630149841 4.00021982192993 4.00027465820312
4.00865364074707 4.00884675979614 4.00870418548584 4.00735759735107 4.00647687911987 4.00656795501709 4.00663280487061 4.0064582824707 4.00654792785645 4.00673770904541 4.00644302368164 4.00641965866089 4.0034065246582 4.00364446640015 4.0038857460022 4.00396108627319 4.00391912460327 3.99732685089111 4.00213098526001 4.00499820709229 4.00506019592285 4.00518226623535 4.00516080856323 4.00527191162109 4.0053448677063 4.00434827804565 4.00446176528931 4.00222063064575 4.00222063064575 4.00221872329712 4.00267219543457 4.00272369384766 4.00272369384766 4.00272369384766 4.00758171081543 4.00326871871948 4.00326919555664 4.00355577468872 4.00355625152588 4.00410175323486 4.00441694259644 4.01054716110229 4.0041356086731 4.01083469390869 4.00400018692017 4.00328588485718 4.00328779220581 4.00174331665039 4.00223016738892 4.00132703781128 4.00048017501831 4.0003833770752 4.00067090988159 4.00087547302246 3.99992394447327 4.00027561187744 4.0002760887146
4.00883674621582 4.00886297225952 4.00882196426392 4.008544921875 4.00890254974365 4.00869941711426 4.00676870346069 4.00724172592163 4.00694751739502 4.00697565078735 4.00411224365234 4.00389909744263 4.00407695770264 4.00454473495483 4.00443029403687 4.00457096099854 4.00450563430786 4.00451469421387 4.00449800491333 4.00216245651245 4.00149536132812 4.00204086303711 4.00224256515503 4.00509977340698 4.00219869613647 4.00550889968872 4.00514125823975 4.00522708892822 4.00572538375854 4.00572538375854 4.00379180908203 4.00412225723267 4.00272417068481 4.00272464752197 4.00909280776978 4.00381469726562 4.00381469726562 4.00410223007202 4.00410223007202 4.00441837310791 4.00441741943359 4.00471973419189 4.00471925735474 4.0108380317688 4.00472164154053 4.00416898727417 4.00329685211182 4.00214099884033 4.00036764144897 3.99707961082458 4.00068616867065 4.00062799453735 4.0002236366272 4.00073432922363 4.00020217895508 4.00026845932007 4.00049018859863
4.00921106338501 4.00958061218262 4.00906705856323 4.00906944274902 4.0094165802002 4.00914621353149 4.00923109054565 4.00778436660767 4.00696754455566 4.00454568862915 4.00473642349243 4.00447607040405 4.00461626052856 4.00468015670776 4.00460433959961 4.00498676300049 4.0053334236145 4.00500917434692 4.00488138198853 4.00860166549683 4.00870656967163 4.00557470321655 4.0136022567749 4.01319646835327 4.00573396682739 4.00258445739746 3.99895763397217 4.0068039894104 4.0068039894104 4.00708293914795 4.00708293914795 4.00735521316528 4.00762796401978 4.00767755508423 4.00471878051758 4.00471878051758 4.00471830368042 4.00500583648682 4.00410223007202 4.00441789627075 4.00471830368042 3.99893593788147 4.00496768951416 4.00264453887939 4.0394811630249 4.00867986679077 4.01497173309326 4.01395511627197 4.03954172134399 4.03420352935791 4.01375436782837 4.00106620788574 4.00016450881958 4.0003924369812 4.00078964233398 4.0012059211731 4.00153398513794
4.00663614273071 4.00693273544312 4.00779724121094 4.00787258148193 4.00808429718018 4.00768136978149 4.00781679153442 4.00811529159546 4.00788927078247 4.00805759429932 4.00808763504028 4.0122504234314 4.01147747039795 4.00567531585693 4.00600957870483 4.00669050216675 4.00591659545898 4.00594854354858 4.00602197647095 4.00884914398193 4.00892353057861 4.00609922409058 4.01464986801147 4.01486587524414 4.00878095626831 4.0062427520752 4.00437498092651 4.0042610168457 4.00442409515381 4.00445508956909 4.00472402572632 4.00762796401978 4.00762701034546 4.00767707824707 4.00767755508423 4.00767755508423 4.00762891769409 4.00762891769409 4.00762891769409 4.01305437088013 4.05896854400635 4.09113502502441 4.08493280410767 4.01992034912109 4.0689263343811 4.06407737731934 4.06121873855591 4.10917806625366 4.11001873016357 4.09003019332886 4.04995536804199 4.08349990844727 4.01094532012939 4.00998401641846 4.00107955932617 4.00109672546387 4.00148487091064
4.01049709320068 4.01007175445557 4.01057291030884 4.00853824615479 4.00831508636475 4.00872230529785 4.00858926773071 4.00843620300293 4.00837087631226 4.01283311843872 4.01147603988647 4.01216411590576 4.01186847686768 4.01123571395874 4.01135635375977 4.00950527191162 4.01218938827515 4.00655508041382 4.00653982162476 4.00187492370605 4.00690937042236 4.00681018829346 4.00984573364258 4.00939559936523 4.00190544128418 4.00190019607544 4.00721836090088 4.00724411010742 4.00744676589966 4.00744485855103 4.00744104385376 4.01033973693848 4.01033973693848 4.00478267669678 4.00444269180298 4.00734186172485 4.00762891769409 4.00762891769409 4.00793695449829 4.05043411254883 4.11086511611938 4.28326606750488 4.23696374893188 4.12156295776367 4.09345388412476 4.09680128097534 4.14915704727173 4.24036979675293 4.2408275604248 4.1525559425354 4.15285396575928 4.0965633392334 4.09186172485352 4.08298015594482 4.08341693878174 4.00344896316528 4.00249004364014
4.01390838623047 4.01257038116455 4.01159381866455 4.01142406463623 4.01232528686523 4.01319980621338 4.0112681388855 4.00896596908569 4.01244401931763 4.01151466369629 4.01157188415527 4.01195383071899 4.01206111907959 4.01171255111694 2.85411286354065 4.01184177398682 4.01289749145508 4.01013565063477 4.01018333435059 4.00990772247314 4.00737047195435 4.00725078582764 4.00729417800903 4.00814247131348 4.00787973403931 4.00779104232788 4.00757217407227 4.00759935379028 4.00745153427124 4.0074462890625 4.00744247436523 4.00744295120239 4.00744724273682 4.00745153427124 4.00749969482422 4.00753307342529 4.01067495346069 4.01067638397217 4.03439235687256 4.11236715316772 4.25135707855225 4.28246021270752 4.28363990783691 4.23846054077148 4.14971733093262 4.15028095245361 4.25242328643799 4.38509798049927 4.25653266906738 4.15331220626831 4.21396446228027 4.21655988693237 4.20400238037109 4.15628862380981 4.09915399551392 4.09430503845215 4.11663341522217
4.01339673995972 4.01374530792236 4.01388454437256 4.01452684402466 4.01692724227905 4.01436376571655 4.01401472091675 4.01399087905884 4.01251316070557 4.01357507705688 4.01368713378906 4.01145839691162 4.01176357269287 4.01180171966553 3.96967577934265 4.01227903366089 4.0108847618103 4.01132726669312 4.0114107131958 4.01057863235474 4.01103162765503 4.01370096206665 4.0105504989624 4.01054859161377 4.00836515426636 4.00819492340088 4.00789022445679 4.00792074203491 4.00775098800659 4.00289535522461 4.00774955749512 4.00781679153442 4.00783777236938 4.00784730911255 4.00783109664917 4.0078706741333 4.00775003433228 4.0113000869751 4.19308710098267 4.2818169593811 4.38276481628418 4.47158336639404 4.47075939178467 4.2404522895813 4.38158416748047 4.7887077331543 4.50297498703003 4.47627782821655 4.38795375823975 4.38914203643799 4.39322566986084 4.29480648040771 4.26422548294067 4.25505447387695 4.15392065048218 4.22048425674438 4.25815534591675
4.0140323638916 4.01441144943237 4.01416969299316 4.01376628875732 4.01465797424316 4.0146369934082 4.01483345031738 4.01524019241333 4.01546144485474 4.01302623748779 4.01344060897827 4.01352405548096 4.01352405548096 4.01365947723389 4.013756275177 4.01235008239746 4.0130090713501 4.01198482513428 4.01199960708618 4.0122857093811 4.01261615753174 4.01295137405396 4.01147651672363 4.01121425628662 4.01074981689453 4.01052904129028 4.01045274734497 4.00841617584229 4.01100921630859 4.01100873947144 4.01100921630859 4.00816535949707 4.00816535949707 4.01133871078491 4.00840950012207 4.00826120376587 4.00822496414185 4.01165294647217 4.19301176071167 4.38336420059204 4.53689050674438 4.5365195274353 6.23491334915161 7.2129602432251 6.29360103607178 4.55639743804932 4.79441690444946 4.79673480987549 4.80590724945068 4.56386613845825 4.555091381073 4.43406295776367 4.39895009994507 4.29873704910278 4.29870891571045 4.29995203018188 4.35319185256958
4.01428365707397 4.01450157165527 4.01435565948486 4.01445865631104 4.01478242874146 4.01468133926392 4.0149073600769 4.0153169631958 4.01544284820557 4.01580715179443 4.01598310470581 4.01354551315308 4.01366901397705 4.01367998123169 4.01371955871582 4.01400852203369 4.01530885696411 4.01516675949097 4.01511669158936 4.01346969604492 4.01522588729858 4.01242017745972 4.01246452331543 4.01163339614868 4.01144933700562 4.01129055023193 4.01079654693604 4.0108757019043 4.01064395904541 4.01325082778931 4.00847959518433 4.00848770141602 4.00840091705322 4.00851535797119 4.00854969024658 4.01224088668823 4.00898838043213 4.00852251052856 4.14663457870483 4.38060331344604 4.53353500366211 4.53573799133301 4.42183065414429 6.25919532775879 7.16483545303345 7.20455646514893 7.20457315444946 7.33991479873657 5.73928499221802 5.67824649810791 5.08466672897339 4.8350772857666 4.75933742523193 4.57376003265381 4.50232172012329 4.4049334526062 4.40617561340332
