G_variables/Set1/RCP2_2100/Sur_sal_min.asc
NCOLS 229 
NROWS 147 
XLLCORNER -101.25 
YLLCORNER 14.3333333333333 
CELLSIZE 0.0833333333333333 
NODATA_value -9999 
[rows 26 to 51 of 147, columns 57 to 113 of 229]
-9999 -9999 -9999 -9999 -9999 -9999 -9999 -9999 -9999 -9999 -9999 -9999 -9999 -9999 -9999 -9999 -9999 -9999 -9999 -9999 -9999 -9999 -9999 -9999 -9999 -9999 -9999 -9999 -9999 35.9368095397949 35.9375419616699 35.9402236938477 35.9581642150879 35.9689178466797 35.9839248657227 36.0056266784668 36.0066604614258 36.0149993896484 36.0346183776855 36.0364875793457 36.0387229919434 36.0575637817383 36.0611305236816 36.0457458496094 36.0434646606445 36.0409889221191 35.9975700378418 35.9634819030762 35.9512252807617 35.9032821655273 35.8753204345703 35.8635749816895 35.8443069458008 35.8488616943359 35.852352142334 35.857780456543 35.8887367248535
-9999 -9999 -9999 -9999 -9999 -9999 -9999 -9999 -9999 -9999 -9999 -9999 -9999 -9999 -9999 -9999 -9999 -9999 -9999 -9999 -9999 -9999 -9999 -9999 -9999 -9999 -9999 -9999 35.934455871582 35.9425315856934 35.9425315856934 35.9592628479004 35.9855995178223 35.9982109069824 36.0189247131348 36.0349731445312 36.0465202331543 36.0438919067383 36.0497398376465 36.0566902160645 36.0592460632324 36.0736312866211 36.0805244445801 36.0939865112305 36.0917739868164 36.0775718688965 36.0542793273926 36.0167007446289 35.9862823486328 35.9437408447266 35.9087104797363 35.8921318054199 35.8806533813477 35.8733406066895 35.8809432983398 35.8986206054688 35.9082450866699
-9999 -9999 -9999 -9999 -9999 -9999 -9999 -9999 -9999 -9999 -9999 -9999 -9999 -9999 -9999 -9999 -9999 -9999 -9999 -9999 -9999 -9999 -9999 -9999 -9999 -9999 -9999 -9999 35.9367179870605 35.9484252929688 35.9613227844238 35.9671516418457 35.9913864135742 36.0099792480469 36.0283737182617 36.0532493591309 36.0514640808105 36.048885345459 36.0610122680664 36.0659980773926 36.0658531188965 36.0849647521973 36.0998344421387 36.1041564941406 36.105037689209 36.0970001220703 36.0642547607422 36.0296325683594 36.011417388916 35.9561576843262 35.9301643371582 35.9144439697266 35.8907089233398 35.8942909240723 35.9013748168945 35.9080619812012 35.9298782348633
-9999 -9999 -9999 -9999 -9999 -9999 -9999 -9999 -9999 -9999 -9999 -9999 -9999 -9999 -9999 -9999 -9999 -9999 -9999 -9999 -9999 -9999 -9999 -9999 -9999 -9999 -9999 35.9262351989746 35.9427032470703 35.9629783630371 35.9691848754883 35.9908790588379 36.0101776123047 36.0175743103027 36.0392379760742 36.0502090454102 36.055721282959 36.0550804138184 36.0637741088867 36.0666084289551 36.0823974609375 36.1115226745605 36.1182060241699 36.1141548156738 36.1117210388184 36.1010780334473 36.0747489929199 36.0509986877441 36.0378379821777 35.994945526123 35.9674415588379 35.9595527648926 35.935676574707 35.936393737793 35.940055847168 35.949649810791 35.98681640625
-9999 -9999 -9999 -9999 -9999 -9999 -9999 -9999 -9999 -9999 -9999 -9999 -9999 -9999 -9999 -9999 -9999 -9999 -9999 -9999 -9999 -9999 -9999 -9999 -9999 -9999 -9999 35.9166679382324 35.9434089660645 35.9545555114746 35.9654693603516 36.0027961730957 36.0208778381348 36.0369033813477 36.0421981811523 36.044734954834 36.0544929504395 36.032829284668 36.0399169921875 36.0434875488281 36.0588340759277 36.101261138916 36.111442565918 36.1245002746582 36.1330490112305 36.1271667480469 36.1130752563477 36.0798683166504 36.052417755127 36.0277862548828 35.9942054748535 35.977367401123 35.9784469604492 35.9749450683594 35.9771347045898 36.0085182189941 36.0283470153809
35.2849197387695 35.3421859741211 35.3758506774902 35.4273300170898 -9999 -9999 -9999 -9999 -9999 -9999 -9999 -9999 -9999 -9999 -9999 -9999 -9999 -9999 -9999 -9999 -9999 -9999 -9999 -9999 -9999 -9999 35.908031463623 35.9260063171387 35.9421348571777 35.953784942627 35.9709663391113 36.0059051513672 36.0330390930176 36.0257186889648 36.0396385192871 36.046329498291 36.0382194519043 36.0242385864258 36.0226440429688 36.0354652404785 36.0501976013184 36.0805130004883 36.1056365966797 36.1193656921387 36.1263618469238 36.1362037658691 36.1165924072266 36.086311340332 36.0735740661621 36.0354385375977 36.009407043457 36.007568359375 35.9928245544434 36.0022506713867 36.015682220459 36.0248222351074 36.0599784851074
35.1676635742188 35.2588310241699 35.3077163696289 35.337947845459 35.4372138977051 35.4961395263672 35.5173301696777 35.5818977355957 35.6360549926758 -9999 -9999 -9999 -9999 -9999 -9999 -9999 -9999 -9999 -9999 -9999 -9999 -9999 -9999 -9999 -9999 -9999 35.9269371032715 35.9337844848633 35.9609069824219 35.9855651855469 35.994441986084 36.0181198120117 36.0177574157715 36.0248680114746 36.0171928405762 36.0131683349609 36.0116386413574 36.0103874206543 36.0091934204102 36.0062217712402 36.0466613769531 36.0685234069824 36.0797462463379 36.1042594909668 36.1137962341309 36.1249694824219 36.1156044006348 36.1007270812988 36.0928573608398 36.0650215148926 36.0569381713867 36.0380172729492 36.0446281433105 36.0624961853027 36.0681457519531 36.0850677490234 36.1049194335938
35.1603126525879 35.3284378051758 35.3176765441895 35.3563690185547 35.4937210083008 35.4942932128906 35.5452842712402 35.6609306335449 35.6688537597656 35.6984062194824 35.8000335693359 35.8032913208008 35.8367233276367 -9999 -9999 -9999 -9999 -9999 -9999 -9999 -9999 -9999 -9999 -9999 -9999 35.9447708129883 35.9476280212402 35.9568290710449 35.979320526123 35.9990386962891 36.0143127441406 36.0097274780273 36.0120620727539 36.0228729248047 35.9903907775879 35.9724617004395 35.9705123901367 35.9576187133789 35.9597511291504 35.9670181274414 35.9960441589355 36.0355606079102 36.0613594055176 36.1029434204102 36.1249122619629 36.1245994567871 36.1358528137207 36.1204452514648 36.1029243469238 36.0969886779785 36.0778694152832 36.0671119689941 36.0850448608398 36.0961608886719 36.1117095947266 36.1422348022461 36.1503295898438
35.2217979431152 35.3577728271484 35.3749847412109 35.4026031494141 35.513240814209 35.542537689209 35.58935546875 35.6793327331543 35.7140922546387 35.7367973327637 35.7993392944336 35.8493309020996 35.857250213623 35.8781967163086 35.8948554992676 35.8898582458496 35.8882141113281 35.8883361816406 -9999 -9999 -9999 -9999 -9999 -9999 -9999 35.9520492553711 35.9691925048828 35.9669647216797 35.9843978881836 36.0188102722168 36.0007743835449 36.0047874450684 36.0115356445312 35.9965515136719 35.9711036682129 35.9508857727051 35.9501266479492 35.9359359741211 35.936222076416 35.9575538635254 35.9907646179199 36.0219421386719 36.056713104248 36.0984916687012 36.1220932006836 36.1268653869629 36.1233062744141 36.1204833984375 36.1242485046387 36.0892219543457 36.0899276733398 36.1057472229004 36.1036529541016 36.122989654541 36.1459922790527 36.158390045166 36.1864242553711
35.3610153198242 35.4012222290039 35.5263710021973 35.5455856323242 35.5505256652832 35.6678352355957 35.6934356689453 35.7089691162109 35.7986907958984 35.8186912536621 35.8224716186523 35.8729133605957 35.8866691589355 35.8840255737305 35.9091415405273 35.9099235534668 35.8872756958008 35.9000358581543 35.9112358093262 35.9021377563477 35.9165077209473 35.9194450378418 35.9205627441406 -9999 -9999 35.9688835144043 35.9819259643555 35.9846839904785 35.9873695373535 35.9896430969238 35.9937705993652 35.9738540649414 35.9563751220703 35.9486236572266 35.9329605102539 35.9075698852539 35.9028625488281 35.9194412231445 35.9228706359863 35.9326934814453 35.9772491455078 36.0164222717285 36.0257301330566 36.0662384033203 36.0961570739746 36.0999870300293 36.0983200073242 36.1074371337891 36.1089706420898 36.1130905151367 36.1304092407227 36.1355056762695 36.1503791809082 36.1788902282715 36.1874389648438 36.1902542114258 36.2128753662109
35.5980911254883 35.6309204101562 35.6839561462402 35.7302207946777 35.7322883605957 35.7862815856934 35.8354568481445 35.8479423522949 35.8980026245117 35.9377021789551 35.9244804382324 35.9313774108887 35.9562072753906 35.9202041625977 35.9238433837891 35.926342010498 35.9061126708984 35.9161186218262 35.9237289428711 35.9192390441895 35.9409980773926 35.9436874389648 35.9547576904297 35.9832572937012 35.9997711181641 35.9911079406738 36.0009880065918 36.012393951416 35.9930191040039 35.9766654968262 35.9879417419434 35.9654006958008 35.9274711608887 35.9121627807617 35.8928260803223 35.8756561279297 35.8632621765137 35.8700065612793 35.8963012695312 35.9129295349121 35.9643745422363 36.010913848877 36.0343780517578 36.0804138183594 36.1020965576172 36.1130638122559 36.1250610351562 36.1155204772949 36.1117668151855 36.1306381225586 36.1581497192383 36.1623573303223 36.1866035461426 36.218017578125 36.2302589416504 36.242015838623 36.2522964477539
35.6844177246094 35.6747093200684 35.7784461975098 35.792911529541 35.7560577392578 35.8514518737793 35.8676109313965 35.8578224182129 35.9531555175781 35.9616279602051 35.9383277893066 35.9675407409668 35.9637565612793 35.9239768981934 35.925048828125 35.9247779846191 35.8961296081543 35.9090118408203 35.9126930236816 35.9010696411133 35.9417839050293 35.9585800170898 35.9607849121094 35.9963569641113 36.007942199707 35.995792388916 36.0067672729492 36.0065155029297 35.9841117858887 35.9706649780273 35.9557266235352 35.944580078125 35.9162940979004 35.8939437866211 35.8818740844727 35.8549308776855 35.8530731201172 35.8637619018555 35.8796653747559 35.9159851074219 35.9554862976074 36.0011901855469 36.0349884033203 36.0808715820312 36.1088829040527 36.1212921142578 36.1256523132324 36.11962890625 36.1294822692871 36.1388702392578 36.1677055358887 36.1863670349121 36.190185546875 36.2296257019043 36.2368202209473 36.2387924194336 36.2684097290039
35.717342376709 35.7738952636719 35.839656829834 35.847713470459 35.8758544921875 35.901554107666 35.9113807678223 35.9306259155273 35.9528846740723 35.9744987487793 35.9724235534668 35.9641799926758 35.9695053100586 35.9525184631348 35.9243469238281 35.9249076843262 35.9124870300293 35.9027633666992 35.9055099487305 35.9196891784668 35.9341354370117 35.9631996154785 35.9880180358887 35.9983596801758 36.010009765625 36.009449005127 35.9994621276855 35.9979286193848 35.9773597717285 35.9533576965332 35.9456100463867 35.9181365966797 35.8829574584961 35.8850440979004 35.8626289367676 35.8481826782227 35.8483734130859 35.8653678894043 35.8964004516602 35.9067344665527 35.9631042480469 36.0169906616211 36.0334815979004 36.0698280334473 36.1078720092773 36.1128044128418 36.1266975402832 36.1433525085449 36.1456108093262 36.1653327941895 36.1905784606934 36.1925849914551 36.216136932373 36.2463417053223 36.2471008300781 36.255199432373 36.2686004638672
35.7791481018066 35.8254318237305 35.8489723205566 35.8635330200195 35.8719215393066 35.8901519775391 35.9110946655273 35.928409576416 35.9474754333496 35.9733963012695 35.969051361084 35.9574165344238 35.952033996582 35.924690246582 35.9062461853027 35.9004096984863 35.8764915466309 35.877025604248 35.8806686401367 35.8868446350098 35.9159278869629 35.9470710754395 35.9691581726074 35.9945220947266 36.009349822998 35.9919281005859 35.9825592041016 35.974983215332 35.9551162719727 35.9540367126465 35.9363212585449 35.9006958007812 35.8764343261719 35.8698921203613 35.832893371582 35.822639465332 35.8235549926758 35.8297119140625 35.8780136108398 35.9029884338379 35.9553833007812 36.0266494750977 36.0604591369629 36.0665588378906 36.0960426330566 36.1075553894043 36.0901145935059 36.1276741027832 36.1362380981445 36.1275444030762 36.1759719848633 36.1895027160645 36.213924407959 36.2541923522949 36.2625579833984 36.274299621582 36.2756042480469
35.7817497253418 35.8256683349609 35.8541259765625 35.8625717163086 35.8687553405762 35.8869590759277 35.8996963500977 35.9231910705566 35.9418601989746 35.9455833435059 35.9617195129395 35.9467391967773 35.9382553100586 35.915340423584 35.8974304199219 35.885871887207 35.8690071105957 35.8653717041016 35.8676605224609 35.8808860778809 35.9010047912598 35.9173965454102 35.9615364074707 35.9816703796387 35.9895973205566 35.982536315918 35.9703025817871 35.9627952575684 35.9471588134766 35.9367218017578 35.926700592041 35.8951683044434 35.8669929504395 35.845085144043 35.8254928588867 35.8122863769531 35.8125228881836 35.8239326477051 35.8602256774902 35.8971748352051 35.9556159973145 36.0355262756348 36.0542221069336 36.0593032836914 36.0850830078125 36.0778999328613 36.0752449035645 36.098762512207 36.1158676147461 36.1168060302734 36.1461563110352 36.1848487854004 36.2082786560059 36.2432441711426 36.2721176147461 36.2785873413086 36.2782096862793
35.7734527587891 35.8107872009277 35.849365234375 35.8555145263672 35.8681144714355 35.8842697143555 35.891544342041 35.9124221801758 35.9198341369629 35.9229736328125 35.9220314025879 35.9036064147949 35.9107894897461 35.8902435302734 35.8772048950195 35.8726043701172 35.8656425476074 35.8515739440918 35.8537788391113 35.8748512268066 35.8850135803223 35.8943557739258 35.9226608276367 35.9296646118164 35.9413604736328 35.9432678222656 35.9433250427246 35.9401550292969 35.9274635314941 35.9052658081055 35.8997955322266 35.8769950866699 35.84033203125 35.8292999267578 35.811695098877 35.7897109985352 35.7912788391113 35.8236541748047 35.8563003540039 35.8773651123047 35.9474105834961 35.9904937744141 36.0018768310547 36.026725769043 36.0237197875977 36.0190544128418 36.0378913879395 36.0385589599609 36.04052734375 36.0875473022461 36.1212882995605 36.1371955871582 36.1973686218262 36.235767364502 36.2480010986328 36.274543762207 36.2853164672852
35.808177947998 35.823429107666 35.8322486877441 35.8446655273438 35.8477020263672 35.8632049560547 35.8745613098145 35.8997764587402 35.917854309082 35.9262657165527 35.914966583252 35.8874168395996 35.8876991271973 35.8587036132812 35.8361587524414 35.8357048034668 35.8299903869629 35.8292694091797 35.8313026428223 35.8365936279297 35.8526000976562 35.875114440918 35.8813972473145 35.8992462158203 35.9115791320801 35.8690147399902 35.8706741333008 35.876220703125 35.8548240661621 35.8763122558594 35.8655090332031 35.8314590454102 35.8166656494141 35.792049407959 35.7573394775391 35.7497901916504 35.7500038146973 35.7483406066895 35.7918739318848 35.8361396789551 35.882625579834 35.9412574768066 35.9692497253418 35.9435348510742 35.9317855834961 35.9322700500488 35.9136924743652 35.9418907165527 35.9496421813965 35.9674453735352 36.0406112670898 36.0700607299805 36.1170082092285 36.2085876464844 36.2258758544922 36.2385025024414 36.2772254943848
35.779483795166 35.7996253967285 35.8078460693359 35.8299522399902 35.8395843505859 35.850341796875 35.8670082092285 35.8930892944336 35.9055099487305 35.9128074645996 35.9085121154785 35.8785362243652 35.8735198974609 35.8505363464355 35.8216247558594 35.8224411010742 35.8210067749023 35.8147239685059 35.8168563842773 35.8278045654297 35.8396835327148 35.8409042358398 35.8656806945801 35.8767509460449 35.8639488220215 35.8441772460938 35.8267250061035 35.8339996337891 35.8272819519043 35.8308944702148 35.8414764404297 35.8183670043945 35.7862510681152 35.7751960754395 35.7459182739258 35.729133605957 35.7217102050781 35.7328491210938 35.7653617858887 35.7992248535156 35.8588638305664 35.9019050598145 35.9095458984375 35.9180183410645 35.8878211975098 35.8695297241211 35.8804244995117 35.8813858032227 35.8950157165527 35.9369735717773 35.9805946350098 36.0241317749023 36.0883483886719 36.1538696289062 36.2006721496582 36.2199211120605 36.2421531677246
35.7491493225098 35.7718467712402 35.7899780273438 35.7935409545898 35.8118934631348 35.8256721496582 35.8417854309082 35.859733581543 35.869743347168 35.8724098205566 35.8790512084961 35.8581314086914 35.8622741699219 35.8367576599121 35.8050270080566 35.8005409240723 35.7968215942383 35.7868003845215 35.7942085266113 35.806884765625 35.7969551086426 35.7989463806152 35.8189735412598 35.7906265258789 35.7941818237305 35.7856292724609 35.7555618286133 35.7531623840332 35.7606582641602 35.746036529541 35.7508811950684 35.7609786987305 35.7351264953613 35.7285842895508 35.7358016967773 35.7034072875977 35.7018547058105 35.7238807678223 35.7306900024414 35.7450904846191 35.791805267334 35.8069190979004 35.8105316162109 35.8248443603516 35.8028373718262 35.7948265075684 35.8185386657715 35.8103218078613 35.8141136169434 35.8830337524414 35.9081001281738 35.9269180297852 36.0109367370605 36.0667839050293 36.087646484375 36.1594429016113 36.2034111022949
35.7549705505371 35.7688522338867 35.7690887451172 35.777027130127 35.7820739746094 35.801155090332 35.8203468322754 35.8507652282715 35.8750038146973 35.8782768249512 35.8688468933105 35.858570098877 35.8511810302734 35.8192672729492 35.7915954589844 35.780101776123 35.7689590454102 35.7651443481445 35.7730751037598 35.7701377868652 35.7706336975098 35.7787895202637 35.7498016357422 35.7300910949707 35.731258392334 35.6977806091309 35.6657676696777 35.6557502746582 35.6614608764648 35.6767311096191 35.6783638000488 35.6803016662598 35.697093963623 35.6803016662598 35.6494445800781 35.6563339233398 35.6540832519531 35.6348457336426 35.657356262207 35.6856002807617 35.7173728942871 35.7573509216309 35.7670211791992 35.7354621887207 35.7158432006836 35.7046508789062 35.6839027404785 35.7171821594238 35.7318344116211 35.7484893798828 35.8020820617676 35.845531463623 35.892463684082 35.9648246765137 36.0034561157227 36.0754051208496 36.1597137451172
35.7261390686035 35.7452087402344 35.7491111755371 35.748104095459 35.7579879760742 35.7726402282715 35.7981834411621 35.8303070068359 35.8482208251953 35.8580055236816 35.8484344482422 35.8179397583008 35.8302764892578 35.7979736328125 35.7712631225586 35.7532844543457 35.7468070983887 35.7417221069336 35.7481307983398 35.75341796875 35.7493553161621 35.7341957092285 35.7189865112305 35.6737632751465 35.6764717102051 35.6595039367676 35.611156463623 35.5921211242676 35.6220283508301 35.6209297180176 35.6215362548828 35.6418304443359 35.6344795227051 35.6357650756836 35.6196098327637 35.5943260192871 35.6025810241699 35.6049156188965 35.6152648925781 35.6264991760254 35.6800117492676 35.7031555175781 35.7062377929688 35.6978645324707 35.6557579040527 35.6443176269531 35.6466064453125 35.6474304199219 35.6572799682617 35.7074699401855 35.7344245910645 35.7659759521484 35.8442153930664 35.8914947509766 35.9488983154297 36.0364875793457 36.089771270752
35.6946334838867 35.7265968322754 35.7349319458008 35.7365417480469 35.7481842041016 35.7667274475098 35.7835693359375 35.8067283630371 35.8233947753906 35.8300514221191 35.823802947998 35.8052787780762 35.808048248291 35.8005180358887 35.762638092041 35.7612113952637 35.7439880371094 35.7285003662109 35.7347717285156 35.7240447998047 35.7027473449707 35.6978492736816 35.6681098937988 35.6195678710938 35.6237373352051 35.6224098205566 35.581298828125 35.5773315429688 35.576774597168 35.5566635131836 35.5626220703125 35.5673866271973 35.564380645752 35.5684509277344 35.5778388977051 35.5468368530273 35.549674987793 35.5879440307617 35.5789184570312 35.5841064453125 35.6107711791992 35.6148529052734 35.6185684204102 35.6161613464355 35.5939788818359 35.5867958068848 35.6009292602539 35.5767097473145 35.5840110778809 35.6470222473145 35.6707038879395 35.6850662231445 35.7696876525879 35.828929901123 35.8588447570801 35.9590797424316 36.0389518737793
35.7106399536133 35.7169914245605 35.7062606811523 35.7090721130371 35.7084617614746 35.7193565368652 35.737964630127 35.7934112548828 35.8245162963867 35.8328514099121 35.818058013916 35.8034019470215 35.7946968078613 35.7440986633301 35.7446937561035 35.7305755615234 35.6899795532227 35.6805572509766 35.6794013977051 35.6719207763672 35.6750640869141 35.664306640625 35.6183586120605 35.5947074890137 35.5815887451172 35.5571556091309 35.5622520446777 35.5543327331543 35.5379257202148 35.4988059997559 35.5085945129395 35.5125122070312 35.5059394836426 35.5040664672852 35.4736061096191 35.4858512878418 35.4830017089844 35.4503784179688 35.499439239502 35.5151138305664 35.5026206970215 35.5359878540039 35.538444519043 35.5214538574219 35.516731262207 35.5038070678711 35.4758529663086 35.5017356872559 35.5185585021973 35.5395545959473 35.5934829711914 35.6248588562012 35.6568756103516 35.7205963134766 35.7725105285645 35.8518409729004 35.9653053283691
35.6990814208984 35.7003440856934 35.6908912658691 35.6858673095703 35.6890487670898 35.7049827575684 35.7229614257812 35.7604789733887 35.8000297546387 35.8198127746582 35.8156356811523 35.7957534790039 35.7770843505859 35.7383499145508 35.7128448486328 35.6938819885254 35.6641426086426 35.6534881591797 35.6454086303711 35.6366271972656 35.6264495849609 35.6308364868164 35.6046867370605 35.5643272399902 35.5707092285156 35.5491104125977 35.5279388427734 35.5294761657715 35.5216903686523 35.4992408752441 35.4748497009277 35.4875335693359 35.4673118591309 35.4409255981445 35.4490776062012 35.4410667419434 35.425952911377 35.4200973510742 35.426815032959 35.4367713928223 35.4572639465332 35.4708595275879 35.4838905334473 35.4760055541992 35.4477653503418 35.4485397338867 35.4520874023438 35.4605941772461 35.4754981994629 35.5150604248047 35.5423011779785 35.5618934631348 35.6186981201172 35.6709632873535 35.7117004394531 35.8059387207031 35.8948516845703
35.6705436706543 35.6714744567871 35.6828155517578 35.6814002990723 35.6907844543457 35.6982116699219 35.7088279724121 35.738094329834 35.7615509033203 35.7675018310547 35.7798309326172 35.749195098877 35.7481460571289 35.7168312072754 35.6706809997559 35.656982421875 35.6347846984863 35.5945205688477 35.5916175842285 35.5891265869141 35.5646133422852 35.5642318725586 35.5671310424805 35.5420188903809 35.5526924133301 35.5426712036133 35.5278091430664 35.5264701843262 35.5165367126465 35.4901580810547 35.484561920166 35.4623718261719 35.4151039123535 35.4045944213867 35.3937644958496 35.3528518676758 35.3503379821777 35.3612060546875 35.342960357666 35.3429298400879 35.3684501647949 35.3559837341309 35.3594398498535 35.3960952758789 35.3862037658691 35.3884811401367 35.4167251586914 35.4108505249023 35.4171752929688 35.4683876037598 35.4823989868164 35.4886703491211 35.5606498718262 35.5942535400391 35.6165542602539 35.7318077087402 35.8111190795898
35.6942558288574 35.6799507141113 35.6627464294434 35.6587066650391 35.6556434631348 35.671573638916 35.690975189209 35.7185974121094 35.7414703369141 35.7587928771973 35.737247467041 35.7068939208984 35.6953735351562 35.6303558349609 35.6062202453613 35.5804176330566 35.5346870422363 35.5175704956055 35.5115089416504 35.5102272033691 35.5201606750488 35.5113830566406 35.5174179077148 35.5183753967285 35.5186042785645 35.5107536315918 35.5155601501465 35.5075988769531 35.4918937683105 35.4922027587891 35.4781684875488 35.4301338195801 35.3837585449219 35.3728904724121 35.3255920410156 35.2663879394531 35.2641716003418 35.2401695251465 35.224479675293 35.227954864502 35.2410545349121 35.2594528198242 35.2630844116211 35.28955078125 35.3211479187012 35.3192672729492 35.3238220214844 35.354076385498 35.3688545227051 35.396411895752 35.4259223937988 35.4469146728516 35.4856872558594 35.4996490478516 35.5405311584473 35.6487808227539 35.7195014953613
