G_variables/Set1/RCP2_2100/Sur_tem_min.asc
NCOLS 229 
NROWS 147 
XLLCORNER -101.25 
YLLCORNER 14.3333333333333 
CELLSIZE 0.0833333333333333 
NODATA_value -9999 
[rows 104 to 129 of 147, columns 171 to 227 of 229]
26.6897163391113 26.6827602386475 26.6689548492432 26.6618423461914 26.6615428924561 26.6602516174316 26.6740474700928 26.6777267456055 26.6742916107178 26.6792888641357 26.6880569458008 26.7022228240967 26.701717376709 26.6858577728271 26.6792182922363 26.6754894256592 26.6755695343018 26.6797637939453 26.689603805542 26.6989421844482 26.6909465789795 26.6972522735596 26.7054004669189 26.7267951965332 26.7325000762939 26.7288494110107 26.739538192749 26.7445526123047 26.7624778747559 26.771183013916 26.7768573760986 26.7909469604492 26.798246383667 26.8074169158936 26.8334617614746 26.8390808105469 26.8452167510986 26.8627128601074 26.8539695739746 26.8555850982666 26.8670272827148 26.8576164245605 26.8557033538818 26.8562107086182 26.8512077331543 26.8565826416016 26.8758926391602 26.8879451751709 26.8934497833252 26.9021129608154 26.8938770294189 26.8928833007812 26.9055995941162 26.9011783599854 26.9023990631104 26.9108982086182 -9999
26.7021522521973 26.6785755157471 26.6662464141846 26.6692810058594 26.6785411834717 26.6754627227783 26.6774406433105 26.6776180267334 26.6765060424805 26.6835708618164 26.692024230957 26.708215713501 26.7096538543701 26.6920127868652 26.6828117370605 26.682502746582 26.6884059906006 26.6924362182617 26.691915512085 26.6984844207764 26.6972885131836 26.7081890106201 26.7161884307861 26.7333450317383 26.7457523345947 26.7379665374756 26.7411327362061 26.7541828155518 26.761302947998 26.7689685821533 26.7868671417236 26.7947788238525 26.7968292236328 26.8127517700195 26.8279056549072 26.8380451202393 26.8486385345459 26.8498153686523 26.8516845703125 26.8547801971436 26.8539142608643 26.8560981750488 26.8511543273926 26.8491897583008 26.8485431671143 26.8577346801758 26.8740901947021 26.8880615234375 26.8998203277588 26.8964519500732 26.8916358947754 26.8983974456787 26.897518157959 26.8966693878174 26.9023456573486 26.9019260406494 26.9006671905518
26.670841217041 26.6698322296143 26.6608848571777 26.6895446777344 26.6768550872803 26.6775379180908 26.6801338195801 26.6807670593262 26.6836013793945 26.6851501464844 26.6912899017334 26.6997718811035 26.7020034790039 26.7001609802246 26.694356918335 26.706392288208 26.7086505889893 26.7093868255615 26.7097396850586 26.7171669006348 26.7229824066162 26.7291946411133 26.7356643676758 26.7441539764404 26.7556896209717 26.7566318511963 26.7557506561279 26.7777976989746 26.7762184143066 26.7792434692383 26.7964000701904 26.806339263916 26.8091850280762 26.8157558441162 26.8272438049316 26.8326396942139 26.8420810699463 26.8457431793213 26.8457508087158 26.8507385253906 26.8445262908936 26.8462753295898 26.8436603546143 26.8439693450928 26.8479290008545 26.8525085449219 26.8608837127686 26.8756828308105 26.8882503509521 26.8935871124268 26.8958206176758 26.9089279174805 26.906379699707 26.9065570831299 26.913423538208 26.9185943603516 26.9177055358887
26.6679134368896 26.6977310180664 26.6824226379395 26.6819858551025 26.6995429992676 26.6905117034912 26.6848430633545 26.7019023895264 26.6846866607666 26.6851425170898 26.6947212219238 26.6945362091064 26.70290184021 26.7092723846436 26.7059707641602 26.7052822113037 26.7150459289551 26.717321395874 26.7228660583496 26.7294769287109 26.7287197113037 26.73464012146 26.7469596862793 26.7499198913574 26.7576084136963 26.7640438079834 26.7705249786377 26.7755661010742 26.7905235290527 26.7963886260986 26.798656463623 26.8135147094727 26.8122215270996 26.8160572052002 26.832763671875 26.8354797363281 26.8342552185059 26.8463401794434 26.843677520752 26.8444728851318 26.848726272583 26.8446578979492 26.8472957611084 26.8402824401855 26.8458671569824 26.8495769500732 26.8618240356445 26.8734283447266 26.8812351226807 26.8999137878418 26.9015731811523 26.9049549102783 26.918571472168 26.9209480285645 26.9169025421143 26.9217300415039 26.9197196960449
26.661096572876 26.6624774932861 26.6629180908203 26.6782188415527 26.6763515472412 26.6795024871826 26.687084197998 26.6750621795654 26.6726417541504 26.6797866821289 26.6816005706787 26.6820087432861 26.6967430114746 26.6983623504639 26.6971797943115 26.7098770141602 26.7126865386963 26.7186393737793 26.7253475189209 26.7235584259033 26.7262268066406 26.7378444671631 26.7429351806641 26.7449073791504 26.7587604522705 26.76123046875 26.767017364502 26.7771244049072 26.780237197876 26.7945251464844 26.7999744415283 26.8041400909424 26.8058071136475 26.8118629455566 26.8236789703369 26.8268222808838 26.8257122039795 26.8278923034668 26.8340587615967 26.8366546630859 26.8380451202393 26.8470344543457 26.8416919708252 26.8344230651855 26.8365058898926 26.846305847168 26.8584308624268 26.8624057769775 26.8778839111328 26.8894176483154 26.8915386199951 26.9065570831299 26.9118919372559 26.9185829162598 -9999 -9999 -9999
26.626615524292 26.6273460388184 26.6333961486816 26.65087890625 26.6519546508789 26.655029296875 26.6628704071045 26.6482582092285 26.647533416748 26.6558589935303 26.6579341888428 26.6613082885742 26.6777496337891 26.6810626983643 26.6849575042725 26.6994457244873 26.7030639648438 26.7119426727295 26.7190589904785 26.7216701507568 26.7238864898682 26.7348384857178 26.7418327331543 26.7424449920654 26.7562103271484 26.7600383758545 26.7620182037354 26.772497177124 26.7772598266602 26.7864875793457 26.7962646484375 26.792760848999 26.7938060760498 26.7986297607422 26.8076438903809 26.8101558685303 26.8081092834473 26.8113918304443 26.8130359649658 26.817512512207 26.8189086914062 26.8298873901367 26.8256397247314 26.820463180542 26.8225936889648 26.8393688201904 26.8424625396729 26.8496322631836 26.86474609375 26.875280380249 26.881778717041 26.8980140686035 -9999 -9999 -9999 -9999 -9999
26.6107997894287 26.6240253448486 26.6347694396973 26.6405715942383 26.6535797119141 26.6418724060059 26.6418437957764 26.6640453338623 26.6604995727539 26.661226272583 26.6741809844971 26.6701507568359 26.6695079803467 26.6942443847656 26.6858158111572 26.694694519043 26.7197284698486 26.7074279785156 26.7057437896729 26.7401714324951 26.7329559326172 26.7383232116699 26.7621459960938 26.7502384185791 26.751974105835 26.7726993560791 26.764087677002 26.767162322998 26.7846584320068 26.7748394012451 26.784761428833 26.8000431060791 26.7943859100342 26.7944183349609 26.8057384490967 26.8054389953613 26.8084812164307 26.8112945556641 26.8151454925537 26.8176536560059 26.8190612792969 26.8177509307861 26.8197689056396 26.818489074707 26.8239135742188 26.8274307250977 26.8361358642578 26.8496589660645 26.852689743042 -9999 -9999 -9999 -9999 -9999 -9999 -9999 -9999
26.6042537689209 26.6048336029053 26.6121864318848 26.6282825469971 26.6279830932617 26.6205406188965 26.6297302246094 26.6398582458496 26.638053894043 26.6460647583008 26.6458644866943 26.6443367004395 26.6523246765137 26.6590728759766 26.6656551361084 26.6808681488037 26.6888656616211 26.6869621276855 26.6949367523193 26.7099189758301 26.7136421203613 26.7279319763184 26.7318706512451 26.7336921691895 26.7409362792969 26.7479305267334 26.7492218017578 26.7572402954102 26.7669639587402 26.7643508911133 26.7737846374512 26.7783908843994 26.7813396453857 26.7845802307129 26.7912445068359 26.7943687438965 26.7970333099365 26.7997589111328 26.8045501708984 26.8093605041504 26.8125095367432 26.8111248016357 26.8145751953125 26.8117084503174 26.8143157958984 26.8250522613525 -9999 -9999 -9999 -9999 -9999 -9999 -9999 -9999 -9999 -9999 -9999
26.5787773132324 26.5704612731934 26.5728893280029 26.5907726287842 26.5908184051514 26.593677520752 26.6014595031738 26.5971279144287 26.5937614440918 26.6007766723633 26.597131729126 26.607873916626 26.6221027374268 26.6133232116699 26.6251773834229 26.643741607666 26.6492118835449 26.656457901001 26.6683444976807 26.6722850799561 26.6791362762451 26.6929340362549 26.6986045837402 26.7022132873535 26.7146873474121 26.7148418426514 26.7228660583496 26.7315788269043 26.7342872619629 26.7352733612061 26.7402515411377 26.7499694824219 26.7492160797119 26.752161026001 26.7656593322754 26.7695198059082 26.7725162506104 26.7723808288574 26.7802295684814 26.7865962982178 26.7907905578613 26.7951202392578 26.7942199707031 26.7935523986816 -9999 -9999 -9999 -9999 -9999 -9999 -9999 -9999 -9999 -9999 -9999 -9999 -9999
26.5532817840576 26.5659713745117 26.5779304504395 26.5834808349609 26.584098815918 26.5843887329102 26.5803546905518 26.57741355896 26.5878562927246 26.5836086273193 26.574125289917 26.5802822113037 26.586009979248 26.6041240692139 26.6229438781738 26.6344966888428 26.6264266967773 26.6433792114258 26.6514778137207 26.6620388031006 26.6692409515381 26.6747245788574 26.6876068115234 26.6899318695068 26.6934185028076 26.7034740447998 26.7142715454102 26.7195987701416 26.7159729003906 26.7248458862305 26.7254009246826 26.7324695587158 26.7460384368896 26.7455081939697 26.7595882415771 26.7509593963623 26.7528057098389 26.7655982971191 26.7747325897217 26.781717300415 26.7805614471436 -9999 -9999 -9999 -9999 -9999 -9999 -9999 -9999 -9999 -9999 -9999 -9999 -9999 -9999 -9999 -9999
26.5431365966797 26.5510902404785 26.5611610412598 26.5743980407715 26.5692958831787 26.5663909912109 26.5717620849609 26.5661277770996 26.5675868988037 26.5693073272705 26.5578384399414 26.5352458953857 26.5524826049805 26.5786304473877 26.5997047424316 26.6227931976318 26.6177139282227 26.6267871856689 26.6403503417969 26.6479053497314 26.6521148681641 26.6629810333252 26.6641807556152 26.6620597839355 26.6741580963135 26.6863117218018 26.6953601837158 26.7075138092041 26.7057914733887 26.7082290649414 26.7181148529053 26.7205696105957 26.7299041748047 26.7390727996826 26.7309761047363 26.7161312103271 26.7247467041016 26.7464904785156 26.7613677978516 -9999 -9999 -9999 -9999 -9999 -9999 -9999 -9999 -9999 -9999 -9999 -9999 -9999 -9999 -9999 -9999 -9999 -9999
26.5139141082764 26.5216217041016 26.5257759094238 26.536003112793 26.5306911468506 26.5289783477783 26.5363388061523 26.5316410064697 26.531156539917 26.5329742431641 26.5208206176758 26.4954833984375 26.5094375610352 26.5399532318115 26.5608577728271 26.5872478485107 26.5851573944092 26.5920181274414 26.600736618042 26.6056690216064 26.6111125946045 26.6249027252197 26.6235370635986 26.6204452514648 26.6332550048828 26.6463470458984 26.6577930450439 26.6707324981689 26.6735496520996 26.6758594512939 26.6865310668945 26.6874618530273 26.7003288269043 26.7041931152344 26.6956520080566 26.6800899505615 -9999 -9999 -9999 -9999 -9999 -9999 -9999 -9999 -9999 -9999 -9999 -9999 -9999 -9999 -9999 -9999 -9999 -9999 -9999 -9999 -9999
26.507474899292 26.5159950256348 26.521821975708 26.5230560302734 26.5138149261475 26.5223865509033 26.5222644805908 26.5185298919678 26.5244293212891 26.5202484130859 26.5160675048828 26.5154838562012 26.520040512085 26.5362377166748 26.560188293457 26.5725631713867 26.5726184844971 26.5852012634277 26.5835094451904 26.5906543731689 26.6049575805664 26.6081619262695 26.6151447296143 26.6197719573975 26.6247291564941 26.6368503570557 26.6501388549805 26.6575450897217 26.6638851165771 26.6667594909668 26.6682834625244 26.6840362548828 26.6944198608398 -9999 -9999 -9999 -9999 -9999 -9999 -9999 -9999 -9999 -9999 -9999 -9999 -9999 -9999 -9999 -9999 -9999 -9999 -9999 -9999 -9999 -9999 -9999 -9999
26.5064659118652 26.5126171112061 26.5134944915771 26.5206336975098 26.5104579925537 26.5109825134277 26.519702911377 26.5166664123535 26.5158081054688 26.5220508575439 26.5210247039795 26.5174884796143 26.5312271118164 26.5441150665283 26.5532627105713 26.5692481994629 26.5650959014893 26.5727958679199 26.5808410644531 26.5842971801758 26.59130859375 26.6032619476318 26.608039855957 26.6096477508545 26.6225357055664 26.627950668335 26.6353130340576 26.6471138000488 26.6538867950439 26.6495742797852 26.6594161987305 -9999 -9999 -9999 -9999 -9999 -9999 -9999 -9999 -9999 -9999 -9999 -9999 -9999 -9999 -9999 -9999 -9999 -9999 -9999 -9999 -9999 -9999 -9999 -9999 -9999 -9999
26.4911365509033 26.4902362823486 26.4903812408447 26.4966278076172 26.485689163208 26.4861392974854 26.4956703186035 26.4966297149658 26.495906829834 26.5055675506592 26.4999656677246 26.4992980957031 26.5157318115234 26.5250968933105 26.5313301086426 26.5445690155029 26.5411033630371 26.5444049835205 26.5475597381592 26.5528469085693 26.5564823150635 26.5710468292236 26.5742473602295 26.5763912200928 26.5876197814941 26.5888500213623 26.5926189422607 26.6061935424805 -9999 -9999 -9999 -9999 -9999 -9999 -9999 -9999 -9999 -9999 -9999 -9999 -9999 -9999 -9999 -9999 -9999 -9999 -9999 -9999 -9999 -9999 -9999 -9999 -9999 -9999 -9999 -9999 -9999
26.4881191253662 26.481653213501 26.4904651641846 26.4833927154541 26.4728107452393 26.4853706359863 26.487398147583 26.4881343841553 26.4960231781006 26.5001182556152 26.5032691955566 26.5074672698975 26.513355255127 26.5241107940674 26.5311794281006 26.5292720794678 26.5329570770264 26.5400104522705 26.5347003936768 26.5379600524902 26.5530986785889 26.5596885681152 26.5675849914551 26.5727119445801 26.5744113922119 26.5818691253662 -9999 -9999 -9999 -9999 -9999 -9999 -9999 -9999 -9999 -9999 -9999 -9999 -9999 -9999 -9999 -9999 -9999 -9999 -9999 -9999 -9999 -9999 -9999 -9999 -9999 -9999 -9999 -9999 -9999 -9999 -9999
26.4927806854248 26.4923858642578 26.4890956878662 26.4936332702637 26.4898242950439 26.4886093139648 26.4960536956787 26.4941177368164 26.4963188171387 26.5064849853516 26.5055484771729 26.5091361999512 26.5192947387695 26.5257358551025 26.5312328338623 26.5359764099121 26.5373039245605 26.5402317047119 26.5414733886719 26.5477733612061 26.5521030426025 26.5560913085938 26.560338973999 -9999 -9999 -9999 -9999 -9999 -9999 -9999 -9999 -9999 -9999 -9999 -9999 -9999 -9999 -9999 -9999 -9999 -9999 -9999 -9999 -9999 -9999 -9999 -9999 -9999 -9999 -9999 -9999 -9999 -9999 -9999 -9999 -9999 -9999
26.4910831451416 26.4882640838623 26.4852333068848 26.4863967895508 26.4826469421387 26.4792537689209 26.4864768981934 26.4880676269531 26.4890365600586 26.5005416870117 26.50124168396 26.5046768188477 26.5142669677734 26.51584815979 26.518030166626 26.5230541229248 26.521577835083 26.5220775604248 26.5217418670654 26.5212726593018 -9999 -9999 -9999 -9999 -9999 -9999 -9999 -9999 -9999 -9999 -9999 -9999 -9999 -9999 -9999 -9999 -9999 -9999 -9999 -9999 -9999 -9999 -9999 -9999 -9999 -9999 -9999 -9999 -9999 -9999 -9999 -9999 -9999 -9999 -9999 -9999 -9999
26.5011501312256 26.4922161102295 26.493371963501 26.4858283996582 26.4762115478516 26.4845790863037 26.4826374053955 26.4892959594727 26.4959774017334 26.4991664886475 26.4997425079346 26.510684967041 26.5138072967529 26.5158252716064 26.519889831543 26.5191059112549 26.5126190185547 26.5204639434814 26.5137939453125 26.50758934021 -9999 -9999 -9999 -9999 -9999 -9999 -9999 -9999 -9999 -9999 -9999 -9999 -9999 -9999 -9999 -9999 -9999 -9999 -9999 -9999 -9999 -9999 -9999 -9999 -9999 -9999 -9999 -9999 -9999 -9999 -9999 -9999 -9999 -9999 -9999 -9999 -9999
26.5242519378662 26.5121173858643 26.4993801116943 26.4938373565674 26.4858474731445 26.4842662811279 26.4932041168213 26.494327545166 26.4941596984863 26.5073261260986 26.5121402740479 26.5139236450195 26.5226192474365 26.5192928314209 26.5222263336182 26.5210914611816 26.5198917388916 26.5187835693359 26.5112247467041 -9999 -9999 -9999 -9999 -9999 -9999 -9999 -9999 -9999 -9999 -9999 -9999 -9999 -9999 -9999 -9999 -9999 -9999 -9999 -9999 -9999 -9999 -9999 -9999 -9999 -9999 -9999 -9999 -9999 -9999 -9999 -9999 -9999 -9999 -9999 -9999 -9999 -9999
26.5582294464111 26.5258598327637 26.5077686309814 26.4996204376221 26.4903812408447 26.4855403900146 26.4912948608398 26.492618560791 26.4968795776367 26.5097179412842 26.5135688781738 26.5189590454102 26.5262756347656 26.5218524932861 26.5212955474854 26.5193748474121 26.5159759521484 26.5036106109619 -9999 -9999 -9999 -9999 -9999 -9999 -9999 -9999 -9999 -9999 -9999 -9999 -9999 -9999 -9999 -9999 -9999 -9999 -9999 -9999 -9999 -9999 -9999 -9999 -9999 -9999 -9999 -9999 -9999 -9999 -9999 -9999 -9999 -9999 -9999 -9999 -9999 -9999 -9999
26.5504188537598 26.5202827453613 26.5106773376465 26.5001106262207 26.4845371246338 26.4932460784912 26.489875793457 26.4866142272949 26.5038051605225 26.5081462860107 26.5137901306152 26.522497177124 26.5237464904785 26.5269298553467 26.5236263275146 26.5205898284912 26.5200538635254 -9999 -9999 -9999 -9999 -9999 -9999 -9999 -9999 -9999 -9999 -9999 -9999 -9999 -9999 -9999 -9999 -9999 -9999 -9999 -9999 -9999 -9999 -9999 -9999 -9999 -9999 -9999 -9999 -9999 -9999 -9999 -9999 -9999 -9999 -9999 -9999 -9999 -9999 -9999 -9999
26.5325050354004 26.5219116210938 26.5107803344727 26.5046882629395 26.4970455169678 26.4951343536377 26.4986972808838 26.50221824646 26.5016803741455 26.5161304473877 26.5173301696777 26.5200347900391 26.5272750854492 26.524658203125 26.5253505706787 26.5228176116943 26.5205268859863 -9999 -9999 -9999 -9999 -9999 -9999 -9999 -9999 -9999 -9999 -9999 -9999 -9999 -9999 -9999 -9999 -9999 -9999 -9999 -9999 -9999 -9999 -9999 -9999 -9999 -9999 -9999 -9999 -9999 -9999 -9999 -9999 -9999 -9999 -9999 -9999 -9999 -9999 -9999 -9999
26.5294036865234 26.5227203369141 26.5203113555908 26.5114135742188 26.5057888031006 26.5028419494629 26.5065288543701 26.5089473724365 26.5095615386963 26.5205001831055 26.5243339538574 26.5227489471436 26.5253791809082 26.5239734649658 26.5261993408203 26.524866104126 -9999 -9999 -9999 -9999 -9999 -9999 -9999 -9999 -9999 -9999 -9999 -9999 -9999 -9999 -9999 -9999 -9999 -9999 -9999 -9999 -9999 -9999 -9999 -9999 -9999 -9999 -9999 -9999 -9999 -9999 -9999 -9999 -9999 -9999 -9999 -9999 -9999 -9999 -9999 -9999 -9999
26.5237998962402 26.5260944366455 26.5136299133301 26.5118217468262 26.5142097473145 26.5089015960693 26.5100154876709 26.5218048095703 26.5153732299805 26.5184078216553 26.5343055725098 26.5262126922607 26.5223121643066 -9999 -9999 -9999 -9999 -9999 -9999 -9999 -9999 -9999 -9999 -9999 -9999 -9999 -9999 -9999 -9999 -9999 -9999 -9999 -9999 -9999 -9999 -9999 -9999 -9999 -9999 -9999 -9999 -9999 -9999 -9999 -9999 -9999 -9999 -9999 -9999 -9999 -9999 -9999 -9999 -9999 -9999 -9999 -9999
26.5216197967529 26.516170501709 26.5111427307129 26.5103130340576 26.5078792572021 26.5092315673828 26.5127410888672 26.5149230957031 26.5177364349365 -9999 -9999 -9999 -9999 -9999 -9999 -9999 -9999 -9999 -9999 -9999 -9999 -9999 -9999 -9999 -9999 -9999 -9999 -9999 -9999 -9999 -9999 -9999 -9999 -9999 -9999 -9999 -9999 -9999 -9999 -9999 -9999 -9999 -9999 -9999 -9999 -9999 -9999 -9999 -9999 -9999 -9999 -9999 -9999 -9999 -9999 -9999 -9999
