G_variables/Set1/RCP2_2100/Sur_tem_max.asc
NCOLS 229 
NROWS 147 
XLLCORNER -101.25 
YLLCORNER 14.3333333333333 
CELLSIZE 0.0833333333333333 
NODATA_value -9999 
[rows 52 to 77 of 147, columns 114 to 170 of 229]
30.6545009613037 30.6465339660645 30.6453247070312 30.6313056945801 30.6201305389404 30.619478225708 30.6113033294678 30.606575012207 30.6041507720947 30.5984344482422 30.5974102020264 30.5880184173584 30.5750408172607 30.5670185089111 30.551362991333 30.5230331420898 30.4972248077393 30.4859561920166 30.4458446502686 30.4173431396484 30.4038543701172 30.3725490570068 30.3637313842773 30.3595581054688 30.3254318237305 30.3251857757568 30.316032409668 30.278076171875 30.2798080444336 30.2597236633301 30.2166881561279 30.2244968414307 30.2151203155518 30.1559085845947 30.0994777679443 30.0644950866699 29.9875144958496 29.9698829650879 29.9155731201172 29.8342990875244 29.8048839569092 29.7925357818604 29.7633895874023 29.7713451385498 29.7898006439209 29.7854900360107 29.7736778259277 29.7589244842529 29.7403697967529 29.7287197113037 29.7234745025635 29.7352867126465 29.7362766265869 29.7728862762451 29.8646183013916 29.889123916626 29.941801071167
30.630199432373 30.6182899475098 30.6051902770996 30.6004009246826 30.5904560089111 30.5748424530029 30.5792694091797 30.5804138183594 30.5695972442627 30.563606262207 30.5656509399414 30.5427799224854 30.5432224273682 30.5567626953125 30.4974212646484 30.4830265045166 30.486795425415 30.4221267700195 30.4014530181885 30.3844966888428 30.3336143493652 30.3198890686035 30.3265037536621 30.2855167388916 30.2868480682373 30.3263378143311 30.2506504058838 30.2381000518799 30.2671489715576 30.1874465942383 30.1754608154297 30.2077159881592 30.1190700531006 30.0938167572021 30.1079730987549 29.9768486022949 29.9387683868408 29.9477634429932 29.8093128204346 29.7684440612793 29.7517261505127 29.6957416534424 29.6830005645752 29.6835536956787 29.6768684387207 29.6819877624512 29.7303276062012 29.6648387908936 29.6496200561523 29.6606769561768 29.6384754180908 29.6297988891602 29.5946178436279 29.7077217102051 29.7564735412598 29.8196468353271 29.9032955169678
30.5833759307861 30.5782489776611 30.5720367431641 30.5536518096924 30.5489902496338 30.5384178161621 30.531759262085 30.5314750671387 30.5291709899902 30.511962890625 30.5084915161133 30.5021820068359 30.4794120788574 30.4725151062012 30.4613590240479 30.4005470275879 30.3858165740967 30.3691539764404 30.3058071136475 30.2931728363037 30.2735157012939 30.2220668792725 30.2133407592773 30.2092189788818 30.186897277832 30.1867446899414 30.1679534912109 30.1322727203369 30.1182327270508 30.1071376800537 30.0560607910156 30.0539703369141 30.0326652526855 29.9552116394043 29.9354553222656 29.9024219512939 29.7917613983154 29.7491455078125 29.7182102203369 29.6216049194336 29.5988540649414 29.5901298522949 29.5485038757324 29.5516490936279 29.550422668457 29.5477657318115 29.5528144836426 29.5432071685791 29.5428237915039 29.5285987854004 29.5185298919678 29.5495052337646 29.5557250976562 29.570240020752 29.6825103759766 29.7135162353516 29.7667560577393
30.4806652069092 30.458532333374 30.4559288024902 30.4374008178711 30.4334449768066 30.4242210388184 30.4012851715088 30.381368637085 30.3762683868408 30.3596706390381 30.3349361419678 30.3237342834473 30.2918148040771 30.2915859222412 30.2529067993164 30.194091796875 30.1449298858643 30.1222743988037 30.0517597198486 30.0137233734131 29.9973983764648 29.9476528167725 29.9381141662598 29.918285369873 29.8925399780273 29.8817596435547 29.8739852905273 29.8374938964844 29.832633972168 29.8275890350342 29.7738780975342 29.7605419158936 29.7484703063965 29.6713752746582 29.6513156890869 29.608097076416 29.4996433258057 29.4548244476318 29.4044189453125 29.3093090057373 29.2762813568115 29.2748737335205 29.2362251281738 29.2310123443604 29.2343463897705 29.2357482910156 29.2385749816895 29.2436466217041 29.2376499176025 29.2268486022949 29.2614727020264 29.3049392700195 29.3423862457275 29.3701629638672 29.4812049865723 29.541919708252 29.5890941619873
30.4458103179932 30.4191722869873 30.4092578887939 30.4036998748779 30.3940143585205 30.3764972686768 30.3613166809082 30.3566017150879 30.3226413726807 30.3138885498047 30.320987701416 30.2618522644043 30.2447357177734 30.2553253173828 30.1696300506592 30.1401481628418 30.1358547210693 30.022834777832 29.9823036193848 29.9419288635254 29.8903255462646 29.8649253845215 29.840747833252 29.8098068237305 29.8034896850586 29.8260364532471 29.7592067718506 29.7470111846924 29.7539577484131 29.7026882171631 29.682975769043 29.6597499847412 29.6150875091553 29.5818920135498 29.530330657959 29.4616355895996 29.397159576416 29.2868995666504 29.2622146606445 29.2117481231689 29.0578651428223 29.1322364807129 29.1245613098145 29.0115795135498 29.1058521270752 29.1181716918945 29.0776958465576 29.1255970001221 29.1204853057861 29.0402698516846 29.1708011627197 29.1822566986084 29.1273288726807 29.3195991516113 29.3659725189209 29.3089809417725 29.5639514923096
30.4013481140137 30.3939151763916 30.3900623321533 30.3487892150879 30.3404064178467 30.3335247039795 30.2857189178467 30.2778396606445 30.2697563171387 30.2297306060791 30.226432800293 30.2122535705566 30.1402797698975 30.1259918212891 30.0977210998535 30.0111236572266 29.9826068878174 29.9545993804932 29.8535594940186 29.8191337585449 29.8003635406494 29.7243614196777 29.7157211303711 29.7038421630859 29.6638736724854 29.6630973815918 29.6492958068848 29.6173706054688 29.6142387390137 29.5966320037842 29.5556983947754 29.5476379394531 29.5286178588867 29.4551868438721 29.4354763031006 29.3849468231201 29.2751770019531 29.249153137207 29.1998691558838 29.1112804412842 29.0696029663086 29.0665512084961 29.0401840209961 29.0253868103027 29.0361194610596 29.0518093109131 29.0496311187744 29.0469493865967 29.0918464660645 29.083366394043 29.1014652252197 29.1915149688721 29.2036685943604 29.2512397766113 29.4120426177979 29.4201240539551 29.5026779174805
30.3166236877441 30.2916431427002 30.2768974304199 30.2319602966309 30.2098350524902 30.199670791626 30.1524715423584 30.129861831665 30.0904159545898 30.0378398895264 30.030309677124 29.9949493408203 29.9083309173584 29.8788433074951 29.8328590393066 29.7409725189209 29.712308883667 29.6771488189697 29.5731029510498 29.5367755889893 29.5123291015625 29.4437026977539 29.4012908935547 29.3942184448242 29.351921081543 29.3276748657227 29.3325576782227 29.3035678863525 29.3044147491455 29.3111991882324 29.2796115875244 29.2723541259766 29.2895355224609 29.2148571014404 29.1915187835693 29.1678600311279 29.0655689239502 29.0303745269775 28.9950008392334 28.9276142120361 28.9474239349365 28.8955249786377 28.8827362060547 28.900857925415 28.8765087127686 28.8805923461914 28.9125308990479 28.8884143829346 28.9090480804443 28.9773483276367 29.0104637145996 29.1324825286865 29.1498241424561 29.2906169891357 29.4557609558105 29.4836959838867 29.5750045776367
30.3021030426025 30.2465209960938 30.2311706542969 30.2129974365234 30.1772556304932 30.1453857421875 30.1204071044922 30.0741367340088 30.0138072967529 29.9866809844971 29.9329776763916 29.8825931549072 29.8425140380859 29.7642040252686 29.7159862518311 29.672004699707 29.5699138641357 29.5413017272949 29.4903621673584 29.3343963623047 29.3691806793213 29.3459415435791 29.2210121154785 29.2605495452881 29.2399940490723 29.1210174560547 29.2063808441162 29.1998767852783 29.1067714691162 29.1874580383301 29.1913280487061 29.1333103179932 29.1758613586426 29.149585723877 29.0313930511475 29.0622520446777 29.0215740203857 28.8537940979004 28.9539451599121 28.8896198272705 28.7170677185059 28.8379974365234 28.8446502685547 28.7368125915527 28.8415451049805 28.8318519592285 28.7453746795654 28.8539009094238 28.8776683807373 28.7960872650146 29.0190048217773 29.0937347412109 29.13210105896 29.3549728393555 29.42698097229 29.4432010650635 29.6443901062012
30.2583293914795 30.2459888458252 30.2314739227295 30.1611576080322 30.1477184295654 30.129020690918 30.0499839782715 30.0243854522705 30.0054473876953 29.8898124694824 29.8654441833496 29.8444557189941 29.7283344268799 29.7029113769531 29.6790046691895 29.5681838989258 29.5401268005371 29.4993743896484 29.3993244171143 29.3438911437988 29.3300952911377 29.251781463623 29.2339744567871 29.215461730957 29.165075302124 29.1464920043945 29.153377532959 29.1472606658936 29.1405754089355 29.1419048309326 29.1644992828369 29.148775100708 29.1528434753418 29.1292514801025 29.105016708374 29.0730857849121 29.0223731994629 28.9890918731689 28.9298210144043 28.9022636413574 28.8392753601074 28.8346347808838 -9999 -9999 28.82102394104 28.8166484832764 28.8418197631836 28.9105396270752 28.9265384674072 28.9643726348877 29.0449714660645 29.2297058105469 29.2796478271484 29.3435344696045 29.6046466827393 29.6706066131592 29.7160186767578
30.2190685272217 30.2019882202148 30.172737121582 30.0956783294678 30.0490093231201 30.0298252105713 29.9319019317627 29.8804092407227 29.8573799133301 29.7392482757568 29.6771297454834 29.6543941497803 29.5352020263672 29.5005970001221 29.4822673797607 29.3775539398193 29.3360271453857 29.3181762695312 29.2214622497559 29.1658096313477 29.143611907959 29.0622272491455 29.0534324645996 29.0381851196289 28.9998435974121 29.036937713623 29.052827835083 29.0362434387207 29.0345916748047 29.0648822784424 29.0754508972168 29.0924530029297 29.0908489227295 29.0626068115234 29.0589714050293 29.0351657867432 28.9963531494141 29.0011615753174 -9999 -9999 -9999 -9999 -9999 -9999 -9999 -9999 -9999 -9999 -9999 -9999 29.1415843963623 29.2696228027344 29.4639854431152 29.5084953308105 29.681604385376 29.8461151123047 -9999
30.2254962921143 30.1739063262939 30.1316814422607 30.0969333648682 30.0314846038818 29.9703712463379 29.9229507446289 29.8306350708008 29.7709484100342 29.7186489105225 29.5959434509277 29.5600624084473 29.5049285888672 29.3348979949951 29.3726539611816 29.3554096221924 29.2354488372803 29.2327442169189 29.1910610198975 29.0858535766602 29.0492858886719 29.0181159973145 28.963493347168 29.0080986022949 28.9791278839111 28.878532409668 28.9649295806885 28.9715709686279 28.8413543701172 28.9881858825684 29.0305595397949 29.0665874481201 29.0375099182129 29.0413341522217 29.0954494476318 -9999 -9999 -9999 -9999 -9999 -9999 -9999 -9999 -9999 -9999 -9999 -9999 -9999 -9999 -9999 -9999 -9999 -9999 -9999 -9999 -9999 -9999
30.1993274688721 30.1856536865234 30.1601123809814 30.0538024902344 30.0312824249268 29.9957313537598 29.865514755249 29.8236083984375 29.795093536377 29.655632019043 29.616304397583 29.5709686279297 29.4540233612061 29.3992748260498 29.3855171203613 29.305046081543 29.254732131958 29.2372035980225 29.1480178833008 29.117883682251 29.0576934814453 29.006591796875 29.0039157867432 28.983097076416 28.9786853790283 28.9616546630859 28.9668006896973 28.9592952728271 -9999 -9999 -9999 -9999 -9999 -9999 -9999 -9999 -9999 -9999 -9999 -9999 -9999 -9999 -9999 -9999 -9999 -9999 -9999 -9999 -9999 -9999 -9999 -9999 -9999 -9999 -9999 -9999 -9999
30.1908130645752 30.1561908721924 30.1379299163818 30.0298480987549 30.0058174133301 29.9496078491211 29.8229198455811 29.7868938446045 29.7349433898926 29.5962009429932 29.5543041229248 29.5192356109619 29.4053783416748 29.3737030029297 29.3606662750244 29.2832069396973 29.2626533508301 29.2036628723145 29.1462154388428 29.1140422821045 29.0462265014648 29.0082054138184 28.9909553527832 -9999 -9999 -9999 -9999 -9999 -9999 -9999 -9999 -9999 -9999 -9999 -9999 -9999 -9999 -9999 -9999 -9999 -9999 -9999 -9999 -9999 -9999 -9999 -9999 -9999 -9999 -9999 -9999 -9999 -9999 -9999 -9999 -9999 -9999
30.2105903625488 30.1725234985352 30.1022796630859 30.0573139190674 30.0077972412109 29.9075241088867 29.854040145874 29.7325954437256 29.6847229003906 29.6335678100586 29.4900646209717 29.4770488739014 29.4362983703613 29.3165397644043 29.3328914642334 29.3087196350098 29.2255363464355 29.2223110198975 29.1526870727539 29.07350730896 29.0728702545166 -9999 -9999 -9999 -9999 -9999 -9999 -9999 -9999 -9999 -9999 -9999 -9999 -9999 -9999 -9999 -9999 -9999 -9999 -9999 -9999 -9999 -9999 -9999 -9999 -9999 -9999 -9999 -9999 -9999 -9999 -9999 -9999 -9999 -9999 -9999 -9999
30.1830959320068 30.170259475708 30.1373863220215 30.0329761505127 29.9816112518311 29.9522132873535 29.8232002258301 29.7898006439209 29.7359790802002 29.6166648864746 29.5566902160645 29.5260391235352 29.4451732635498 29.40016746521 29.3914604187012 29.3366107940674 29.2928085327148 29.2603206634521 -9999 -9999 -9999 -9999 -9999 -9999 -9999 -9999 -9999 -9999 -9999 -9999 -9999 -9999 -9999 -9999 -9999 -9999 -9999 -9999 -9999 -9999 -9999 -9999 -9999 -9999 -9999 -9999 -9999 -9999 -9999 -9999 -9999 -9999 -9999 -9999 -9999 -9999 -9999
30.1837768554688 30.1730651855469 30.1257038116455 30.0210723876953 29.9953079223633 29.9388751983643 29.8082656860352 29.7726917266846 29.7575550079346 29.6427974700928 29.6268119812012 29.598123550415 29.5276908874512 29.5144290924072 29.5172996520996 29.4785175323486 29.4440593719482 -9999 -9999 -9999 -9999 -9999 -9999 -9999 -9999 -9999 -9999 -9999 -9999 -9999 -9999 -9999 -9999 -9999 -9999 -9999 -9999 -9999 -9999 -9999 -9999 -9999 -9999 -9999 -9999 -9999 -9999 -9999 -9999 -9999 -9999 -9999 -9999 -9999 -9999 -9999 -9999
30.2163829803467 30.2058448791504 30.1016712188721 30.0560760498047 29.9999122619629 29.9058609008789 29.8576107025146 29.7794532775879 29.7310733795166 29.6921977996826 29.6150569915771 29.6086006164551 29.5902462005615 29.5341567993164 29.5510444641113 29.5199966430664 29.5101432800293 -9999 -9999 -9999 -9999 -9999 -9999 -9999 -9999 -9999 -9999 -9999 -9999 -9999 -9999 -9999 -9999 -9999 -9999 -9999 -9999 -9999 -9999 -9999 -9999 -9999 -9999 -9999 -9999 -9999 -9999 -9999 -9999 -9999 -9999 -9999 -9999 -9999 -9999 -9999 -9999
30.1810474395752 30.166332244873 30.1264095306396 30.0190677642822 29.9677257537842 29.9437389373779 29.8367176055908 29.8173370361328 29.7665500640869 29.7064571380615 29.6680736541748 29.6453113555908 29.6381130218506 29.6309719085693 29.6141567230225 29.6421489715576 29.5997848510742 -9999 -9999 -9999 -9999 -9999 -9999 -9999 -9999 -9999 -9999 -9999 -9999 -9999 -9999 -9999 -9999 -9999 -9999 -9999 -9999 -9999 -9999 -9999 -9999 -9999 -9999 -9999 -9999 -9999 -9999 -9999 -9999 -9999 -9999 -9999 -9999 -9999 -9999 -9999 -9999
30.180419921875 30.1624946594238 30.1054439544678 29.9951057434082 29.9553108215332 29.9404926300049 29.8500900268555 29.8347969055176 29.8252124786377 29.7806529998779 29.7934646606445 29.7782802581787 29.7739181518555 29.8112545013428 29.8086948394775 29.7886924743652 -9999 -9999 -9999 -9999 -9999 -9999 -9999 -9999 -9999 -9999 -9999 -9999 -9999 -9999 -9999 -9999 -9999 -9999 -9999 -9999 -9999 -9999 -9999 -9999 -9999 -9999 -9999 -9999 -9999 -9999 -9999 -9999 -9999 -9999 -9999 -9999 -9999 -9999 -9999 -9999 30.0399875640869
30.1980934143066 30.1682834625244 30.0755825042725 30.0220851898193 29.90793800354 29.9108028411865 29.8897838592529 29.829044342041 29.8354015350342 29.8277187347412 29.7891826629639 29.8273868560791 29.8426265716553 29.8583278656006 29.8538017272949 29.864221572876 -9999 -9999 -9999 -9999 -9999 -9999 -9999 -9999 -9999 -9999 -9999 -9999 -9999 -9999 -9999 -9999 -9999 -9999 -9999 -9999 -9999 -9999 -9999 -9999 -9999 -9999 -9999 -9999 -9999 -9999 -9999 -9999 -9999 -9999 -9999 -9999 -9999 -9999 -9999 29.9909706115723 30.0204067230225
30.1654319763184 30.1509876251221 30.1062335968018 30.0016384124756 29.9494705200195 29.9462795257568 29.8918552398682 29.8656520843506 29.8648471832275 29.8805484771729 29.8743095397949 29.8591041564941 29.9006519317627 29.9045219421387 29.9115810394287 -9999 -9999 -9999 -9999 -9999 -9999 -9999 -9999 -9999 -9999 -9999 -9999 -9999 -9999 -9999 -9999 -9999 -9999 -9999 -9999 -9999 -9999 -9999 -9999 -9999 -9999 -9999 -9999 -9999 -9999 -9999 -9999 -9999 -9999 -9999 -9999 -9999 -9999 -9999 30.0000324249268 30.0113773345947 30.009822845459
30.1782665252686 30.135913848877 30.1112518310547 30.0061187744141 29.9832668304443 29.9633655548096 29.9174289703369 29.9378566741943 29.9505786895752 29.9744472503662 29.9939670562744 30.0012531280518 30.0660438537598 30.0664710998535 30.1000022888184 30.1031799316406 -9999 -9999 -9999 -9999 -9999 -9999 -9999 -9999 -9999 -9999 -9999 -9999 -9999 -9999 -9999 -9999 -9999 -9999 -9999 -9999 -9999 -9999 -9999 -9999 -9999 -9999 -9999 -9999 -9999 -9999 -9999 -9999 -9999 -9999 -9999 -9999 -9999 29.9928760528564 30.002721786499 30.0011692047119 30.0305805206299
30.2174377441406 30.1710586547852 30.0889339447021 30.0398178100586 29.9275054931641 29.9482402801514 29.9415225982666 29.9201755523682 29.9771575927734 29.9927406311035 30.0067329406738 30.0607395172119 30.0976161956787 30.1633892059326 30.1411609649658 -9999 -9999 -9999 -9999 -9999 -9999 -9999 -9999 -9999 -9999 -9999 -9999 -9999 -9999 -9999 -9999 -9999 -9999 -9999 -9999 -9999 -9999 -9999 -9999 -9999 -9999 -9999 -9999 -9999 -9999 -9999 -9999 -9999 -9999 -9999 -9999 -9999 -9999 29.9819984436035 29.9955806732178 29.9755001068115 30.0328483581543
30.1954345703125 30.1469974517822 30.1219158172607 30.0200176239014 30.0034160614014 29.9679641723633 29.9414825439453 29.9413204193115 29.9551601409912 30.0239753723145 30.0396900177002 30.0493392944336 30.1631984710693 30.1936874389648 30.1928329467773 -9999 -9999 -9999 -9999 -9999 -9999 -9999 -9999 -9999 -9999 -9999 -9999 -9999 -9999 -9999 -9999 -9999 -9999 -9999 -9999 -9999 -9999 -9999 -9999 -9999 -9999 -9999 -9999 -9999 -9999 -9999 -9999 -9999 -9999 -9999 -9999 29.990306854248 29.9837493896484 29.9938564300537 30.0044250488281 30.0126991271973 30.0222396850586
30.2144985198975 30.1972408294678 30.1426734924316 30.0392074584961 29.9998264312744 29.9910182952881 29.965669631958 29.9715805053711 30.0026798248291 30.0808563232422 30.1293411254883 30.1520156860352 30.2554416656494 30.2821273803711 30.2943706512451 -9999 -9999 -9999 -9999 -9999 -9999 -9999 -9999 -9999 -9999 -9999 -9999 -9999 -9999 -9999 -9999 -9999 -9999 -9999 -9999 -9999 -9999 -9999 -9999 -9999 -9999 -9999 -9999 -9999 -9999 -9999 -9999 -9999 -9999 -9999 -9999 30.0004386901855 29.9955081939697 30.0079593658447 30.0125427246094 30.0218811035156 30.0482959747314
30.2560253143311 30.2327136993408 30.1266136169434 30.0723342895508 29.9635639190674 29.9855899810791 29.9831962585449 29.9426612854004 30.0348052978516 30.0757827758789 30.1328678131104 30.2058334350586 30.2539520263672 30.3958339691162 30.3326854705811 -9999 -9999 -9999 -9999 -9999 -9999 -9999 -9999 -9999 -9999 -9999 -9999 -9999 -9999 -9999 -9999 -9999 -9999 -9999 -9999 -9999 -9999 -9999 -9999 -9999 -9999 -9999 -9999 -9999 -9999 -9999 -9999 -9999 -9999 -9999 -9999 30.0116004943848 29.9599475860596 30.0049381256104 30.0130977630615 30.0074634552002 30.0709018707275
