G_variables/Set1/RCP2_2100/Sur_tem_min.asc
NCOLS 229 
NROWS 147 
XLLCORNER -101.25 
YLLCORNER 14.3333333333333 
CELLSIZE 0.0833333333333333 
NODATA_value -9999 
[rows 0 to 25 of 147, columns 114 to 170 of 229]
-9999 -9999 -9999 -9999 -9999 -9999 -9999 -9999 -9999 -9999 -9999 -9999 -9999 -9999 -9999 -9999 -9999 -9999 -9999 -9999 -9999 -9999 -9999 -9999 -9999 -9999 -9999 -9999 -9999 -9999 -9999 -9999 -9999 -9999 -9999 -9999 -9999 -9999 -9999 -9999 -9999 -9999 -9999 -9999 -9999 -9999 -9999 -9999 -9999 -9999 -9999 -9999 -9999 -9999 -9999 -9999 -9999
-9999 -9999 -9999 -9999 -9999 -9999 -9999 -9999 -9999 -9999 -9999 -9999 -9999 -9999 -9999 -9999 -9999 -9999 -9999 -9999 -9999 -9999 -9999 -9999 -9999 -9999 -9999 -9999 -9999 -9999 -9999 -9999 -9999 -9999 -9999 -9999 -9999 -9999 -9999 -9999 -9999 -9999 -9999 -9999 -9999 -9999 -9999 -9999 -9999 -9999 -9999 -9999 -9999 -9999 -9999 -9999 -9999
-9999 -9999 -9999 -9999 -9999 -9999 -9999 -9999 -9999 -9999 -9999 -9999 -9999 -9999 -9999 -9999 -9999 -9999 -9999 -9999 -9999 -9999 -9999 -9999 -9999 -9999 -9999 -9999 -9999 -9999 -9999 -9999 -9999 -9999 -9999 -9999 -9999 -9999 -9999 -9999 -9999 -9999 -9999 -9999 -9999 -9999 -9999 -9999 -9999 -9999 -9999 -9999 -9999 -9999 -9999 -9999 22.7472667694092
-9999 -9999 -9999 -9999 -9999 -9999 -9999 -9999 -9999 -9999 -9999 -9999 -9999 -9999 -9999 -9999 -9999 -9999 -9999 -9999 -9999 -9999 -9999 -9999 -9999 -9999 -9999 -9999 -9999 -9999 -9999 -9999 -9999 -9999 -9999 -9999 -9999 -9999 -9999 -9999 -9999 -9999 -9999 -9999 -9999 -9999 -9999 -9999 -9999 -9999 -9999 -9999 -9999 -9999 22.8560161590576 22.8460807800293 22.8341693878174
-9999 -9999 -9999 -9999 -9999 -9999 -9999 -9999 -9999 -9999 -9999 -9999 -9999 -9999 -9999 -9999 -9999 -9999 -9999 -9999 -9999 -9999 -9999 -9999 -9999 -9999 -9999 -9999 -9999 -9999 -9999 -9999 -9999 -9999 -9999 -9999 -9999 -9999 -9999 -9999 -9999 -9999 -9999 -9999 -9999 -9999 -9999 -9999 -9999 -9999 -9999 -9999 -9999 23.0890445709229 23.0710220336914 23.0709476470947 23.0395030975342
-9999 -9999 -9999 -9999 -9999 -9999 -9999 -9999 -9999 -9999 -9999 -9999 -9999 -9999 -9999 -9999 -9999 -9999 -9999 -9999 -9999 -9999 -9999 -9999 -9999 -9999 -9999 -9999 -9999 -9999 -9999 -9999 -9999 -9999 -9999 -9999 -9999 -9999 -9999 -9999 -9999 -9999 -9999 -9999 -9999 -9999 -9999 -9999 -9999 -9999 -9999 23.1647815704346 23.0773811340332 23.1418876647949 23.160816192627 23.1549854278564 23.1008281707764
-9999 -9999 -9999 -9999 -9999 -9999 -9999 -9999 -9999 -9999 -9999 -9999 -9999 -9999 -9999 -9999 -9999 -9999 -9999 -9999 -9999 -9999 -9999 -9999 -9999 -9999 -9999 -9999 -9999 -9999 -9999 -9999 -9999 -9999 -9999 -9999 -9999 -9999 -9999 -9999 -9999 -9999 -9999 -9999 -9999 -9999 -9999 -9999 -9999 -9999 23.2864608764648 23.2699432373047 23.2619800567627 23.2668590545654 23.2447719573975 23.2292308807373 23.2272129058838
-9999 -9999 -9999 -9999 -9999 -9999 -9999 -9999 -9999 -9999 -9999 -9999 -9999 -9999 -9999 -9999 -9999 -9999 -9999 -9999 -9999 -9999 -9999 -9999 -9999 -9999 -9999 -9999 -9999 -9999 -9999 -9999 -9999 -9999 -9999 -9999 -9999 -9999 -9999 -9999 -9999 -9999 -9999 -9999 -9999 -9999 -9999 -9999 23.5928211212158 23.5783882141113 23.5688991546631 23.550048828125 23.5425701141357 23.5517120361328 23.5287036895752 23.5363521575928 23.501579284668
-9999 -9999 -9999 -9999 -9999 -9999 -9999 -9999 -9999 -9999 -9999 -9999 -9999 -9999 -9999 -9999 -9999 -9999 -9999 -9999 -9999 -9999 -9999 -9999 -9999 -9999 -9999 -9999 -9999 -9999 -9999 -9999 -9999 -9999 -9999 -9999 -9999 -9999 -9999 -9999 -9999 -9999 -9999 -9999 -9999 -9999 -9999 23.6928558349609 23.6758823394775 23.6633529663086 23.6595096588135 23.6561412811279 23.5915222167969 23.6334400177002 23.6499423980713 23.7226867675781 23.5764331817627
-9999 -9999 -9999 -9999 -9999 -9999 -9999 -9999 -9999 -9999 -9999 -9999 -9999 -9999 -9999 -9999 -9999 -9999 -9999 -9999 -9999 -9999 -9999 -9999 -9999 -9999 -9999 -9999 -9999 -9999 -9999 -9999 -9999 -9999 -9999 -9999 -9999 -9999 -9999 -9999 -9999 -9999 -9999 23.3358955383301 23.4540576934814 23.6849918365479 23.7231006622314 23.7299003601074 23.7839984893799 23.7573089599609 23.7489547729492 23.7562885284424 23.7437629699707 23.7531623840332 23.7356090545654 23.7337551116943 23.7036895751953
21.4024028778076 21.3610420227051 21.3348999023438 21.2205028533936 21.195592880249 21.1502132415771 -9999 -9999 -9999 -9999 -9999 -9999 -9999 -9999 -9999 -9999 -9999 -9999 -9999 -9999 -9999 -9999 -9999 -9999 -9999 -9999 -9999 -9999 -9999 -9999 -9999 -9999 -9999 -9999 -9999 -9999 -9999 -9999 -9999 22.6589279174805 22.8496055603027 22.9417095184326 23.3346939086914 23.5101757049561 23.5759830474854 23.8213481903076 23.8688812255859 23.9299125671387 23.9944343566895 24.0458183288574 24.0475978851318 24.0702571868896 24.0778903961182 24.07981300354 24.052526473999 24.0380058288574 23.9950122833252
21.4692707061768 21.4302845001221 21.3391933441162 21.2872333526611 21.2194290161133 21.1597919464111 21.1115493774414 21.0546607971191 21.0238018035889 20.9963665008545 20.9639282226562 20.943660736084 20.9320907592773 20.9132900238037 -9999 -9999 -9999 -9999 -9999 -9999 -9999 -9999 -9999 -9999 -9999 -9999 -9999 -9999 -9999 -9999 -9999 -9999 -9999 -9999 -9999 -9999 21.9248180389404 22.1232318878174 22.3785972595215 22.5526695251465 22.8283233642578 23.0801982879639 23.2542610168457 23.592830657959 23.6948261260986 23.810001373291 24.0931835174561 24.0370693206787 24.0474872589111 24.094575881958 24.1387748718262 24.1646423339844 24.2054653167725 24.1705684661865 24.1554126739502 24.1846714019775 24.070125579834
21.4730434417725 21.4287033081055 21.384033203125 21.2855892181396 21.2367744445801 21.2027282714844 21.1081256866455 21.0782337188721 21.0622577667236 21.0037364959717 20.9955959320068 20.9809246063232 20.9423923492432 20.9374046325684 20.9089775085449 20.8755970001221 20.8796787261963 -9999 20.8556327819824 20.8516540527344 20.851676940918 20.8171863555908 20.8110675811768 20.8277378082275 20.8608055114746 20.8692798614502 20.895450592041 20.9679298400879 20.9855899810791 21.0306301116943 21.1560668945312 21.1845798492432 21.2611713409424 21.4860057830811 21.601900100708 21.6675300598145 22.0097198486328 22.068302154541 22.2455558776855 22.6845932006836 22.7846984863281 22.9652500152588 23.3946380615234 23.5522956848145 23.6224193572998 23.9154415130615 23.9867534637451 24.008918762207 24.1596870422363 24.1631393432617 24.1765327453613 24.2384223937988 24.2569007873535 24.2462902069092 24.2285861968994 24.2193851470947 24.1852645874023
21.551097869873 21.5222797393799 21.4777755737305 21.3622379302979 21.3374404907227 21.2957878112793 21.2014446258545 21.1824588775635 21.149938583374 21.0862636566162 21.0806846618652 21.0601253509521 21.0190601348877 20.9875373840332 20.9715099334717 20.941234588623 20.9328861236572 20.9257946014404 20.9040794372559 20.897819519043 20.8728466033936 20.8573417663574 20.8506851196289 20.8598804473877 20.8977012634277 20.9146366119385 20.9283618927002 21.0074558258057 21.0421829223633 21.0550117492676 21.1903610229492 21.2471141815186 21.2867050170898 21.5151462554932 21.6168594360352 21.6832695007324 22.006368637085 22.1599826812744 22.2448825836182 22.6793270111084 22.8733787536621 22.9812049865723 23.4152507781982 23.505859375 23.6740303039551 23.9775009155273 24.1138362884521 24.1584091186523 24.3323974609375 24.3611335754395 24.4339351654053 24.5007247924805 24.5044136047363 24.5074977874756 24.4801788330078 24.4838466644287 24.4516258239746
21.6249580383301 21.5650272369385 21.5324039459229 21.496150970459 21.3571758270264 21.2915954589844 21.2518100738525 21.1892166137695 21.1507377624512 21.1269092559814 21.0786151885986 21.0453281402588 21.0327816009521 21.0063304901123 20.9869689941406 20.9644222259521 20.9355278015137 20.9277057647705 20.9054679870605 20.8738822937012 20.880241394043 20.8709468841553 20.8330383300781 20.8734760284424 20.8885555267334 20.8981685638428 20.966480255127 20.9978466033936 21.0121574401855 21.1046848297119 21.1549701690674 21.2006607055664 21.3606128692627 21.4449710845947 21.5555686950684 21.7828159332275 21.9101676940918 22.0884075164795 22.3724250793457 22.542932510376 22.8084659576416 23.0986709594727 23.2832336425781 23.6231460571289 23.7746620178223 23.9022998809814 24.1661796569824 24.257230758667 24.3351764678955 24.4671192169189 24.5170726776123 24.5563735961914 24.7307605743408 24.5880432128906 24.559024810791 24.5612163543701 24.4894123077393
21.6274070739746 21.6060009002686 21.5578384399414 21.4942893981934 21.4451942443848 21.4037208557129 21.3316326141357 21.3113574981689 21.2664012908936 21.1954727172852 21.1709136962891 21.0925159454346 21.0389881134033 21.0271739959717 21.0197162628174 20.9745788574219 20.9654769897461 20.9554004669189 20.9117660522461 20.8998317718506 20.8973731994629 20.8889083862305 20.8869209289551 20.89426612854 20.9179840087891 20.9192085266113 20.9451389312744 21.0226726531982 21.0383129119873 21.0782070159912 21.1981773376465 21.2220859527588 21.2937164306641 21.4978942871094 21.6093788146973 21.675895690918 22.0040702819824 22.0689754486084 22.2346000671387 22.6694374084473 22.8593482971191 22.9574012756348 23.4088954925537 23.5742530822754 23.6512985229492 24.0344409942627 24.1044692993164 24.1894016265869 24.4480438232422 24.48215675354 24.5199031829834 24.6328773498535 24.6497058868408 24.6412353515625 24.629524230957 24.6028003692627 24.5887145996094
21.6617965698242 21.6357841491699 21.5931129455566 21.5242919921875 21.4696674346924 21.4375057220459 21.3615188598633 21.3241214752197 21.2851905822754 21.231803894043 21.1999969482422 21.190128326416 21.154504776001 21.129150390625 21.1190872192383 21.0859889984131 21.0606822967529 21.0519866943359 20.9881763458252 20.9635314941406 20.954797744751 20.9573097229004 20.9546852111816 20.9631328582764 20.9923839569092 20.9971141815186 21.010814666748 21.0871086120605 21.1016788482666 21.1325759887695 21.248592376709 21.2900829315186 21.3181076049805 21.5142021179199 21.604663848877 21.669792175293 21.9930763244629 22.0567207336426 22.2117500305176 22.6456966400146 22.7293262481689 22.9294738769531 23.3831539154053 23.576717376709 23.6572341918945 24.0393314361572 24.1160736083984 24.270450592041 24.5479717254639 24.61301612854 24.7061805725098 24.8123626708984 24.8415794372559 24.8398952484131 24.8309955596924 24.826192855835 24.8220348358154
21.6963424682617 21.6547794342041 21.5912666320801 21.5379371643066 21.4627342224121 21.4329109191895 21.3703594207764 21.2852077484131 21.2620735168457 21.2363033294678 21.1869487762451 21.191801071167 21.1780166625977 21.1169109344482 21.1272602081299 21.1016101837158 21.0491142272949 21.0594005584717 21.0444030761719 20.9779567718506 21.0065898895264 21.0103931427002 20.9464855194092 21.0439567565918 21.0653305053711 20.9941139221191 21.0596885681152 21.088451385498 21.113956451416 21.1921558380127 21.2259902954102 21.262020111084 21.3809604644775 21.4470634460449 21.5343132019043 21.7688674926758 21.8854389190674 22.0295238494873 22.3388385772705 22.5049533843994 22.7404308319092 23.0575008392334 23.2453899383545 23.5788974761963 23.7776317596436 23.9261360168457 24.1884346008301 24.3728771209717 24.5023021697998 24.811206817627 24.7948093414307 24.8265342712402 24.9580383300781 24.9064521789551 24.8937397003174 24.8787708282471 24.8751068115234
21.6864986419678 21.6597385406494 21.6164436340332 21.5358905792236 21.4976081848145 21.4535388946533 21.3820915222168 21.3363704681396 21.290376663208 21.2469806671143 21.228630065918 21.21803855896 21.1927967071533 21.1705455780029 21.1489200592041 21.1213264465332 21.1135845184326 21.0870609283447 21.0666084289551 21.0421752929688 21.0392150878906 21.0363178253174 21.035005569458 21.0679664611816 21.0960788726807 21.1266174316406 21.159200668335 21.1929836273193 21.2183780670166 21.2623748779297 21.3670692443848 21.3955326080322 21.3454837799072 21.5205726623535 21.5686302185059 21.6879272460938 21.9829711914062 22.1272296905518 22.2076759338379 22.6149063110352 22.7040328979492 22.9072494506836 23.3675651550293 23.4518604278564 23.6180973052979 24.0571823120117 24.1481685638428 24.2816104888916 24.6049785614014 24.6829071044922 24.7547988891602 24.9088592529297 24.9318675994873 24.9352931976318 24.9539737701416 24.9534473419189 24.9397354125977
21.7119102478027 21.6963043212891 21.6685695648193 21.5766849517822 21.5465812683105 21.5248394012451 21.4326953887939 21.4089546203613 21.3761253356934 21.3130397796631 21.3031940460205 21.2961902618408 21.2446422576904 21.2353343963623 21.2267894744873 21.1903591156006 21.1852207183838 21.1744441986084 21.1294422149658 21.1192626953125 21.1174373626709 21.1103515625 21.1216716766357 21.1361064910889 21.1560573577881 21.1894912719727 21.2114028930664 21.2433605194092 21.2784404754639 21.3182983398438 21.3779811859131 21.4106693267822 21.4715824127197 21.5830974578857 21.6696033477783 21.7760791778564 21.9627094268799 22.0836639404297 22.1810131072998 22.5885334014893 22.7692527770996 22.8655643463135 23.3285789489746 23.4120864868164 23.5886077880859 24.0447254180908 24.1408100128174 24.3096675872803 24.6496772766113 24.7933483123779 24.8348426818848 24.9998664855957 25.0612010955811 25.0672760009766 25.0932426452637 25.096529006958 25.0971031188965
21.7445201873779 21.7133369445801 21.6477355957031 21.6210899353027 21.5752925872803 21.5236892700195 21.4832897186279 21.4253597259521 21.392276763916 21.3674373626709 21.3163242340088 21.3148880004883 21.2929592132568 21.2578563690186 21.250280380249 21.236255645752 21.2127380371094 21.2007389068604 21.1706829071045 21.1461849212646 21.1576175689697 21.1425590515137 21.1290283203125 21.1681671142578 21.1976547241211 21.1990413665771 21.2455291748047 21.2568683624268 21.2625274658203 21.3476581573486 21.3787841796875 21.3792552947998 21.51096534729 21.5564708709717 21.5968151092529 21.8192806243896 21.9161891937256 22.0095520019531 22.3094062805176 22.4623241424561 22.6716213226318 22.9242649078369 23.1479110717773 23.536190032959 23.6290626525879 23.9160671234131 24.195915222168 24.4099502563477 24.5734195709229 24.884069442749 24.9040451049805 24.973424911499 25.1645050048828 25.1190853118896 25.1238975524902 25.1587963104248 25.1288547515869
21.7258205413818 21.6949272155762 21.6801662445068 21.61279296875 21.605806350708 21.568115234375 21.492696762085 21.4604110717773 21.4479179382324 21.3802757263184 21.355936050415 21.3535079956055 21.3164329528809 21.3050346374512 21.2956504821777 21.2631511688232 21.2531604766846 21.2344055175781 21.2072887420654 21.1986598968506 21.1973781585693 21.1868915557861 21.188985824585 21.210132598877 21.240177154541 21.2572174072266 21.2869720458984 21.3016490936279 21.3419342041016 21.3615684509277 21.4087886810303 21.4463386535645 21.5141983032227 21.5949478149414 21.6789035797119 21.7857494354248 21.9554634094238 22.0304317474365 22.259521484375 22.5156269073486 22.6323108673096 22.8569316864014 23.1916923522949 23.4037895202637 23.5669593811035 23.8304405212402 24.037181854248 24.222240447998 24.5132961273193 24.6728134155273 24.75368309021 25.0172252655029 25.0745182037354 25.0900363922119 25.1688499450684 25.1618785858154 25.1512031555176
21.7675266265869 21.744010925293 21.7272396087646 21.6654891967773 21.6535339355469 21.6450138092041 21.5733909606934 21.5569019317627 21.5322551727295 21.4749794006348 21.4655628204346 21.452844619751 21.414270401001 21.3990020751953 21.3861274719238 21.3535270690918 21.3457736968994 21.3354759216309 21.3174591064453 21.3088340759277 21.3145885467529 21.3084888458252 21.3114318847656 21.3211154937744 21.3412208557129 21.3475589752197 21.358325958252 21.393913269043 21.4047584533691 21.418571472168 21.4871711730957 21.5059661865234 21.5180969238281 21.655424118042 21.6832695007324 21.748607635498 21.9894676208496 22.0709457397461 22.1597881317139 22.541109085083 22.6586227416992 22.7966747283936 23.178653717041 23.3428764343262 23.5477085113525 23.8387622833252 24.0463829040527 24.2088088989258 24.4960384368896 24.6838550567627 24.8118877410889 24.9710655212402 25.0995121002197 25.1740055084229 25.233154296875 25.2780151367188 25.2921390533447
21.7928657531738 21.7621917724609 21.7262134552002 21.7052917480469 21.6819534301758 21.6419773101807 21.6206321716309 21.5803470611572 21.5478839874268 21.5263137817383 21.5013465881348 21.4756450653076 21.4619197845459 21.4425792694092 21.407787322998 21.4040946960449 21.387996673584 21.3721885681152 21.3636684417725 21.3462829589844 21.3600845336914 21.3512382507324 21.350700378418 21.3596534729004 21.3750629425049 21.3988170623779 21.4096794128418 21.4140663146973 21.427131652832 21.4591236114502 21.4762020111084 21.4884395599365 21.5842971801758 21.6261749267578 21.6680583953857 21.8374252319336 21.9104747772217 22.0010147094727 22.2694549560547 22.4081993103027 22.6058940887451 22.9207363128662 23.1057434082031 23.442346572876 23.6091823577881 23.8401050567627 24.1318969726562 24.2516136169434 24.4452800750732 24.7144336700439 24.8227024078369 24.941370010376 25.2169075012207 25.1890602111816 25.2291069030762 25.353931427002 25.30055809021
21.7871570587158 21.7689094543457 21.7538223266602 21.7112560272217 21.6865901947021 21.669677734375 21.6151809692383 21.5965366363525 21.5791835784912 21.5281848907471 21.5095157623291 21.5016479492188 21.4650344848633 21.4662837982178 21.4566955566406 21.4248104095459 21.417573928833 21.4105415344238 21.4007015228271 21.3988933563232 21.4027194976807 21.3909893035889 21.3832588195801 21.3919010162354 21.4199924468994 21.4161281585693 21.4291763305664 21.4604911804199 21.4654178619385 21.4679985046387 21.5218029022217 21.532506942749 21.5733852386475 21.6835994720459 21.7296829223633 21.7875957489014 21.9849014282227 22.0974521636963 22.1526660919189 22.5040588378906 22.6805057525635 22.7714157104492 23.2072086334229 23.3547172546387 23.5027656555176 23.8647441864014 24.0378589630127 24.2089462280273 24.4539890289307 24.6495895385742 24.7495574951172 24.9563217163086 25.0848789215088 25.1492481231689 25.2441368103027 25.3048305511475 25.3021640777588
21.8167591094971 21.8101119995117 21.7993240356445 21.7604103088379 21.7430744171143 21.7327156066895 21.6850757598877 21.6762561798096 21.6606750488281 21.6229019165039 21.6067600250244 21.594575881958 21.5548706054688 21.5429916381836 21.5321140289307 21.5004386901855 21.4934196472168 21.4898986816406 21.483097076416 21.4920139312744 21.4902038574219 21.4753971099854 21.4864387512207 21.4885349273682 21.5024261474609 21.5139865875244 21.520450592041 21.5507984161377 21.5552597045898 21.5769443511963 21.6182613372803 21.6353740692139 21.6612224578857 21.7679977416992 21.807559967041 21.8396987915039 22.0209941864014 22.0696105957031 22.1376304626465 22.4753875732422 22.5416774749756 22.6845550537109 23.1111373901367 23.2917289733887 23.3768062591553 23.8137874603271 23.9486637115479 24.0660915374756 24.4343147277832 24.5413417816162 24.6399593353271 24.9472122192383 25.0701503753662 25.1191082000732 25.2805805206299 25.3288383483887 25.3489112854004
