G_variables/Set1/RCP2_2100/Sur_tem_max.asc
NCOLS 229 
NROWS 147 
XLLCORNER -101.25 
YLLCORNER 14.3333333333333 
CELLSIZE 0.0833333333333333 
NODATA_value -9999 
[rows 78 to 103 of 147, columns 171 to 227 of 229]
30.1267547607422 30.1584014892578 30.1799831390381 30.2536430358887 30.2693023681641 30.2986373901367 30.3607540130615 30.3699550628662 30.3982601165771 30.4487800598145 30.4608974456787 30.4877376556396 30.5392436981201 30.5616264343262 30.5698108673096 30.6107883453369 30.6292839050293 30.6408309936523 30.6835670471191 30.6949825286865 30.6999435424805 30.7183933258057 30.7260303497314 30.7306175231934 -9999 -9999 -9999 -9999 -9999 -9999 -9999 -9999 -9999 -9999 -9999 -9999 -9999 -9999 -9999 -9999 -9999 -9999 -9999 -9999 -9999 -9999 -9999 -9999 -9999 -9999 -9999 -9999 -9999 -9999 -9999 -9999 -9999
30.1506652832031 30.1691932678223 30.2021751403809 30.2754440307617 30.2930183410645 30.3138160705566 30.3724803924561 30.3851146697998 30.4028854370117 30.4508018493652 30.4607563018799 30.4783725738525 30.5219211578369 30.5306510925293 30.5441513061523 30.5845260620117 30.593620300293 30.6117362976074 30.6485900878906 30.6563091278076 30.667329788208 30.6866340637207 30.6945743560791 30.6988983154297 30.7157707214355 -9999 -9999 -9999 -9999 -9999 -9999 -9999 -9999 -9999 -9999 -9999 -9999 -9999 -9999 -9999 -9999 -9999 -9999 -9999 -9999 -9999 -9999 -9999 -9999 -9999 -9999 -9999 -9999 -9999 -9999 -9999 -9999
30.1433048248291 30.1880550384521 30.2256107330322 30.2596435546875 30.3103942871094 30.33567237854 30.3548355102539 30.3920249938965 30.4157333374023 30.4324493408203 30.4613399505615 30.4858493804932 30.4986438751221 30.5218906402588 30.5462951660156 30.5588073730469 30.5819320678711 30.6071014404297 30.6262149810791 30.6557025909424 30.6618709564209 30.6706695556641 30.6905822753906 30.6916236877441 30.698127746582 30.7139320373535 -9999 -9999 -9999 -9999 -9999 -9999 -9999 -9999 -9999 -9999 -9999 -9999 -9999 -9999 -9999 -9999 -9999 -9999 -9999 -9999 -9999 -9999 -9999 -9999 -9999 -9999 -9999 -9999 -9999 -9999 -9999
30.1634540557861 30.194730758667 30.2105960845947 30.2695980072021 30.308069229126 30.3148994445801 30.3691215515137 30.3894805908203 30.4011573791504 30.4404258728027 30.4605274200439 30.4708766937256 30.5050773620605 30.5073547363281 30.5250434875488 30.5587615966797 30.5630207061768 30.579647064209 30.6221618652344 30.6303195953369 30.6421985626221 30.6631450653076 30.6702117919922 30.6733856201172 30.686222076416 30.6922283172607 30.698543548584 -9999 -9999 -9999 -9999 -9999 -9999 -9999 -9999 -9999 -9999 -9999 -9999 -9999 -9999 -9999 -9999 -9999 -9999 -9999 -9999 -9999 -9999 -9999 -9999 -9999 -9999 -9999 -9999 -9999 -9999
30.175687789917 30.202507019043 30.2157535552979 30.2764301300049 30.2892608642578 30.3153438568115 30.3656578063965 30.3834762573242 30.3927383422852 30.4302825927734 30.4378871917725 30.4525661468506 30.484899520874 30.4885444641113 30.4989452362061 30.5302352905273 30.5341205596924 30.5433902740479 30.5773601531982 30.592191696167 30.6029872894287 30.6241703033447 30.6273860931396 30.6307201385498 30.6432056427002 30.6489677429199 30.6564502716064 -9999 -9999 -9999 -9999 -9999 -9999 -9999 -9999 -9999 -9999 -9999 -9999 -9999 -9999 -9999 -9999 -9999 -9999 -9999 -9999 -9999 -9999 -9999 -9999 -9999 -9999 -9999 -9999 -9999 -9999
30.1693515777588 30.1989135742188 30.2331352233887 30.2605838775635 30.3055191040039 30.328577041626 30.3484802246094 30.384578704834 30.3999938964844 30.4125690460205 30.4363441467285 30.4556045532227 30.4660377502441 30.4802646636963 30.5005035400391 30.5107154846191 30.5163040161133 30.5394515991211 30.5568962097168 30.5759582519531 30.5966339111328 30.6010570526123 30.6148643493652 30.6178092956543 30.6224575042725 30.6319808959961 30.6429843902588 30.649881362915 -9999 -9999 -9999 -9999 -9999 -9999 -9999 -9999 -9999 -9999 -9999 -9999 -9999 -9999 -9999 -9999 -9999 -9999 -9999 -9999 -9999 -9999 -9999 -9999 -9999 -9999 -9999 -9999 -9999
30.1725959777832 30.210277557373 30.2259464263916 30.2833633422852 30.3078460693359 30.3146629333496 30.3570919036865 30.3762111663818 30.3833255767822 30.4162998199463 30.4315280914307 30.4388790130615 30.4646987915039 30.4697494506836 30.4833526611328 30.5073471069336 30.5120468139648 30.529296875 30.552360534668 30.5573616027832 30.5810546875 30.5927028656006 30.5977592468262 30.5971641540527 30.6098613739014 30.6188411712646 30.6260261535645 30.6394786834717 30.6475563049316 30.6512317657471 30.6680870056152 30.6714344024658 -9999 -9999 -9999 -9999 -9999 -9999 -9999 -9999 -9999 -9999 -9999 -9999 -9999 -9999 -9999 -9999 -9999 -9999 -9999 -9999 -9999 -9999 -9999 -9999 -9999
30.180627822876 30.1986465454102 30.2215270996094 30.2742977142334 30.2955856323242 30.3015289306641 30.3445243835449 30.3543338775635 30.366605758667 30.3992576599121 30.4061450958252 30.4187927246094 30.4443130493164 30.4501361846924 30.4600429534912 30.4833145141602 30.4897842407227 30.4968852996826 30.5209064483643 30.5266761779785 30.5393943786621 30.5565605163574 30.5542488098145 30.5554962158203 30.568000793457 30.5759334564209 30.5817565917969 30.595853805542 30.6033382415771 30.6100559234619 30.6271820068359 30.6338558197021 30.6417579650879 30.6496448516846 30.6495380401611 30.6500587463379 30.6671543121338 30.6796436309814 30.6938152313232 -9999 -9999 -9999 -9999 -9999 -9999 -9999 -9999 -9999 -9999 -9999 -9999 -9999 -9999 -9999 -9999 -9999 -9999
30.1726379394531 30.2092990875244 30.2361259460449 30.2553405761719 30.2937335968018 30.3180599212646 30.3271865844727 30.3607120513916 30.374475479126 30.3827342987061 30.4100856781006 30.4194450378418 30.4293613433838 30.4526672363281 30.4598503112793 30.4662857055664 30.4753837585449 30.4944515228271 30.5035305023193 30.514554977417 30.5277881622314 30.53955078125 30.5473232269287 30.548152923584 30.552225112915 30.5580291748047 30.5709247589111 30.5784873962402 30.5962009429932 30.6003704071045 30.6098308563232 30.6239242553711 30.6223049163818 30.6357765197754 30.6453170776367 30.653392791748 30.6607055664062 30.6869068145752 30.6898670196533 30.6970272064209 30.730260848999 30.7307300567627 30.7302074432373 -9999 -9999 -9999 -9999 -9999 -9999 -9999 -9999 -9999 -9999 -9999 -9999 -9999 -9999
30.1811466217041 30.2036590576172 30.2176761627197 30.2629261016846 30.2723045349121 30.2961292266846 30.328275680542 30.344633102417 30.3505306243896 30.381893157959 30.3938579559326 30.4005889892578 30.4229984283447 30.429615020752 30.440299987793 30.4614562988281 30.4669799804688 30.4810218811035 30.4958610534668 30.5014247894287 30.5136756896973 30.5238666534424 30.5286521911621 30.5306129455566 30.5407371520996 30.545238494873 30.5513000488281 30.5652637481689 30.5703945159912 30.5798492431641 30.5974426269531 30.5988540649414 30.6004581451416 30.6136798858643 30.6165657043457 30.6257667541504 30.6525230407715 30.6607112884521 30.6681423187256 30.6840209960938 30.6895694732666 30.7080860137939 30.716136932373 30.7152404785156 -9999 -9999 -9999 -9999 -9999 -9999 -9999 -9999 -9999 -9999 -9999 -9999 -9999
30.1740112304688 30.1896076202393 30.1964988708496 30.2451667785645 30.2596683502197 30.2724685668945 30.3125877380371 30.3112697601318 30.3247661590576 30.3563899993896 30.3612689971924 30.3746185302734 30.3969669342041 30.4039630889893 30.4163646697998 30.4388828277588 30.4458446502686 30.4523162841797 30.4669361114502 30.4758415222168 30.4817504882812 30.4889354705811 30.4897270202637 30.4871940612793 30.4995346069336 30.5032806396484 30.5058002471924 30.5185527801514 30.5229434967041 30.5225505828857 30.5395603179932 30.5514888763428 30.5526523590088 30.566499710083 30.5737991333008 30.5820064544678 30.6091709136963 30.6169548034668 30.6210250854492 30.6383934020996 30.6437854766846 30.6374549865723 30.6584453582764 30.6657772064209 30.6702518463135 -9999 -9999 -9999 -9999 -9999 -9999 -9999 -9999 -9999 -9999 -9999 -9999
30.1593742370605 30.1828784942627 30.2063674926758 30.2223339080811 30.2484588623047 30.2743892669678 30.2888107299805 30.3156051635742 30.3343753814697 30.344217300415 30.3480796813965 30.3653621673584 30.3709983825684 30.3939762115479 30.4115772247314 30.4242286682129 30.4425563812256 30.4488697052002 30.4557476043701 30.4692993164062 30.4708080291748 30.4726009368896 30.4691009521484 30.4753608703613 30.4817810058594 30.4833908081055 30.4816665649414 30.4862041473389 30.4958972930908 30.5073146820068 30.5173988342285 30.5430736541748 30.5437660217285 30.5464744567871 30.5562686920166 30.5697174072266 30.5871410369873 30.602258682251 30.5958080291748 30.6020965576172 30.6218204498291 30.6209526062012 30.6354904174805 30.6420879364014 30.6457691192627 30.6514892578125 -9999 -9999 -9999 -9999 -9999 -9999 -9999 -9999 -9999 -9999 -9999
30.1728134155273 30.1841678619385 30.189998626709 30.2291526794434 30.2450542449951 30.2497310638428 30.2894401550293 30.2950096130371 30.3153877258301 30.3459243774414 30.355052947998 30.3576030731201 30.3686504364014 30.3810939788818 30.3962554931641 30.4214649200439 30.4326114654541 30.4406356811523 30.448486328125 30.4560089111328 30.4607391357422 30.4632415771484 30.4654731750488 30.4641876220703 30.4606380462646 30.4621639251709 30.4648342132568 30.4684009552002 30.4733734130859 30.4809951782227 30.507942199707 30.5136833190918 30.5183944702148 30.53196144104 30.5371036529541 30.5484828948975 30.5602359771729 30.5671443939209 30.5715808868408 30.5830078125 30.5853404998779 30.5867557525635 30.6021556854248 30.6073627471924 30.6136074066162 30.6281280517578 -9999 -9999 -9999 -9999 -9999 -9999 -9999 -9999 -9999 -9999 -9999
30.1615982055664 30.1669387817383 30.1847438812256 30.2115993499756 30.2201766967773 30.2329444885254 30.2674331665039 30.2810554504395 30.2902545928955 30.3213806152344 30.3317947387695 30.3368854522705 30.3525466918945 30.3600463867188 30.3742389678955 30.4021797180176 30.4092445373535 30.4197101593018 30.430025100708 30.4254322052002 30.4264621734619 30.4287166595459 30.4289894104004 30.4299278259277 30.4248161315918 30.4216117858887 30.4205913543701 30.4223613739014 30.4243125915527 30.4338779449463 30.4463424682617 30.4549694061279 30.4568634033203 30.4719219207764 30.4787864685059 30.4869041442871 30.5036125183105 30.5128307342529 30.5147304534912 30.5241947174072 30.5269908905029 30.5201721191406 30.5327243804932 30.5429058074951 30.5512180328369 30.5663566589355 30.5730781555176 -9999 -9999 -9999 -9999 -9999 -9999 -9999 -9999 -9999 -9999
30.1484813690186 30.1634044647217 30.1914138793945 30.2019844055176 30.2100028991699 30.2350654602051 30.2469253540039 30.2612113952637 30.2930011749268 30.303524017334 30.3213405609131 30.3394393920898 30.3490924835205 30.3630924224854 30.3835601806641 30.3869609832764 30.407247543335 30.4125556945801 30.4175834655762 30.4287490844727 30.4161720275879 30.4145927429199 30.4101696014404 30.4153823852539 30.4140205383301 30.4066200256348 30.4078273773193 30.4044704437256 30.4090938568115 30.4173812866211 30.4222965240479 30.4202880859375 30.4388217926025 30.4380416870117 30.4472103118896 30.4612293243408 30.467830657959 30.4792079925537 30.4890594482422 30.4941444396973 30.487096786499 30.4974212646484 30.5065536499023 30.4958686828613 30.5291748046875 30.5234794616699 30.5212783813477 30.5362873077393 -9999 -9999 -9999 -9999 -9999 -9999 -9999 -9999 -9999
30.1592788696289 30.1716651916504 30.1762542724609 30.2139530181885 30.2166481018066 30.2190704345703 30.255464553833 30.2676887512207 30.2800617218018 30.3096084594727 30.3198719024658 30.3253192901611 30.3528480529785 30.3604125976562 30.3741073608398 30.3944110870361 30.3975086212158 30.402515411377 30.4093914031982 30.4140319824219 30.4089260101318 30.404275894165 30.4067268371582 30.4129219055176 30.404317855835 30.400541305542 30.3989944458008 30.3922939300537 30.3958473205566 30.4007453918457 30.4070701599121 30.4140243530273 30.40966796875 30.4236946105957 30.4311141967773 30.4444847106934 30.4604473114014 30.4595737457275 30.4681720733643 30.4765186309814 30.4767913818359 30.4771862030029 30.4945468902588 30.4983463287354 30.4952411651611 30.51247215271 30.5173225402832 30.5216865539551 30.5350532531738 -9999 -9999 -9999 -9999 -9999 -9999 -9999 -9999
30.1542949676514 30.1591014862061 30.1708450317383 30.2083683013916 30.2223873138428 30.2250862121582 30.2480602264404 30.2528743743896 30.2662105560303 30.294828414917 30.3004455566406 30.3058433532715 30.3336448669434 30.3470478057861 30.3557014465332 30.3754005432129 30.3751602172852 30.3809547424316 30.3847427368164 30.3877334594727 30.3787422180176 30.3751125335693 30.3760147094727 30.3813323974609 30.3765659332275 30.3662014007568 30.3586158752441 30.3499870300293 30.3519191741943 30.3547630310059 30.3618183135986 30.3633804321289 30.3629455566406 30.3754539489746 30.3863182067871 30.4057235717773 30.4213409423828 30.4105186462402 30.4191837310791 30.4288597106934 30.4296627044678 30.4310989379883 30.4480781555176 30.4521789550781 30.4503650665283 30.4670791625977 30.4674224853516 30.4832401275635 30.4950695037842 -9999 -9999 -9999 -9999 -9999 -9999 -9999 -9999
30.1425609588623 30.1550750732422 30.1845512390137 30.1968593597412 30.225133895874 30.2372722625732 30.2365818023682 30.2465343475342 30.2747764587402 30.2846336364746 30.299633026123 30.3092918395996 30.3227500915527 30.3460121154785 30.3555755615234 30.3656120300293 30.3903961181641 30.3848323822021 30.3720817565918 30.3780097961426 30.3665599822998 30.3675804138184 30.3652153015137 30.3646774291992 30.3593635559082 30.3397769927979 30.3372821807861 30.33717918396 30.32008934021 30.3354091644287 30.3332633972168 30.3222808837891 30.3464374542236 30.3525524139404 30.3447227478027 30.3900108337402 30.3964366912842 30.376184463501 30.3973693847656 30.4013843536377 30.4078350067139 30.418981552124 30.4137992858887 30.4102382659912 30.4357147216797 30.4435405731201 30.4395275115967 30.4683227539062 30.4722843170166 30.4624519348145 -9999 -9999 -9999 -9999 -9999 -9999 -9999
30.1525478363037 30.159065246582 30.1744613647461 30.2128639221191 30.2156162261963 30.2258682250977 30.2471027374268 30.2577533721924 30.2703285217285 30.289342880249 30.292501449585 30.302640914917 30.3266830444336 30.3383312225342 30.3442821502686 30.3644409179688 30.3671741485596 30.3742847442627 30.3602733612061 30.3610229492188 30.3638706207275 30.3448657989502 30.3464775085449 30.3454322814941 30.3330879211426 30.3282165527344 30.3238086700439 30.3246212005615 30.321102142334 30.3230590820312 30.3219318389893 30.326021194458 30.3341674804688 30.3431396484375 30.3513240814209 30.3618144989014 30.3782844543457 30.3780040740967 30.3782920837402 30.3949909210205 30.3915233612061 30.3934173583984 30.4025135040283 30.40380859375 30.4067249298096 30.4247303009033 30.4298000335693 30.4408569335938 30.4429702758789 30.4377765655518 30.4353294372559 -9999 -9999 -9999 -9999 -9999 -9999
30.1505889892578 30.1609344482422 30.1772499084473 30.2154960632324 30.2303600311279 30.2289562225342 30.2538242340088 30.2668075561523 30.2698020935059 30.2928104400635 30.2956657409668 30.3019409179688 30.329610824585 30.3342227935791 30.3387413024902 30.350700378418 30.352970123291 30.3490200042725 30.350944519043 30.3426322937012 30.3401756286621 30.331184387207 30.3302612304688 30.3272151947021 30.3127136230469 30.3071193695068 30.3059177398682 30.3031120300293 30.3023414611816 30.3092746734619 30.3093395233154 30.3078479766846 30.3102893829346 30.3222198486328 30.3246746063232 30.3312816619873 30.3491649627686 30.3535251617432 30.3535270690918 30.3675212860107 30.3699817657471 30.3702621459961 30.3794231414795 30.371732711792 30.3752365112305 30.3840847015381 30.3853721618652 30.3865661621094 30.399528503418 30.3967056274414 30.3937664031982 -9999 -9999 -9999 -9999 -9999 -9999
30.1449527740479 30.161994934082 30.1901168823242 30.202507019043 30.2307872772217 30.2438907623291 30.260404586792 30.2715244293213 30.2765464782715 30.2821159362793 30.295539855957 30.3060436248779 30.3148517608643 30.3218784332275 30.3294296264648 30.333158493042 30.3363227844238 30.3350372314453 30.3363399505615 30.3158493041992 30.3217906951904 30.3238563537598 30.3112602233887 30.3117733001709 30.3042602539062 30.2825012207031 30.2930278778076 30.2898693084717 30.2799415588379 30.2903957366943 30.2985858917236 30.2888240814209 30.2945251464844 30.2979869842529 30.3170490264893 30.324670791626 30.3335380554199 30.3481273651123 30.3494853973389 30.3545551300049 30.3730545043945 30.3675689697266 30.3615989685059 30.3641128540039 30.3640689849854 30.3653736114502 30.3764457702637 30.3705883026123 30.37868309021 30.3803577423096 30.3824920654297 30.3810577392578 -9999 -9999 -9999 -9999 -9999
30.1587448120117 30.1743469238281 30.1788158416748 30.2187652587891 30.2339267730713 30.2357997894287 30.273983001709 30.2613639831543 30.2710189819336 30.2901782989502 30.2923049926758 30.3030223846436 30.317455291748 30.3240871429443 30.3266773223877 30.3312816619873 30.3341846466064 30.3327865600586 30.3280506134033 30.3159027099609 30.3144207000732 30.3127002716064 30.3104286193848 30.3054885864258 30.2926559448242 30.2872161865234 30.2873058319092 30.280912399292 30.2790699005127 30.2849636077881 30.2939376831055 30.28346824646 30.2841529846191 30.291187286377 30.2909698486328 30.2979831695557 30.3124408721924 30.3154888153076 30.3217964172363 30.3336887359619 30.3400020599365 30.3412914276123 30.3455200195312 30.3385677337646 30.3396377563477 30.3417491912842 30.3434009552002 30.3409938812256 30.3498134613037 30.3388233184814 30.347972869873 30.3512706756592 -9999 -9999 -9999 -9999 -9999
30.167854309082 30.1743850708008 30.1909217834473 30.2307662963867 30.2384262084961 30.2559509277344 30.2768001556396 30.2839183807373 30.2916240692139 30.3094329833984 30.3085651397705 30.3120403289795 30.314058303833 30.3163108825684 30.3233585357666 30.3273067474365 30.3301620483398 30.3250980377197 30.3072109222412 30.3147506713867 30.3127498626709 30.3050651550293 30.3082904815674 30.3053646087646 30.2922897338867 30.2882785797119 30.2878494262695 30.281530380249 30.2788410186768 30.2766609191895 30.2741584777832 30.278678894043 30.2728500366211 30.2782402038574 30.275541305542 30.2764778137207 30.2878017425537 30.2903003692627 30.2918510437012 30.3025093078613 30.3049297332764 30.304027557373 30.3065700531006 30.3077526092529 30.3078441619873 30.3092079162598 30.3079490661621 30.3056030273438 30.292631149292 30.2879257202148 30.2859497070312 30.297908782959 30.2962760925293 -9999 -9999 -9999 -9999
30.1738891601562 30.1740036010742 30.206018447876 30.2205276489258 30.2529449462891 30.2651271820068 30.2692203521729 30.2956562042236 30.2946491241455 30.2979354858398 30.3127002716064 30.3086585998535 30.3033275604248 30.3138618469238 30.3117561340332 30.3162517547607 30.3241481781006 30.3243751525879 30.3080863952637 30.3095798492432 30.3040103912354 30.302038192749 30.3004894256592 30.2957038879395 30.281120300293 30.2682628631592 30.2712669372559 30.2709712982178 30.2712497711182 30.2682075500488 30.2682018280029 30.2667102813721 30.2626247406006 30.2609024047852 30.2575988769531 30.2608451843262 30.2577838897705 30.2747344970703 30.2747669219971 30.2778377532959 30.2852230072021 30.2839088439941 30.2783317565918 30.288631439209 30.2871246337891 30.2862949371338 30.2895755767822 30.2765235900879 30.2657451629639 30.2591361999512 30.2641620635986 30.2652950286865 30.2718143463135 30.2790203094482 -9999 -9999 -9999
30.2025318145752 30.2056827545166 30.198184967041 30.2357692718506 30.2405395507812 30.2546768188477 30.2897968292236 30.2883071899414 30.2857418060303 30.2998104095459 30.3039627075195 30.3051643371582 30.3105049133301 30.3154792785645 30.3054943084717 30.312629699707 30.3179225921631 30.3139114379883 30.3164806365967 30.303108215332 30.302942276001 30.2986965179443 30.2996864318848 30.2921371459961 30.2821807861328 30.2780838012695 30.2719860076904 30.2645435333252 30.2639064788818 30.2595100402832 30.256139755249 30.2543182373047 30.2515487670898 30.2479858398438 30.247013092041 30.2451419830322 30.2482681274414 30.2558746337891 30.2532825469971 30.2601165771484 30.262243270874 30.2598896026611 30.2596416473389 30.2615718841553 30.2597904205322 30.2631931304932 30.2515773773193 30.249231338501 30.2462062835693 30.2442855834961 30.2446823120117 30.2491931915283 30.2557640075684 30.2454261779785 -9999 -9999 -9999
30.2209911346436 30.2297649383545 30.2201633453369 30.2551555633545 30.2493877410889 30.2535762786865 30.2874488830566 30.2861175537109 30.2841854095459 30.295072555542 30.2906055450439 30.2864456176758 30.2913055419922 30.2973213195801 30.3032989501953 30.3095989227295 30.2980651855469 30.3020782470703 30.3058109283447 30.3059196472168 30.2971115112305 30.2929229736328 30.2891426086426 30.2829742431641 30.2730751037598 30.2745189666748 30.2714462280273 30.2634296417236 30.2528476715088 30.2468814849854 30.2423839569092 30.2377967834473 30.2314643859863 30.2239170074463 30.214147567749 30.2063865661621 30.2075443267822 30.2130031585693 30.2217350006104 30.2296752929688 30.2181854248047 30.2188339233398 30.2177600860596 30.2167053222656 30.210470199585 30.2086906433105 30.2025375366211 30.1966896057129 30.1942157745361 30.1905899047852 30.1926956176758 30.1972465515137 30.1838569641113 30.1900787353516 30.1937770843506 -9999 -9999
