G_variables/Set1/RCP2_2100/Sur_tem_max.asc
NCOLS 229 
NROWS 147 
XLLCORNER -101.25 
YLLCORNER 14.3333333333333 
CELLSIZE 0.0833333333333333 
NODATA_value -9999 
[rows 104 to 129 of 147, columns 171 to 227 of 229]
30.2319660186768 30.2364540100098 30.2494831085205 30.2550601959229 30.2461853027344 30.2653045654297 30.2776832580566 30.2995643615723 30.2885971069336 30.2844753265381 30.2868976593018 30.2686023712158 30.2693748474121 30.2874412536621 30.2980995178223 30.3040523529053 30.2873497009277 30.2979888916016 30.3013935089111 30.3121643066406 30.2942028045654 30.2926959991455 30.296875 30.2734298706055 30.2683448791504 30.2759380340576 30.2644424438477 30.2621822357178 30.2516593933105 30.2413711547852 30.2386341094971 30.2288074493408 30.2223873138428 30.2125225067139 30.1942577362061 30.17848777771 30.1778869628906 30.1941318511963 30.2085990905762 30.2139511108398 30.1970520019531 30.2041244506836 30.2007579803467 30.1987228393555 30.1948890686035 30.1906471252441 30.1873455047607 30.1699676513672 30.166633605957 30.1721172332764 30.1763648986816 30.1789112091064 30.1730861663818 30.1779193878174 30.1735363006592 30.1788005828857 -9999
30.2465553283691 30.23801612854 30.2434558868408 30.2703304290771 30.2717247009277 30.2720127105713 30.2868251800537 30.2845497131348 30.2793712615967 30.2845973968506 30.2758445739746 30.2554950714111 30.2588577270508 30.2786273956299 30.289176940918 30.3000354766846 30.2950191497803 30.2950897216797 30.2897930145264 30.292423248291 30.2835578918457 30.2809791564941 30.2777309417725 30.2642021179199 30.2555065155029 30.2609748840332 30.2579307556152 30.2481079101562 30.245719909668 30.2422695159912 30.2233200073242 30.2178688049316 30.2143669128418 30.1992740631104 30.1846694946289 30.1610660552979 30.1589393615723 30.1817874908447 30.1936721801758 30.1987762451172 30.1917877197266 30.1917819976807 30.1839637756348 30.1846542358398 30.18141746521 30.1746406555176 30.1672859191895 30.1525802612305 30.1406784057617 30.1496677398682 30.1546020507812 30.1553230285645 30.1507053375244 30.1510524749756 30.1506214141846 30.1605052947998 30.1624450683594
30.2555866241455 30.2606945037842 30.2586822509766 30.2910671234131 30.2738800048828 30.2761096954346 30.288911819458 30.2857990264893 30.2774620056152 30.2822036743164 30.2743129730225 30.2655200958252 30.2680606842041 30.2733287811279 30.2796764373779 30.2890357971191 30.2787303924561 30.2803821563721 30.2740230560303 30.2772178649902 30.2663726806641 30.2665996551514 30.2648334503174 30.2598476409912 30.2520160675049 30.2526512145996 30.2515811920166 30.241569519043 30.2358131408691 30.2293682098389 30.208854675293 30.2044620513916 30.205753326416 30.1866455078125 30.1761112213135 30.1674041748047 30.1649589538574 30.1695804595947 30.1749114990234 30.1848926544189 30.1693496704102 30.1664142608643 30.1564559936523 30.1512413024902 30.1548709869385 30.1382884979248 30.1312198638916 30.1245784759521 30.1153717041016 30.1222991943359 30.1225090026855 30.1240310668945 30.1026058197021 30.1042022705078 30.1033267974854 30.1083946228027 30.1168766021729
30.253719329834 30.2731857299805 30.2804927825928 30.2830410003662 30.2766246795654 30.2782306671143 30.2795276641846 30.2803421020508 30.2815132141113 30.279447555542 30.2801475524902 30.2769088745117 30.2749805450439 30.27760887146 30.2805595397949 30.2826042175293 30.2821807861328 30.2660121917725 30.2645015716553 30.2650470733643 30.2587127685547 30.2583770751953 30.2630062103271 30.2521381378174 30.2519378662109 30.2554359436035 30.2442398071289 30.2402267456055 30.2369804382324 30.2138938903809 30.2146625518799 30.2025814056396 30.197265625 30.1893138885498 30.1769981384277 30.1786499023438 30.1784191131592 30.1764106750488 30.1795787811279 30.1812915802002 30.1807231903076 30.1641025543213 30.1540603637695 30.1425800323486 30.1414012908936 30.135721206665 30.1301097869873 30.1209201812744 30.114330291748 30.112024307251 30.1141033172607 30.1099548339844 30.0835723876953 30.0956172943115 30.0874423980713 30.0659599304199 30.0970726013184
30.266414642334 30.2699546813965 30.2803611755371 30.2969360351562 30.2847995758057 30.2850227355957 30.2831134796143 30.2878894805908 30.2842712402344 30.2864246368408 30.2832164764404 30.2835159301758 30.2809104919434 30.2808246612549 30.2806663513184 30.2774143218994 30.2796630859375 30.2672882080078 30.251522064209 30.2542152404785 30.2531929016113 30.2529468536377 30.2508010864258 30.2501106262207 30.2482013702393 30.248685836792 30.2438564300537 30.2338790893555 30.23118019104 30.22900390625 30.2109680175781 30.2035217285156 30.1987228393555 30.1878108978271 30.183744430542 30.1804046630859 30.1782741546631 30.1781406402588 30.1767120361328 30.1748962402344 30.1749305725098 30.1730461120605 30.1589832305908 30.1430072784424 30.1386432647705 30.1281852722168 30.1244506835938 30.1212482452393 30.1048069000244 30.1070899963379 30.1052665710449 30.0979843139648 30.0923233032227 30.0883026123047 -9999 -9999 -9999
30.2906608581543 30.2946815490723 30.2995109558105 30.3158760070801 30.3067054748535 30.2965793609619 30.2928733825684 30.2915496826172 30.2840824127197 30.285493850708 30.2825870513916 30.2766361236572 30.272855758667 30.271369934082 30.2710342407227 30.2656421661377 30.2647953033447 30.2478446960449 30.2296752929688 30.2288284301758 30.228645324707 30.2275085449219 30.2237205505371 30.2243900299072 30.2235870361328 30.2235813140869 30.2219944000244 30.2170944213867 30.213207244873 30.2139377593994 30.19846534729 30.1907997131348 30.1870613098145 30.1776504516602 30.1765384674072 30.1741371154785 30.17209815979 30.1685333251953 30.167854309082 30.16628074646 30.1647777557373 30.1607131958008 30.1455345153809 30.1243877410889 30.119478225708 30.1079902648926 30.1037101745605 30.1007328033447 30.0856304168701 30.0878372192383 30.0850200653076 30.0776424407959 -9999 -9999 -9999 -9999 -9999
30.2972049713135 30.3176746368408 30.3198375701904 30.3223972320557 30.3245162963867 30.3081150054932 30.3002319335938 30.2988033294678 30.2941436767578 30.2896823883057 30.2886257171631 30.2814598083496 30.2736835479736 30.2694225311279 30.2648258209229 30.2612934112549 30.2566833496094 30.2451725006104 30.232105255127 30.2245121002197 30.2256946563721 30.2250385284424 30.2246379852295 30.2234954833984 30.228048324585 30.2311363220215 30.222900390625 30.2192707061768 30.219482421875 30.2124099731445 30.2020225524902 30.185188293457 30.1797828674316 30.1759910583496 30.1714744567871 30.1694183349609 30.1704387664795 30.1677742004395 30.1662769317627 30.164888381958 30.1634731292725 30.1630458831787 30.1423072814941 30.1191749572754 30.1145687103271 30.1062850952148 30.0955238342285 30.098445892334 30.0794563293457 -9999 -9999 -9999 -9999 -9999 -9999 -9999 -9999
30.3134803771973 30.3151550292969 30.3208312988281 30.3327198028564 30.329252243042 30.318790435791 30.3041572570801 30.2982864379883 30.298620223999 30.2910633087158 30.2882709503174 30.2858963012695 30.2723693847656 30.2693767547607 30.2638206481934 30.2520885467529 30.2505054473877 30.2412700653076 30.2221794128418 30.2176151275635 30.2178497314453 30.218620300293 30.2193984985352 30.2191162109375 30.2240619659424 30.2223777770996 30.2196025848389 30.2139205932617 30.206169128418 30.205810546875 30.1901779174805 30.1740322113037 30.1786079406738 30.1744689941406 30.1726150512695 30.1672840118408 30.1722984313965 30.1711139678955 30.1686897277832 30.1645202636719 30.1614379882812 30.1592082977295 30.1390113830566 30.1214427947998 30.1151580810547 30.1030254364014 -9999 -9999 -9999 -9999 -9999 -9999 -9999 -9999 -9999 -9999 -9999
30.3446826934814 30.3439521789551 30.3428649902344 30.3530654907227 30.3471221923828 30.3465976715088 30.33469581604 30.3139629364014 30.3086490631104 30.2913513183594 30.2873096466064 30.2813205718994 30.2709770202637 30.2620429992676 30.2495040893555 30.2383251190186 30.2349967956543 30.231746673584 30.2070999145508 30.1932563781738 30.1890468597412 30.1877574920654 30.1875686645508 30.1964111328125 30.1953067779541 30.1925182342529 30.1902675628662 30.1846160888672 30.1820507049561 30.1746101379395 30.1621246337891 30.1576251983643 30.1554470062256 30.1518173217773 30.1593360900879 30.1625366210938 30.1623973846436 30.1632232666016 30.164192199707 30.1598243713379 30.1571273803711 30.1418228149414 30.1235752105713 30.1153793334961 -9999 -9999 -9999 -9999 -9999 -9999 -9999 -9999 -9999 -9999 -9999 -9999 -9999
30.3538722991943 30.3551063537598 30.359130859375 30.3581314086914 30.3582992553711 30.3514766693115 30.3364505767822 30.333475112915 30.3114929199219 30.3043518066406 30.2856216430664 30.2793407440186 30.2734375 30.2595844268799 30.2493553161621 30.2429599761963 30.2303848266602 30.2227191925049 30.2022647857666 30.1952247619629 30.1887607574463 30.188404083252 30.1831855773926 30.1953144073486 30.1966247558594 30.1934089660645 30.1865749359131 30.1828441619873 30.178503036499 30.167875289917 30.1589965820312 30.1558399200439 30.1565990447998 30.1561260223389 30.1605186462402 30.163366317749 30.164400100708 30.1655120849609 30.1626758575439 30.1600303649902 30.1498146057129 -9999 -9999 -9999 -9999 -9999 -9999 -9999 -9999 -9999 -9999 -9999 -9999 -9999 -9999 -9999 -9999
30.3839664459229 30.3697032928467 30.3650970458984 30.3674392700195 30.3609657287598 30.3553562164307 30.3374519348145 30.332010269165 30.3168849945068 30.3008670806885 30.2951602935791 30.2821979522705 30.2620525360107 30.2563438415527 30.25119972229 30.233512878418 30.225378036499 30.2201557159424 30.1907138824463 30.1888236999512 30.1847229003906 30.1793785095215 30.1855812072754 30.1982021331787 30.1960468292236 30.1850910186768 30.1780204772949 30.1715755462646 30.1626758575439 30.1585292816162 30.1522521972656 30.1502819061279 30.1486911773682 30.1544437408447 30.1562786102295 30.1595001220703 30.166841506958 30.1635398864746 30.159725189209 -9999 -9999 -9999 -9999 -9999 -9999 -9999 -9999 -9999 -9999 -9999 -9999 -9999 -9999 -9999 -9999 -9999 -9999
30.4156150817871 30.3980865478516 30.3873271942139 30.3883571624756 30.3734874725342 30.3679103851318 30.3529205322266 30.3473873138428 30.3230667114258 30.3055267333984 30.2925052642822 30.2759075164795 30.2571239471436 30.2497978210449 30.2395439147949 30.2214622497559 30.208589553833 30.2000064849854 30.1882171630859 30.1862335205078 30.1640682220459 30.1551971435547 30.1612300872803 30.1727180480957 30.1701602935791 30.1602115631104 30.151704788208 30.1446685791016 30.1413516998291 30.1384868621826 30.1394443511963 30.1371402740479 30.1301555633545 30.1366958618164 30.1375293731689 30.1501483917236 -9999 -9999 -9999 -9999 -9999 -9999 -9999 -9999 -9999 -9999 -9999 -9999 -9999 -9999 -9999 -9999 -9999 -9999 -9999 -9999 -9999
30.3949661254883 30.3985595703125 30.3934879302979 30.3892841339111 30.3822612762451 30.3712902069092 30.3576965332031 30.3529777526855 30.3193054199219 30.3084983825684 30.2936305999756 30.2775173187256 30.2602596282959 30.239070892334 30.2294864654541 30.2212677001953 30.2040672302246 30.1908397674561 30.1866455078125 30.1681785583496 30.1471385955811 30.1470718383789 30.13645362854 30.1468086242676 30.1469573974609 30.1387958526611 30.1392192840576 30.1337966918945 30.124340057373 30.1281757354736 30.1325569152832 30.1286926269531 30.1385555267334 -9999 -9999 -9999 -9999 -9999 -9999 -9999 -9999 -9999 -9999 -9999 -9999 -9999 -9999 -9999 -9999 -9999 -9999 -9999 -9999 -9999 -9999 -9999 -9999
30.3927745819092 30.3984489440918 30.396297454834 30.3931427001953 30.3825721740723 30.3800086975098 30.3566265106201 30.3507671356201 30.3289737701416 30.3039245605469 30.2932319641113 30.2874374389648 30.2601718902588 30.2421894073486 30.2349166870117 30.2126426696777 30.1996059417725 30.1918849945068 30.1739959716797 30.1689949035645 30.1469116210938 30.1360092163086 30.1355018615723 30.1376857757568 30.1312847137451 30.1308174133301 30.131929397583 30.1369934082031 30.133279800415 30.1271457672119 30.128137588501 -9999 -9999 -9999 -9999 -9999 -9999 -9999 -9999 -9999 -9999 -9999 -9999 -9999 -9999 -9999 -9999 -9999 -9999 -9999 -9999 -9999 -9999 -9999 -9999 -9999 -9999
30.4186763763428 30.4211540222168 30.4199848175049 30.4168319702148 30.4067764282227 30.4001655578613 30.3755035400391 30.3620567321777 30.342903137207 30.3145294189453 30.3085689544678 30.2932834625244 30.262996673584 30.2371807098389 30.2290935516357 30.2061614990234 30.1835803985596 30.1775035858154 30.1624374389648 30.1534595489502 30.1318531036377 30.1177349090576 30.1135234832764 30.1138687133789 30.1057777404785 30.1063041687012 30.1155471801758 30.1099529266357 -9999 -9999 -9999 -9999 -9999 -9999 -9999 -9999 -9999 -9999 -9999 -9999 -9999 -9999 -9999 -9999 -9999 -9999 -9999 -9999 -9999 -9999 -9999 -9999 -9999 -9999 -9999 -9999 -9999
30.4240970611572 30.431489944458 30.4252853393555 30.4186172485352 30.4117984771729 30.4009799957275 30.3847846984863 30.3682174682617 30.3510284423828 30.3233776092529 30.2929229736328 30.2831554412842 30.266881942749 30.2236824035645 30.216926574707 30.2001094818115 30.1845989227295 30.1659564971924 30.1628112792969 30.1560688018799 30.1396465301514 30.114990234375 30.1017284393311 30.1011238098145 30.1106643676758 30.1090507507324 -9999 -9999 -9999 -9999 -9999 -9999 -9999 -9999 -9999 -9999 -9999 -9999 -9999 -9999 -9999 -9999 -9999 -9999 -9999 -9999 -9999 -9999 -9999 -9999 -9999 -9999 -9999 -9999 -9999 -9999 -9999
30.4288673400879 30.4333877563477 30.4340667724609 30.4194393157959 30.412971496582 30.409481048584 30.3819103240967 30.3750019073486 30.3640823364258 30.3188743591309 30.3090076446533 30.2952632904053 30.2576351165771 30.2329730987549 30.2246341705322 30.1956157684326 30.1881256103516 30.1760444641113 30.1414566040039 30.1344661712646 30.1297855377197 30.1145782470703 30.1116561889648 -9999 -9999 -9999 -9999 -9999 -9999 -9999 -9999 -9999 -9999 -9999 -9999 -9999 -9999 -9999 -9999 -9999 -9999 -9999 -9999 -9999 -9999 -9999 -9999 -9999 -9999 -9999 -9999 -9999 -9999 -9999 -9999 -9999 -9999
30.4589881896973 30.4601230621338 30.4529399871826 30.4473533630371 30.4435787200928 30.4409523010254 30.4142799377441 30.4039916992188 30.3915882110596 30.3541889190674 30.3201484680176 30.3061294555664 30.2658882141113 30.2291316986084 30.2183017730713 30.187952041626 30.1677989959717 30.1585121154785 30.1227169036865 30.108850479126 -9999 -9999 -9999 -9999 -9999 -9999 -9999 -9999 -9999 -9999 -9999 -9999 -9999 -9999 -9999 -9999 -9999 -9999 -9999 -9999 -9999 -9999 -9999 -9999 -9999 -9999 -9999 -9999 -9999 -9999 -9999 -9999 -9999 -9999 -9999 -9999 -9999
30.4663677215576 30.4672107696533 30.4592266082764 30.4554443359375 30.4575233459473 30.4434280395508 30.4316101074219 30.4274444580078 30.3933849334717 30.3685760498047 30.3287239074707 30.2988662719727 30.2779712677002 30.2419700622559 30.2081642150879 30.1938705444336 30.173583984375 30.1449146270752 30.1223373413086 30.1181201934814 -9999 -9999 -9999 -9999 -9999 -9999 -9999 -9999 -9999 -9999 -9999 -9999 -9999 -9999 -9999 -9999 -9999 -9999 -9999 -9999 -9999 -9999 -9999 -9999 -9999 -9999 -9999 -9999 -9999 -9999 -9999 -9999 -9999 -9999 -9999 -9999 -9999
30.4679355621338 30.4653987884521 30.4673271179199 30.4628276824951 30.4624252319336 30.4581775665283 30.4351615905762 30.4246349334717 30.414421081543 30.3626155853271 30.3403701782227 30.3197002410889 30.2610187530518 30.2474002838135 30.2216758728027 30.1691017150879 30.1548633575439 30.1421909332275 30.0921440124512 -9999 -9999 -9999 -9999 -9999 -9999 -9999 -9999 -9999 -9999 -9999 -9999 -9999 -9999 -9999 -9999 -9999 -9999 -9999 -9999 -9999 -9999 -9999 -9999 -9999 -9999 -9999 -9999 -9999 -9999 -9999 -9999 -9999 -9999 -9999 -9999 -9999 -9999
30.4767971038818 30.4840641021729 30.4898357391357 30.4865474700928 30.4874019622803 30.4956951141357 30.4702625274658 30.4659957885742 30.4446640014648 30.397331237793 30.3662757873535 30.3426170349121 30.2752056121826 30.2401065826416 30.2165603637695 30.1592693328857 30.1289100646973 30.1160888671875 -9999 -9999 -9999 -9999 -9999 -9999 -9999 -9999 -9999 -9999 -9999 -9999 -9999 -9999 -9999 -9999 -9999 -9999 -9999 -9999 -9999 -9999 -9999 -9999 -9999 -9999 -9999 -9999 -9999 -9999 -9999 -9999 -9999 -9999 -9999 -9999 -9999 -9999 -9999
30.4851837158203 30.4953002929688 30.4969730377197 30.4968681335449 30.5105571746826 30.5004730224609 30.4884548187256 30.498462677002 30.4425315856934 30.4205265045166 30.4066848754883 30.3346328735352 30.2954597473145 30.2359409332275 30.1963882446289 30.1794300079346 30.1285858154297 -9999 -9999 -9999 -9999 -9999 -9999 -9999 -9999 -9999 -9999 -9999 -9999 -9999 -9999 -9999 -9999 -9999 -9999 -9999 -9999 -9999 -9999 -9999 -9999 -9999 -9999 -9999 -9999 -9999 -9999 -9999 -9999 -9999 -9999 -9999 -9999 -9999 -9999 -9999 -9999
30.4965114593506 30.4985523223877 30.4989261627197 30.5062808990479 30.5074615478516 30.5063724517822 30.4868106842041 30.4737224578857 30.4631538391113 30.4117336273193 30.3965072631836 30.3644847869873 30.2838668823242 30.2573623657227 30.2209091186523 30.1458702087402 30.1302452087402 -9999 -9999 -9999 -9999 -9999 -9999 -9999 -9999 -9999 -9999 -9999 -9999 -9999 -9999 -9999 -9999 -9999 -9999 -9999 -9999 -9999 -9999 -9999 -9999 -9999 -9999 -9999 -9999 -9999 -9999 -9999 -9999 -9999 -9999 -9999 -9999 -9999 -9999 -9999 -9999
30.5021648406982 30.5045070648193 30.504487991333 30.5146083831787 30.5154113769531 30.5133419036865 30.4948787689209 30.4815139770508 30.464958190918 30.424108505249 30.3956737518311 30.3639755249023 30.3050289154053 30.2722549438477 30.2132472991943 30.1574573516846 -9999 -9999 -9999 -9999 -9999 -9999 -9999 -9999 -9999 -9999 -9999 -9999 -9999 -9999 -9999 -9999 -9999 -9999 -9999 -9999 -9999 -9999 -9999 -9999 -9999 -9999 -9999 -9999 -9999 -9999 -9999 -9999 -9999 -9999 -9999 -9999 -9999 -9999 -9999 -9999 -9999
30.5048179626465 30.5044231414795 30.5122985839844 30.5173301696777 30.5304126739502 30.5174465179443 30.4997749328613 30.5278282165527 30.4619846343994 30.4386692047119 30.4399127960205 30.3613357543945 30.3214988708496 -9999 -9999 -9999 -9999 -9999 -9999 -9999 -9999 -9999 -9999 -9999 -9999 -9999 -9999 -9999 -9999 -9999 -9999 -9999 -9999 -9999 -9999 -9999 -9999 -9999 -9999 -9999 -9999 -9999 -9999 -9999 -9999 -9999 -9999 -9999 -9999 -9999 -9999 -9999 -9999 -9999 -9999 -9999 -9999
30.4963359832764 30.5101165771484 30.5113677978516 30.515308380127 30.5181064605713 30.5157127380371 30.4959297180176 30.4834785461426 30.4549674987793 -9999 -9999 -9999 -9999 -9999 -9999 -9999 -9999 -9999 -9999 -9999 -9999 -9999 -9999 -9999 -9999 -9999 -9999 -9999 -9999 -9999 -9999 -9999 -9999 -9999 -9999 -9999 -9999 -9999 -9999 -9999 -9999 -9999 -9999 -9999 -9999 -9999 -9999 -9999 -9999 -9999 -9999 -9999 -9999 -9999 -9999 -9999 -9999
