G_variables/Set1/RCP2_2100/Sur_tem_max.asc
NCOLS 229 
NROWS 147 
XLLCORNER -101.25 
YLLCORNER 14.3333333333333 
CELLSIZE 0.0833333333333333 
NODATA_value -9999 
[rows 78 to 103 of 147, columns 57 to 113 of 229]
30.1787033081055 30.1870956420898 30.2207450866699 30.2922210693359 30.3199844360352 30.3327903747559 30.3912811279297 30.3908786773682 30.4021511077881 30.4258842468262 30.4239501953125 30.4332695007324 30.4456062316895 30.4523849487305 30.4556064605713 30.4681396484375 30.4682998657227 30.4695243835449 30.4882984161377 30.477144241333 30.480001449585 30.4915828704834 30.4955368041992 30.4990978240967 30.5185775756836 30.5263023376465 30.5265998840332 30.5271549224854 30.524845123291 30.5216064453125 30.5194683074951 30.5141582489014 30.5128040313721 30.5042953491211 30.4817161560059 30.4759311676025 30.4561882019043 30.4527435302734 30.4465427398682 30.4381561279297 30.428991317749 30.4322776794434 30.4366054534912 30.4355735778809 30.4328327178955 30.4268417358398 30.4222583770752 30.4125804901123 30.4081611633301 30.4177532196045 30.4119071960449 30.4022769927979 30.3925533294678 30.3894577026367 30.3630752563477 30.3584480285645 30.3245372772217
30.1628036499023 30.1578063964844 30.1709899902344 30.2411270141602 30.2720699310303 30.2846450805664 30.3448181152344 30.3464889526367 30.3547916412354 30.3868980407715 30.3890380859375 30.4037952423096 30.4168834686279 30.4169311523438 30.4208374023438 30.4313468933105 30.4369049072266 30.4462699890137 30.4548397064209 30.445240020752 30.4450092315674 30.4518165588379 30.4506778717041 30.4517917633057 30.468132019043 30.4679698944092 30.4672164916992 30.4677581787109 30.4681510925293 30.4691143035889 30.4717140197754 30.4728889465332 30.4780960083008 30.4725208282471 30.4643363952637 30.4661254882812 30.4435749053955 30.4420471191406 30.4389114379883 30.4297256469727 30.4244499206543 30.4198188781738 30.4160671234131 30.4169387817383 30.4066467285156 30.3967895507812 30.3892021179199 30.3825721740723 30.3982372283936 30.3969421386719 30.3970184326172 30.3874168395996 30.3892726898193 30.3817481994629 30.3506088256836 30.3523101806641 30.3246269226074
30.1476802825928 30.1312732696533 30.1857280731201 30.2145080566406 30.2663383483887 30.2981662750244 30.3142185211182 30.3621921539307 30.3616504669189 30.3697509765625 30.3965110778809 30.403148651123 30.4040508270264 30.4232196807861 30.4178676605225 30.4196529388428 30.4286327362061 30.4374160766602 30.443790435791 30.4587211608887 30.437219619751 30.4344272613525 30.4229717254639 30.4422912597656 30.4503917694092 30.4379253387451 30.4482727050781 30.4451904296875 30.4303588867188 30.4482841491699 30.4551410675049 30.4519386291504 30.4610023498535 30.4646949768066 30.4648551940918 30.4501266479492 30.4452991485596 30.4424915313721 30.4321899414062 30.4284706115723 30.4202842712402 30.4147453308105 30.4147872924805 30.4256896972656 30.3995971679688 30.3933906555176 30.4008522033691 30.3860340118408 30.3871688842773 30.3862266540527 30.3855171203613 30.3849468231201 30.4053497314453 30.3648433685303 30.3578910827637 30.3796291351318 30.2934322357178
30.1215229034424 30.1513385772705 30.1848678588867 30.222785949707 30.2548999786377 30.2641773223877 30.3263664245605 30.3275585174561 30.3386974334717 30.3796977996826 30.3852443695068 30.3902931213379 30.4166660308838 30.4025402069092 30.410270690918 30.4227085113525 30.4249496459961 30.4273662567139 30.4356307983398 30.4395351409912 30.4380302429199 30.4265003204346 30.4333114624023 30.4313735961914 30.4367008209229 30.4359951019287 30.430944442749 30.434700012207 30.4320125579834 30.4288196563721 30.4391536712646 30.443058013916 30.4457359313965 30.4559497833252 30.4544448852539 30.440990447998 30.4352645874023 30.4360866546631 30.4273948669434 30.4183197021484 30.4175224304199 30.4085502624512 30.394323348999 30.3968086242676 30.3936519622803 30.3765716552734 30.3805522918701 30.3745613098145 30.3690204620361 30.3657741546631 30.3730297088623 30.3609981536865 30.3590469360352 30.3532104492188 30.3233242034912 30.3088150024414 30.2958431243896
-9999 30.1142272949219 30.1341915130615 30.1746120452881 30.1921062469482 30.224630355835 30.2826328277588 30.3084011077881 30.3135986328125 30.348482131958 30.3510551452637 30.3591747283936 30.3842849731445 30.3743114471436 30.375524520874 30.3887195587158 30.3945751190186 30.3994121551514 30.4090328216553 30.4113731384277 30.4146194458008 30.4133224487305 30.4085998535156 30.4037456512451 30.4059410095215 30.4019985198975 30.4002590179443 30.4038066864014 30.4006156921387 30.4012756347656 30.412425994873 30.4148654937744 30.4145832061768 30.424919128418 30.4297466278076 30.4231185913086 30.4203109741211 30.4223022460938 30.4147071838379 30.4073066711426 30.4017295837402 30.4011554718018 30.3774852752686 30.3643493652344 30.358118057251 30.3377132415771 30.3362865447998 30.3321876525879 30.3282527923584 30.3195571899414 30.3177814483643 30.3106498718262 30.3021640777588 30.2964954376221 30.2608890533447 30.2467021942139 30.2365322113037
-9999 30.0758819580078 30.1226425170898 30.1666164398193 30.186149597168 30.2450141906738 30.2672958374023 30.3205528259277 30.3194103240967 30.3274478912354 30.3511295318604 30.3612670898438 30.3660106658936 30.3702411651611 30.3694152832031 30.3725757598877 30.3723907470703 30.3954448699951 30.4046955108643 30.422046661377 30.4141998291016 30.4056339263916 30.3966732025146 30.3959732055664 30.397647857666 30.3792190551758 30.3945598602295 30.3913745880127 30.3715438842773 30.3897933959961 30.3947868347168 30.4045715332031 30.4074993133545 30.4111042022705 30.4254570007324 30.4110832214355 30.4116840362549 30.4344387054443 30.4019927978516 30.4025211334229 30.4057388305664 30.3917655944824 30.3788166046143 30.3667583465576 30.3428153991699 30.3281803131104 30.3136329650879 30.3113803863525 30.314977645874 30.3179378509521 30.2945098876953 30.2860794067383 30.3087005615234 30.2539596557617 30.241340637207 30.2575664520264 30.1881160736084
-9999 30.0831909179688 30.125659942627 30.1479969024658 30.1876335144043 30.2205333709717 30.2891368865967 30.283166885376 30.2893028259277 30.3292064666748 30.3396911621094 30.3450317382812 30.3619861602783 30.3613166809082 30.3538227081299 30.3683948516846 30.3745803833008 30.3877048492432 30.4047374725342 30.405237197876 30.4030380249023 30.4077472686768 30.3985004425049 30.3934860229492 30.3926429748535 30.3892211914062 30.3912773132324 30.3923683166504 30.3879470825195 30.381519317627 30.3859176635742 30.3926181793213 30.3965625762939 30.4010143280029 30.3948764801025 30.3881435394287 30.3867301940918 30.389476776123 30.3939895629883 30.3857173919678 30.3903884887695 30.3964138031006 30.3612670898438 30.3468704223633 30.3341255187988 30.3004379272461 30.3004455566406 30.2917346954346 30.2817249298096 30.2777328491211 30.2741260528564 30.2481594085693 30.2397747039795 30.2231121063232 30.1809139251709 30.1925563812256 30.1763095855713
-9999 -9999 30.0882415771484 30.1181144714355 30.1219387054443 30.145881652832 30.2146873474121 30.2360858917236 30.2361698150635 30.291051864624 30.3092231750488 30.3081951141357 30.3247261047363 30.3281993865967 30.3277816772461 30.3344345092773 30.3392906188965 30.3481178283691 30.3671436309814 30.370885848999 30.3700256347656 30.3821201324463 30.3813858032227 30.3699340820312 30.3731746673584 30.3769035339355 30.3753089904785 30.3771743774414 30.3744068145752 30.3664894104004 30.3664264678955 30.3679656982422 30.3611011505127 30.3609313964844 30.3508224487305 30.3418598175049 30.3385448455811 30.3489227294922 30.3540000915527 30.3469142913818 30.3447780609131 30.3438758850098 30.3122959136963 30.2965908050537 30.2725601196289 30.2375431060791 30.2283687591553 30.2206382751465 30.1956176757812 30.2020359039307 30.1936912536621 30.1621170043945 30.1532039642334 30.1418647766113 30.1079406738281 30.1045246124268 30.1020469665527
-9999 -9999 30.0640296936035 30.0882587432861 30.0693969726562 30.1282653808594 30.1638431549072 30.2338600158691 30.2339534759521 30.2592658996582 30.3141670227051 30.3037776947021 30.3061370849609 30.3188343048096 30.3220443725586 30.3198585510254 30.3210735321045 30.3416957855225 30.3507747650146 30.3706130981445 30.3661022186279 30.3686943054199 30.3920059204102 30.3765602111816 30.3676719665527 30.3975257873535 30.3752555847168 30.3754425048828 30.4094142913818 30.3707447052002 30.3642444610596 30.379602432251 30.3559322357178 30.3485565185547 30.3430881500244 30.331169128418 30.3310852050781 30.3611717224121 30.3337726593018 30.3352699279785 30.3544960021973 30.3119812011719 30.2991924285889 30.2859420776367 30.2425289154053 30.2247943878174 30.2200393676758 30.1876621246338 30.1754169464111 30.1786422729492 30.1577587127686 30.1394348144531 30.1228523254395 30.1043529510498 30.0960865020752 30.0770702362061 30.0612125396729
-9999 -9999 30.0671463012695 30.0804023742676 30.0778617858887 30.1116943359375 30.1530113220215 30.1676959991455 30.1993865966797 30.2558708190918 30.263614654541 30.2703304290771 30.3000469207764 30.3007831573486 30.3026161193848 30.3174839019775 30.3147201538086 30.3214111328125 30.3358821868896 30.3416385650635 30.3403396606445 30.3549175262451 30.3563575744629 30.3509006500244 30.3498725891113 30.3542385101318 30.3518886566162 30.3565635681152 30.3603134155273 30.3536624908447 30.3434047698975 30.3431510925293 30.3366622924805 30.3218860626221 30.3208675384521 30.3174991607666 30.3093242645264 30.3116302490234 30.3118209838867 30.2998161315918 30.3016262054443 30.2905769348145 30.2533550262451 30.2454662322998 30.2276496887207 30.1865215301514 30.1748600006104 30.165943145752 30.1313419342041 30.1261291503906 30.1313323974609 30.1023540496826 30.0991249084473 30.0907497406006 30.0621452331543 30.0620059967041 30.0497798919678
-9999 -9999 -9999 -9999 30.0370540618896 30.0424537658691 30.093469619751 30.0698375701904 30.0909252166748 30.1508350372314 30.162654876709 30.1814918518066 30.218936920166 30.2244758605957 30.2420177459717 30.2572174072266 30.2668914794922 30.2665576934814 30.2782459259033 30.2806644439697 30.2862720489502 30.299467086792 30.2999515533447 30.3089733123779 30.3205337524414 30.3148326873779 30.3176364898682 30.3217506408691 30.3150730133057 30.3107872009277 30.2993183135986 30.2879848480225 30.2843055725098 30.2703762054443 30.2589626312256 30.2569923400879 30.2436618804932 30.229455947876 30.231595993042 30.2169055938721 30.2175750732422 30.1972808837891 30.1589050292969 30.1317825317383 30.1185741424561 30.0808906555176 30.062105178833 30.0537376403809 30.0198841094971 30.0158576965332 30.0270843505859 30.0109424591064 30.0179138183594 30.0207061767578 29.9974708557129 30.0036125183105 30.0015449523926
-9999 -9999 -9999 -9999 29.9732360839844 30.0306987762451 30.0379257202148 30.0606689453125 30.0791664123535 30.1042499542236 30.1888580322266 30.1657047271729 30.1840438842773 30.2656173706055 30.2278175354004 30.2258739471436 30.2635250091553 30.2509956359863 30.2528629302979 30.2688484191895 30.2708301544189 30.2730484008789 30.280689239502 30.2948513031006 30.3008117675781 30.2911949157715 30.2980670928955 30.2997894287109 30.2980480194092 30.2876358032227 30.2781867980957 30.2518997192383 30.2590389251709 30.2506160736084 30.2337989807129 30.2323627471924 30.2242050170898 30.2269172668457 30.2032794952393 30.1943683624268 30.1953754425049 30.1513156890869 30.1359443664551 30.1293163299561 30.068244934082 30.0542488098145 30.0379657745361 30.0099964141846 29.9933681488037 29.9816474914551 29.9865798950195 29.9880447387695 29.9660663604736 29.9867820739746 29.9868564605713 29.9728507995605 29.9839134216309
-9999 -9999 -9999 -9999 -9999 29.9888896942139 30.0134887695312 30.0270023345947 30.0475826263428 30.0658054351807 30.0803070068359 30.0943126678467 30.1522579193115 30.1634349822998 30.1638603210449 30.1956977844238 30.1999378204346 30.203742980957 30.2248401641846 30.2282962799072 30.2358341217041 30.2597122192383 30.2633228302002 30.2729110717773 30.290678024292 30.2960090637207 30.2813663482666 30.2819118499756 30.2801094055176 30.2752914428711 30.2581939697266 30.2491989135742 30.2391529083252 30.2217292785645 30.2179355621338 30.2155590057373 30.1862449645996 30.1832370758057 30.1790924072266 30.1429824829102 30.13547706604 30.125373840332 30.0687484741211 30.0488700866699 30.0408992767334 29.9923496246338 29.98388671875 29.9693393707275 29.9573402404785 29.9569873809814 29.9457111358643 29.9557876586914 29.9565601348877 29.9627323150635 29.9745426177979 29.9649810791016 29.9675788879395
-9999 -9999 -9999 -9999 -9999 -9999 29.9477806091309 29.9303569793701 29.9387760162354 29.974796295166 29.946475982666 29.9656963348389 30.0304908752441 30.037073135376 30.0635070800781 30.1027488708496 30.1068534851074 30.1223526000977 30.1472301483154 30.1618156433105 30.1682014465332 30.1974639892578 30.2034206390381 30.2252235412598 30.2481956481934 30.2536964416504 30.2549781799316 30.2368240356445 30.2339000701904 30.2298641204834 30.2141227722168 30.2024574279785 30.2037200927734 30.1851062774658 30.1748714447021 30.1725673675537 30.1389846801758 30.1289081573486 30.1055698394775 30.0648765563965 30.0492916107178 30.0108623504639 29.9473896026611 29.9000511169434 29.8921813964844 29.8402996063232 29.8276996612549 29.8301048278809 29.8284454345703 29.833065032959 29.866720199585 29.8829250335693 29.9188652038574 29.9242210388184 29.9409770965576 29.9690132141113 29.9771938323975
-9999 -9999 -9999 -9999 -9999 -9999 29.9088745117188 29.7889595031738 29.9031200408936 29.9073295593262 29.8093414306641 29.929328918457 29.9598941802979 29.9869651794434 30.0235328674316 30.0430946350098 30.0736045837402 30.0906181335449 30.1018409729004 30.1202392578125 30.1516513824463 30.1663455963135 30.1769542694092 30.2120609283447 30.2307109832764 30.275110244751 30.2453117370605 30.2198104858398 30.2095165252686 30.2088623046875 30.202917098999 30.1792240142822 30.1825370788574 30.1752986907959 30.1433658599854 30.1391620635986 30.1271591186523 30.0686740875244 30.0656509399414 30.0466537475586 29.9912052154541 29.9504661560059 29.9184226989746 29.8534126281738 29.8292865753174 29.7993316650391 29.7118072509766 29.7769336700439 29.7920742034912 29.7892322540283 29.8390007019043 29.8516216278076 29.9049186706543 29.9079284667969 29.9207286834717 29.9481468200684 29.9663162231445
-9999 -9999 -9999 -9999 -9999 -9999 -9999 -9999 29.8758277893066 29.8967876434326 29.8951015472412 29.9158134460449 29.9506359100342 29.9616985321045 29.9720706939697 30.0342693328857 30.038064956665 30.039457321167 30.0850563049316 30.0987892150879 30.1138019561768 30.1629161834717 30.1753997802734 30.1893367767334 30.2231674194336 30.2304668426514 30.2280139923096 30.2316761016846 30.2062091827393 30.1993923187256 30.1860179901123 30.1866645812988 30.1862545013428 30.1727504730225 30.1595096588135 30.150972366333 30.1117572784424 30.0989189147949 30.0864315032959 30.0031623840332 29.9839324951172 29.9575824737549 29.8531246185303 29.8354339599609 29.8063735961914 29.7499103546143 29.7280540466309 29.7346458435059 29.7680931091309 29.7748126983643 29.789342880249 29.8506546020508 29.8575382232666 29.8638172149658 29.9298038482666 29.9525814056396 29.9735050201416
-9999 -9999 -9999 -9999 -9999 -9999 -9999 29.8809185028076 29.8725872039795 -9999 29.868860244751 29.8742904663086 29.8967399597168 29.9276695251465 29.9295997619629 29.9703598022461 29.9914417266846 29.9787559509277 30.0067405700684 30.0432987213135 30.0634918212891 30.113561630249 30.1271133422852 30.1393756866455 30.1740493774414 30.1819038391113 30.186731338501 30.1909675598145 30.1752452850342 30.1673278808594 30.1661357879639 30.17799949646 30.1951103210449 30.1782341003418 30.1775455474854 30.1624908447266 30.1221332550049 30.0879936218262 30.0688648223877 29.9750480651855 29.9474201202393 29.8815116882324 29.764274597168 29.737003326416 29.7054958343506 29.666259765625 29.6550540924072 29.6894760131836 29.7123336791992 29.7399139404297 29.7616310119629 29.7963275909424 29.8389682769775 29.837495803833 29.9113903045654 29.9519748687744 30.0090427398682
-9999 -9999 -9999 -9999 -9999 -9999 -9999 -9999 -9999 -9999 -9999 -9999 -9999 -9999 -9999 -9999 29.9380149841309 29.9708499908447 30.002498626709 30.0024795532227 30.0622482299805 30.0844535827637 30.1181240081787 30.1353340148926 30.1555156707764 30.2166118621826 30.1859302520752 30.177417755127 30.1611289978027 30.1737384796143 30.1733360290527 30.1931095123291 30.1902732849121 30.1933536529541 30.1983184814453 30.1558227539062 30.1466808319092 30.1338768005371 30.0436096191406 29.9958400726318 29.914966583252 29.8349685668945 29.7715663909912 29.6365337371826 29.6832599639893 29.6364097595215 29.4695110321045 29.6326293945312 29.6908893585205 -9999 -9999 -9999 -9999 29.8655052185059 29.8958873748779 29.9459953308105 30.0398216247559
-9999 -9999 -9999 -9999 -9999 -9999 -9999 -9999 -9999 -9999 -9999 -9999 -9999 -9999 -9999 -9999 -9999 29.9928131103516 30.0073623657227 30.039867401123 30.0639572143555 30.0880870819092 30.1060943603516 30.1187896728516 30.1521415710449 30.1580295562744 30.1575412750244 30.18625831604 30.1719646453857 30.1702823638916 30.2031650543213 30.191370010376 30.1980686187744 30.2067317962646 30.19944190979 30.190071105957 30.1374416351318 30.1248188018799 30.0909481048584 29.9589691162109 29.927152633667 29.8794269561768 29.7767429351807 29.7144069671631 29.6812591552734 -9999 -9999 -9999 -9999 -9999 -9999 -9999 -9999 29.8874797821045 29.9613132476807 29.9904193878174 30.0274906158447
-9999 -9999 -9999 -9999 -9999 -9999 -9999 -9999 -9999 -9999 -9999 -9999 -9999 -9999 -9999 -9999 -9999 -9999 -9999 -9999 30.0313587188721 30.0579128265381 30.0417671203613 30.0572471618652 30.088415145874 30.0983123779297 30.1000652313232 30.1389293670654 30.1568298339844 30.1674690246582 30.2023792266846 30.2177562713623 30.2215042114258 30.2240219116211 30.2290878295898 30.1935958862305 30.1607227325439 30.1460914611816 30.0753135681152 29.9771518707275 29.9152545928955 29.8526592254639 29.7944316864014 29.7140960693359 -9999 -9999 -9999 -9999 -9999 -9999 -9999 -9999 -9999 -9999 -9999 30.0126266479492 30.0687503814697
-9999 -9999 -9999 -9999 -9999 -9999 -9999 -9999 -9999 -9999 -9999 -9999 -9999 -9999 -9999 -9999 -9999 -9999 -9999 -9999 -9999 30.0299129486084 30.0058078765869 30.044584274292 30.0571479797363 30.0645847320557 30.0984382629395 30.1020984649658 30.1289196014404 30.1731033325195 30.1998901367188 30.2804889678955 30.2321109771729 30.2350482940674 30.2825984954834 30.2126655578613 -9999 -9999 -9999 -9999 29.9270038604736 -9999 -9999 -9999 -9999 -9999 -9999 -9999 -9999 -9999 -9999 -9999 -9999 -9999 -9999 -9999 -9999
-9999 -9999 -9999 -9999 -9999 -9999 -9999 -9999 -9999 -9999 -9999 -9999 -9999 -9999 -9999 -9999 -9999 -9999 -9999 -9999 -9999 -9999 30.0192852020264 30.0281925201416 30.0379657745361 30.0488891601562 30.0493469238281 30.1120128631592 30.1266803741455 30.1442775726318 30.1943683624268 30.2249794006348 30.2325344085693 30.2258377075195 30.237096786499 -9999 -9999 -9999 -9999 -9999 -9999 -9999 -9999 -9999 -9999 -9999 -9999 -9999 -9999 -9999 -9999 -9999 -9999 -9999 -9999 -9999 -9999
-9999 -9999 -9999 -9999 -9999 -9999 -9999 -9999 -9999 -9999 -9999 -9999 -9999 -9999 -9999 -9999 -9999 -9999 -9999 -9999 -9999 -9999 -9999 29.9952621459961 30.0088558197021 30.0173492431641 30.0360107421875 30.0743541717529 30.11155128479 30.1413269042969 -9999 30.2237358093262 -9999 -9999 -9999 -9999 -9999 -9999 -9999 -9999 -9999 -9999 -9999 -9999 -9999 -9999 -9999 -9999 -9999 -9999 -9999 -9999 -9999 -9999 -9999 -9999 -9999
-9999 -9999 -9999 -9999 -9999 -9999 -9999 -9999 -9999 -9999 -9999 -9999 -9999 -9999 -9999 -9999 -9999 -9999 -9999 -9999 -9999 -9999 -9999 -9999 29.9898586273193 29.9050254821777 -9999 -9999 -9999 -9999 -9999 -9999 -9999 -9999 -9999 -9999 -9999 -9999 -9999 -9999 -9999 -9999 -9999 -9999 -9999 -9999 -9999 -9999 -9999 -9999 -9999 -9999 -9999 -9999 -9999 -9999 -9999
-9999 -9999 -9999 -9999 -9999 -9999 -9999 -9999 -9999 -9999 -9999 -9999 -9999 -9999 -9999 -9999 -9999 -9999 -9999 -9999 -9999 -9999 -9999 -9999 -9999 -9999 -9999 -9999 -9999 -9999 -9999 -9999 -9999 -9999 -9999 -9999 -9999 -9999 -9999 -9999 -9999 -9999 -9999 -9999 -9999 -9999 -9999 -9999 -9999 -9999 -9999 -9999 -9999 -9999 -9999 -9999 -9999
-9999 -9999 -9999 -9999 -9999 -9999 -9999 -9999 -9999 -9999 -9999 -9999 -9999 -9999 -9999 -9999 -9999 -9999 -9999 -9999 -9999 -9999 -9999 -9999 -9999 -9999 -9999 -9999 -9999 -9999 -9999 -9999 -9999 -9999 -9999 -9999 -9999 -9999 -9999 -9999 -9999 -9999 -9999 -9999 -9999 -9999 -9999 -9999 -9999 -9999 -9999 -9999 -9999 -9999 -9999 -9999 -9999
