G_variables/Set1/RCP2_2100/Sur_sal_min.asc
NCOLS 229 
NROWS 147 
XLLCORNER -101.25 
YLLCORNER 14.3333333333333 
CELLSIZE 0.0833333333333333 
NODATA_value -9999 
[rows 78 to 103 of 147, columns 171 to 227 of 229]
35.6509056091309 35.6444702148438 35.6446990966797 35.6442489624023 35.6379051208496 35.6356620788574 35.6290893554688 35.5987014770508 35.5855865478516 35.5807456970215 35.5746879577637 35.5848922729492 35.5882263183594 35.6112365722656 35.62841796875 35.6277465820312 35.6259498596191 35.5983352661133 35.5752410888672 35.5438270568848 35.513614654541 35.4945907592773 35.4711418151855 35.4474945068359 -9999 -9999 -9999 -9999 -9999 -9999 -9999 -9999 -9999 -9999 -9999 -9999 -9999 -9999 -9999 -9999 -9999 -9999 -9999 -9999 -9999 -9999 -9999 -9999 -9999 -9999 -9999 -9999 -9999 -9999 -9999 -9999 -9999
35.6475219726562 35.6418876647949 35.647388458252 35.6403160095215 35.636302947998 35.6308670043945 35.614559173584 35.5959014892578 35.5811729431152 35.5738716125488 35.5707130432129 35.5766220092773 35.5857963562012 35.6073951721191 35.621768951416 35.6298332214355 35.62451171875 35.6064872741699 35.574577331543 35.5493469238281 35.5214195251465 35.5043258666992 35.4763107299805 35.4565010070801 35.4360427856445 -9999 -9999 -9999 -9999 -9999 -9999 -9999 -9999 -9999 -9999 -9999 -9999 -9999 -9999 -9999 -9999 -9999 -9999 -9999 -9999 -9999 -9999 -9999 -9999 -9999 -9999 -9999 -9999 -9999 -9999 -9999 -9999
35.6443023681641 35.6400527954102 35.6339874267578 35.6291694641113 35.6258277893066 35.6137924194336 35.6014442443848 35.5906143188477 35.5726737976074 35.568302154541 35.5723571777344 35.580150604248 35.5808258056641 35.6011581420898 35.6184120178223 35.6193237304688 35.6151962280273 35.6034660339355 35.5875625610352 35.5526161193848 35.5292205810547 35.5188140869141 35.4919738769531 35.4709091186523 35.4558258056641 35.4495544433594 -9999 -9999 -9999 -9999 -9999 -9999 -9999 -9999 -9999 -9999 -9999 -9999 -9999 -9999 -9999 -9999 -9999 -9999 -9999 -9999 -9999 -9999 -9999 -9999 -9999 -9999 -9999 -9999 -9999 -9999 -9999
35.6342430114746 35.6255226135254 35.6183395385742 35.6139106750488 35.6126251220703 35.6055564880371 35.5925712585449 35.5705528259277 35.5538558959961 35.5463218688965 35.5470123291016 35.5615615844727 35.5733299255371 35.6079483032227 35.6357612609863 35.6397438049316 35.6373519897461 35.617431640625 35.5976371765137 35.5762176513672 35.545726776123 35.5256271362305 35.5054054260254 35.477855682373 35.4677200317383 35.453685760498 35.4432373046875 -9999 -9999 -9999 -9999 -9999 -9999 -9999 -9999 -9999 -9999 -9999 -9999 -9999 -9999 -9999 -9999 -9999 -9999 -9999 -9999 -9999 -9999 -9999 -9999 -9999 -9999 -9999 -9999 -9999 -9999
35.628345489502 35.6199340820312 35.6111679077148 35.6052551269531 35.6088218688965 35.5963554382324 35.5823135375977 35.5649909973145 35.5418472290039 35.5389595031738 35.5414428710938 35.5555000305176 35.5788841247559 35.612663269043 35.6389541625977 35.6506156921387 35.6406478881836 35.6237640380859 35.6026763916016 35.5785636901855 35.5466957092285 35.5305442810059 35.5022850036621 35.4841842651367 35.4723320007324 35.4579849243164 35.4547424316406 -9999 -9999 -9999 -9999 -9999 -9999 -9999 -9999 -9999 -9999 -9999 -9999 -9999 -9999 -9999 -9999 -9999 -9999 -9999 -9999 -9999 -9999 -9999 -9999 -9999 -9999 -9999 -9999 -9999 -9999
35.6323432922363 35.6157531738281 35.6030807495117 35.5992774963379 35.585205078125 35.5728569030762 35.5626792907715 35.5507392883301 35.5402870178223 35.5380210876465 35.5525703430176 35.5720405578613 35.5823059082031 35.6101989746094 35.6368942260742 35.6398773193359 35.6321411132812 35.6284217834473 35.6124534606934 35.5830383300781 35.556079864502 35.5448608398438 35.5168495178223 35.4955215454102 35.4891357421875 35.4751091003418 35.4641304016113 35.4612617492676 -9999 -9999 -9999 -9999 -9999 -9999 -9999 -9999 -9999 -9999 -9999 -9999 -9999 -9999 -9999 -9999 -9999 -9999 -9999 -9999 -9999 -9999 -9999 -9999 -9999 -9999 -9999 -9999 -9999
35.6293067932129 35.6078643798828 35.5966033935547 35.5925407409668 35.5854263305664 35.5685691833496 35.5537605285645 35.5353851318359 35.5239753723145 35.5190773010254 35.5320243835449 35.5638809204102 35.5846481323242 35.6226539611816 35.6552619934082 35.6645469665527 35.6579742431641 35.6410446166992 35.6146049499512 35.5917510986328 35.5641288757324 35.5470428466797 35.5258293151855 35.5049324035645 35.4933776855469 35.4821319580078 35.469425201416 35.4658622741699 35.4499092102051 35.4367370605469 35.4306678771973 35.4161491394043 -9999 -9999 -9999 -9999 -9999 -9999 -9999 -9999 -9999 -9999 -9999 -9999 -9999 -9999 -9999 -9999 -9999 -9999 -9999 -9999 -9999 -9999 -9999 -9999 -9999
35.6229095458984 35.6061668395996 35.5940017700195 35.5851516723633 35.5805130004883 35.5622749328613 35.5527839660645 35.5308113098145 35.515983581543 35.5192070007324 35.5299453735352 35.5568161010742 35.5827140808105 35.622142791748 35.6571884155273 35.6678161621094 35.6595649719238 35.6442947387695 35.6192855834961 35.5927505493164 35.569580078125 35.5524711608887 35.5294990539551 35.5149307250977 35.5047187805176 35.4862899780273 35.4765434265137 35.4671249389648 35.4508628845215 35.4416351318359 35.4235572814941 35.4134521484375 35.388973236084 35.3723487854004 35.3654747009277 35.3535079956055 35.3496551513672 35.377067565918 35.3912391662598 -9999 -9999 -9999 -9999 -9999 -9999 -9999 -9999 -9999 -9999 -9999 -9999 -9999 -9999 -9999 -9999 -9999 -9999
35.624885559082 35.6087226867676 35.5872955322266 35.5829429626465 35.5693054199219 35.5551872253418 35.5381126403809 35.5306968688965 35.525032043457 35.5230598449707 35.5441780090332 35.5688400268555 35.5805473327637 35.6151275634766 35.6471557617188 35.6485786437988 35.6458587646484 35.6438636779785 35.6235160827637 35.6002807617188 35.5781288146973 35.565055847168 35.5410423278809 35.5236701965332 35.5173454284668 35.4997634887695 35.4848823547363 35.4785194396973 35.4564895629883 35.4375381469727 35.4263610839844 35.404239654541 35.3773880004883 35.3656997680664 35.3554382324219 35.3394050598145 35.3390998840332 35.3497543334961 35.361385345459 35.3706283569336 35.3910064697266 35.4057579040527 35.409122467041 -9999 -9999 -9999 -9999 -9999 -9999 -9999 -9999 -9999 -9999 -9999 -9999 -9999 -9999
35.6172332763672 35.5955085754395 35.5805511474609 35.5735092163086 35.5590858459473 35.5521926879883 35.5300407409668 35.5152931213379 35.5116500854492 35.5102729797363 35.5301322937012 35.5626373291016 35.5821342468262 35.624324798584 35.6538162231445 35.6659545898438 35.6743965148926 35.655158996582 35.6292266845703 35.6068840026855 35.5844573974609 35.5689277648926 35.5484313964844 35.5322494506836 35.5164642333984 35.5022811889648 35.4913215637207 35.4809074401855 35.4641914367676 35.441478729248 35.4274635314941 35.4004440307617 35.3743591308594 35.3611450195312 35.3383140563965 35.3211975097656 35.3220596313477 35.3250045776367 35.3342971801758 35.3474731445312 35.3724632263184 35.3951721191406 35.3996429443359 35.4000396728516 -9999 -9999 -9999 -9999 -9999 -9999 -9999 -9999 -9999 -9999 -9999 -9999 -9999
35.6116523742676 35.5929832458496 35.577579498291 35.5674896240234 35.5601768493652 35.5503120422363 35.5375823974609 35.5130233764648 35.5050735473633 35.513370513916 35.5299949645996 35.5617866516113 35.5819511413574 35.6237831115723 35.6567153930664 35.6691207885742 35.6749076843262 35.6605339050293 35.6383972167969 35.60888671875 35.5883026123047 35.5704536437988 35.5501327514648 35.5353088378906 35.5198745727539 35.503547668457 35.492317199707 35.4821891784668 35.4648056030273 35.4447441101074 35.4229888916016 35.3970832824707 35.3736000061035 35.3573455810547 35.3367309570312 35.3185005187988 35.3110618591309 35.3205795288086 35.3278656005859 35.3365287780762 35.3664054870605 35.3856010437012 35.3880844116211 35.3921699523926 35.394645690918 -9999 -9999 -9999 -9999 -9999 -9999 -9999 -9999 -9999 -9999 -9999 -9999
35.6053276062012 35.5906372070312 35.5693016052246 35.5643501281738 35.5539283752441 35.5399169921875 35.528621673584 35.5202674865723 35.5217208862305 35.5238037109375 35.5481224060059 35.576789855957 35.5817222595215 35.6171646118164 35.6561012268066 35.661376953125 35.6654052734375 35.6585350036621 35.6414833068848 35.6087913513184 35.5880851745605 35.5779609680176 35.5565376281738 35.5353546142578 35.5249404907227 35.5070915222168 35.4909820556641 35.4847679138184 35.4652099609375 35.4392204284668 35.4241104125977 35.3966293334961 35.371509552002 35.3634185791016 35.3381309509277 35.3212051391602 35.3169937133789 35.3213768005371 35.3257217407227 35.3318176269531 35.3515129089355 35.3579177856445 35.3614387512207 35.3655281066895 35.3559150695801 35.3536605834961 -9999 -9999 -9999 -9999 -9999 -9999 -9999 -9999 -9999 -9999 -9999
35.5860557556152 35.5655860900879 35.5576820373535 35.5479431152344 35.5384788513184 35.5331192016602 35.5115852355957 35.5057334899902 35.5108108520508 35.516056060791 35.5402870178223 35.5753974914551 35.5942077636719 35.6353034973145 35.667797088623 35.6808166503906 35.6875114440918 35.6774444580078 35.6393814086914 35.6161270141602 35.5927047729492 35.576057434082 35.5517578125 35.5320739746094 35.5197448730469 35.5051383972168 35.493049621582 35.4821281433105 35.4659156799316 35.4474678039551 35.4224510192871 35.3988800048828 35.3747138977051 35.357551574707 35.338737487793 35.3243522644043 35.3148765563965 35.3152694702148 35.3176536560059 35.3308563232422 35.3395042419434 35.3419456481934 35.3481941223145 35.3394966125488 35.3225212097168 35.3194847106934 -9999 -9999 -9999 -9999 -9999 -9999 -9999 -9999 -9999 -9999 -9999
35.577823638916 35.5605316162109 35.5437660217285 35.5437049865723 35.5298957824707 35.5209121704102 35.5119247436523 35.5051803588867 35.5077476501465 35.5185890197754 35.5417976379395 35.5795059204102 35.6003723144531 35.6389694213867 35.6717948913574 35.6833419799805 35.6888656616211 35.6704025268555 35.6482963562012 35.6174697875977 35.5922393798828 35.5732650756836 35.5491333007812 35.5320205688477 35.5178871154785 35.5043525695801 35.4921226501465 35.4811706542969 35.4659461975098 35.4472236633301 35.4268569946289 35.3988723754883 35.3721733093262 35.358814239502 35.3374176025391 35.3210525512695 35.316535949707 35.315486907959 35.3209609985352 35.3201637268066 35.3364295959473 35.337272644043 35.333667755127 35.332649230957 35.3087844848633 35.3063812255859 35.311897277832 -9999 -9999 -9999 -9999 -9999 -9999 -9999 -9999 -9999 -9999
35.5474891662598 35.5495223999023 35.5344734191895 35.5321350097656 35.5266342163086 35.5101432800293 35.5073776245117 35.5137023925781 35.5225448608398 35.526065826416 35.5575942993164 35.5914001464844 35.6033248901367 35.6383628845215 35.6705589294434 35.6706390380859 35.6661758422852 35.6639518737793 35.6464653015137 35.6220550537109 35.5898551940918 35.5795783996582 35.5543556213379 35.5313491821289 35.5243072509766 35.5074348449707 35.489818572998 35.4812545776367 35.4623413085938 35.4412956237793 35.426815032959 35.4004669189453 35.3727722167969 35.363842010498 35.3441467285156 35.3294258117676 35.3273315429688 35.3269462585449 35.3264617919922 35.326717376709 35.3202285766602 35.3172378540039 35.3165702819824 35.3053512573242 35.2977294921875 35.2986602783203 35.2981452941895 35.2968978881836 -9999 -9999 -9999 -9999 -9999 -9999 -9999 -9999 -9999
35.5303382873535 35.5276870727539 35.5298957824707 35.5172348022461 35.5171852111816 35.5067481994629 35.5022010803223 35.4980201721191 35.5088806152344 35.519889831543 35.5414161682129 35.5818519592285 35.6085929870605 35.640811920166 35.6742057800293 35.685302734375 35.6748695373535 35.6684150695801 35.6464309692383 35.6210899353027 35.5910911560059 35.5714454650879 35.5452842712402 35.5273857116699 35.5155639648438 35.5018272399902 35.489860534668 35.4803047180176 35.4636192321777 35.4453620910645 35.4235038757324 35.4050598144531 35.3793182373047 35.361743927002 35.3474540710449 35.331184387207 35.3260841369629 35.3257217407227 35.3269386291504 35.3333168029785 35.3205871582031 35.31103515625 35.308521270752 35.3036422729492 35.2980422973633 35.2923202514648 35.2997779846191 35.3064384460449 35.3077812194824 -9999 -9999 -9999 -9999 -9999 -9999 -9999 -9999
35.5194396972656 35.5287322998047 35.5131721496582 35.5147323608398 35.516658782959 35.5102081298828 35.4994049072266 35.4971313476562 35.506519317627 35.5165176391602 35.5415802001953 35.5822067260742 35.6061325073242 35.6393814086914 35.6690979003906 35.6822052001953 35.6739730834961 35.6621551513672 35.6442337036133 35.6199684143066 35.5881271362305 35.5707855224609 35.5439949035645 35.5206451416016 35.510627746582 35.5004692077637 35.4891586303711 35.4801979064941 35.4639778137207 35.4455184936523 35.4290351867676 35.4057197570801 35.3810882568359 35.370059967041 35.3486137390137 35.3265800476074 35.3177833557129 35.3259887695312 35.333984375 35.3307418823242 35.3208122253418 35.3114967346191 35.3096961975098 35.3043479919434 35.2955551147461 35.2988319396973 35.3052558898926 35.3172645568848 35.3216934204102 -9999 -9999 -9999 -9999 -9999 -9999 -9999 -9999
35.5071449279785 35.5157508850098 35.5205459594727 35.5086631774902 35.5111198425293 35.5055961608887 35.5036239624023 35.5084762573242 35.5100135803223 35.5147399902344 35.5480690002441 35.5783386230469 35.5915756225586 35.6253776550293 35.6517944335938 35.6554832458496 35.6545829772949 35.6507606506348 35.6348533630371 35.6159362792969 35.5812339782715 35.5702018737793 35.5469627380371 35.5187606811523 35.5126762390137 35.4998893737793 35.4844017028809 35.4804992675781 35.459831237793 35.4442710876465 35.4350738525391 35.4154396057129 35.3930282592773 35.3843116760254 35.3646774291992 35.3389129638672 35.3355026245117 35.3325881958008 35.3306541442871 35.332218170166 35.3206748962402 35.3146629333496 35.3117942810059 35.3077354431152 35.304931640625 35.3081893920898 35.3148994445801 35.3258209228516 35.3282699584961 35.3330459594727 -9999 -9999 -9999 -9999 -9999 -9999 -9999
35.4972267150879 35.5165061950684 35.5299530029297 35.5321807861328 35.5116577148438 35.499870300293 35.4972877502441 35.4905128479004 35.4979286193848 35.5005416870117 35.5172805786133 35.549690246582 35.5763626098633 35.6016159057617 35.634521484375 35.6477508544922 35.638542175293 35.6429977416992 35.6232223510742 35.6049346923828 35.5915222167969 35.563232421875 35.5441856384277 35.5256423950195 35.513614654541 35.5044555664062 35.4910659790039 35.4860649108887 35.466609954834 35.4520416259766 35.4374961853027 35.4244003295898 35.4158363342285 35.3960227966309 35.3771324157715 35.363224029541 35.3577728271484 35.3374290466309 35.3299903869629 35.333366394043 35.3148078918457 35.3178291320801 35.3083000183105 35.3049240112305 35.3136672973633 35.3109588623047 35.3106689453125 35.3203392028809 35.3281021118164 35.3242149353027 35.3359375 -9999 -9999 -9999 -9999 -9999 -9999
35.5002822875977 35.5184707641602 35.5318946838379 35.5320320129395 35.525691986084 35.5103149414062 35.4985694885254 35.4920196533203 35.4957275390625 35.4990653991699 35.5212059020996 35.5497932434082 35.5585174560547 35.5944519042969 35.6216926574707 35.6317138671875 35.6426887512207 35.6246795654297 35.6253623962402 35.6044158935547 35.5832633972168 35.5762252807617 35.5574607849121 35.538028717041 35.5227279663086 35.5120887756348 35.4986305236816 35.4907150268555 35.4783744812012 35.4621734619141 35.4486846923828 35.4305381774902 35.4225769042969 35.410270690918 35.3914680480957 35.3818130493164 35.366626739502 35.347972869873 35.3387870788574 35.3327751159668 35.3227233886719 35.3136100769043 35.3165435791016 35.3130416870117 35.3156280517578 35.3161239624023 35.3164138793945 35.3251152038574 35.3259048461914 35.3272132873535 35.3388633728027 -9999 -9999 -9999 -9999 -9999 -9999
35.5116500854492 35.5179824829102 35.5240821838379 35.5236358642578 35.5189743041992 35.5173454284668 35.5063705444336 35.4981079101562 35.4946250915527 35.495964050293 35.5192375183105 35.5336112976074 35.5344924926758 35.5654067993164 35.5859069824219 35.5908699035645 35.6064720153809 35.6123580932617 35.5987091064453 35.588565826416 35.5797080993652 35.5732536315918 35.5623893737793 35.545337677002 35.5328559875488 35.518928527832 35.5047912597656 35.4980621337891 35.4831008911133 35.4728393554688 35.4618911743164 35.4376640319824 35.4233436584473 35.4180374145508 35.4008483886719 35.3767967224121 35.369441986084 35.3510437011719 35.3315734863281 35.3288612365723 35.3236503601074 35.3187522888184 35.3205108642578 35.3208503723145 35.3165054321289 35.3176307678223 35.3211860656738 35.3165054321289 35.3183097839355 35.3252143859863 35.3203620910645 35.3208618164062 -9999 -9999 -9999 -9999 -9999
35.5155372619629 35.5224761962891 35.5302581787109 35.5325050354004 35.5241622924805 35.5149307250977 35.5000648498535 35.4833450317383 35.4798393249512 35.4859504699707 35.4926452636719 35.5051231384277 35.5178031921387 35.532585144043 35.551929473877 35.5651473999023 35.5723991394043 35.5872993469238 35.5716934204102 35.5572853088379 35.569450378418 35.5608978271484 35.5430755615234 35.5478630065918 35.5308456420898 35.5093269348145 35.5094032287598 35.4983177185059 35.4790077209473 35.4770126342773 35.4633560180664 35.4342956542969 35.4236946105957 35.4162788391113 35.3972320556641 35.3810882568359 35.367919921875 35.343090057373 35.3188972473145 35.3102073669434 35.3025283813477 35.3090934753418 35.3052253723145 35.2949562072754 35.3055381774902 35.3063201904297 35.2938613891602 35.2969398498535 35.2999534606934 35.2877388000488 35.2935829162598 35.2970886230469 -9999 -9999 -9999 -9999 -9999
35.5194282531738 35.5276641845703 35.5370750427246 35.5373344421387 35.528392791748 35.5118713378906 35.5036773681641 35.4888000488281 35.4857292175293 35.4822692871094 35.494010925293 35.504711151123 35.5058288574219 35.532886505127 35.5464515686035 35.5518341064453 35.5719757080078 35.5662994384766 35.5609092712402 35.5535621643066 35.5542755126953 35.5539627075195 35.5432395935059 35.5396118164062 35.5350341796875 35.5173187255859 35.5121383666992 35.5066146850586 35.4897994995117 35.4725303649902 35.462818145752 35.4480819702148 35.4324722290039 35.4239730834961 35.4096717834473 35.3874435424805 35.372444152832 35.3503799438477 35.3235359191895 35.3084945678711 35.3068237304688 35.3091011047363 35.2992095947266 35.3008613586426 35.3052558898926 35.3039817810059 35.2976303100586 35.2939071655273 35.2856140136719 35.2837867736816 35.2796287536621 35.2747535705566 35.2780914306641 -9999 -9999 -9999 -9999
35.5308074951172 35.5286064147949 35.5308227539062 35.529167175293 35.5226860046387 35.5139999389648 35.5014381408691 35.4935836791992 35.4850692749023 35.4818801879883 35.4881973266602 35.4900665283203 35.4897346496582 35.5074577331543 35.5156936645508 35.5186729431152 35.5353660583496 35.5381469726562 35.5141754150391 35.5280113220215 35.5224800109863 35.5213279724121 35.5270576477051 35.5166397094727 35.5105361938477 35.5126495361328 35.4970397949219 35.4933776855469 35.4884223937988 35.4706726074219 35.4574127197266 35.4449234008789 35.4272842407227 35.4219055175781 35.4043731689453 35.382022857666 35.3706092834473 35.3538970947266 35.3250770568848 35.3185424804688 35.3088073730469 35.2896537780762 35.2852897644043 35.2863464355469 35.2801399230957 35.2800941467285 35.2830924987793 35.2698135375977 35.2650375366211 35.2700233459473 35.2508316040039 35.2478942871094 35.2395286560059 35.2104568481445 -9999 -9999 -9999
35.5252571105957 35.5299873352051 35.5377311706543 35.5351104736328 35.5329895019531 35.5188751220703 35.503475189209 35.4953956604004 35.4818115234375 35.4791946411133 35.4809303283691 35.476634979248 35.4851608276367 35.4920539855957 35.4888648986816 35.4989814758301 35.5028915405273 35.5012702941895 35.4959030151367 35.486888885498 35.4868927001953 35.4862480163574 35.4924430847168 35.4938812255859 35.4884834289551 35.487476348877 35.4782295227051 35.4706268310547 35.4654426574707 35.4624557495117 35.449333190918 35.4338340759277 35.4245986938477 35.413516998291 35.4176902770996 35.4033660888672 35.3868141174316 35.3717880249023 35.3284645080566 35.3168487548828 35.2977867126465 35.2748908996582 35.2736549377441 35.2636222839355 35.2559547424316 35.2558784484863 35.252857208252 35.2482566833496 35.2440528869629 35.2334671020508 35.2210350036621 35.2171363830566 35.1960220336914 35.1840209960938 -9999 -9999 -9999
35.5321311950684 35.5352401733398 35.5368041992188 35.5361862182617 35.5343627929688 35.5210342407227 35.5084686279297 35.4985656738281 35.4912643432617 35.4801559448242 35.4773864746094 35.4707870483398 35.4677963256836 35.4838180541992 35.487434387207 35.4877090454102 35.4923362731934 35.4879531860352 35.4746322631836 35.4872779846191 35.4749336242676 35.4758605957031 35.4860801696777 35.4763221740723 35.4777565002441 35.4821166992188 35.470947265625 35.4701309204102 35.4643135070801 35.4526710510254 35.4473419189453 35.4397392272949 35.4268531799316 35.4269714355469 35.4216117858887 35.4053039550781 35.3995628356934 35.3801879882812 35.3498344421387 35.3298416137695 35.3061485290527 35.2837715148926 35.2634239196777 35.2659950256348 35.2537231445312 35.2451477050781 35.2480850219727 35.2352104187012 35.225025177002 35.2265892028809 35.2125930786133 35.1991081237793 35.189380645752 35.1619834899902 35.1508293151855 -9999 -9999
