G_variables/Set1/RCP2_2100/Sur_sal_min.asc
NCOLS 229 
NROWS 147 
XLLCORNER -101.25 
YLLCORNER 14.3333333333333 
CELLSIZE 0.0833333333333333 
NODATA_value -9999 
[rows 0 to 25 of 147, columns 114 to 170 of 229]
-9999 -9999 -9999 -9999 -9999 -9999 -9999 -9999 -9999 -9999 -9999 -9999 -9999 -9999 -9999 -9999 -9999 -9999 -9999 -9999 -9999 -9999 -9999 -9999 -9999 -9999 -9999 -9999 -9999 -9999 -9999 -9999 -9999 -9999 -9999 -9999 -9999 -9999 -9999 -9999 -9999 -9999 -9999 -9999 -9999 -9999 -9999 -9999 -9999 -9999 -9999 -9999 -9999 -9999 -9999 -9999 -9999
-9999 -9999 -9999 -9999 -9999 -9999 -9999 -9999 -9999 -9999 -9999 -9999 -9999 -9999 -9999 -9999 -9999 -9999 -9999 -9999 -9999 -9999 -9999 -9999 -9999 -9999 -9999 -9999 -9999 -9999 -9999 -9999 -9999 -9999 -9999 -9999 -9999 -9999 -9999 -9999 -9999 -9999 -9999 -9999 -9999 -9999 -9999 -9999 -9999 -9999 -9999 -9999 -9999 -9999 -9999 -9999 -9999
-9999 -9999 -9999 -9999 -9999 -9999 -9999 -9999 -9999 -9999 -9999 -9999 -9999 -9999 -9999 -9999 -9999 -9999 -9999 -9999 -9999 -9999 -9999 -9999 -9999 -9999 -9999 -9999 -9999 -9999 -9999 -9999 -9999 -9999 -9999 -9999 -9999 -9999 -9999 -9999 -9999 -9999 -9999 -9999 -9999 -9999 -9999 -9999 -9999 -9999 -9999 -9999 -9999 -9999 -9999 -9999 35.1005935668945
-9999 -9999 -9999 -9999 -9999 -9999 -9999 -9999 -9999 -9999 -9999 -9999 -9999 -9999 -9999 -9999 -9999 -9999 -9999 -9999 -9999 -9999 -9999 -9999 -9999 -9999 -9999 -9999 -9999 -9999 -9999 -9999 -9999 -9999 -9999 -9999 -9999 -9999 -9999 -9999 -9999 -9999 -9999 -9999 -9999 -9999 -9999 -9999 -9999 -9999 -9999 -9999 -9999 -9999 34.9345664978027 35.038761138916 35.1113548278809
-9999 -9999 -9999 -9999 -9999 -9999 -9999 -9999 -9999 -9999 -9999 -9999 -9999 -9999 -9999 -9999 -9999 -9999 -9999 -9999 -9999 -9999 -9999 -9999 -9999 -9999 -9999 -9999 -9999 -9999 -9999 -9999 -9999 -9999 -9999 -9999 -9999 -9999 -9999 -9999 -9999 -9999 -9999 -9999 -9999 -9999 -9999 -9999 -9999 -9999 -9999 -9999 -9999 34.8733787536621 34.9481735229492 35.0450592041016 35.1213493347168
-9999 -9999 -9999 -9999 -9999 -9999 -9999 -9999 -9999 -9999 -9999 -9999 -9999 -9999 -9999 -9999 -9999 -9999 -9999 -9999 -9999 -9999 -9999 -9999 -9999 -9999 -9999 -9999 -9999 -9999 -9999 -9999 -9999 -9999 -9999 -9999 -9999 -9999 -9999 -9999 -9999 -9999 -9999 -9999 -9999 -9999 -9999 -9999 -9999 -9999 -9999 34.5613822937012 34.7104682922363 34.911304473877 34.9456977844238 35.0314903259277 35.1488876342773
-9999 -9999 -9999 -9999 -9999 -9999 -9999 -9999 -9999 -9999 -9999 -9999 -9999 -9999 -9999 -9999 -9999 -9999 -9999 -9999 -9999 -9999 -9999 -9999 -9999 -9999 -9999 -9999 -9999 -9999 -9999 -9999 -9999 -9999 -9999 -9999 -9999 -9999 -9999 -9999 -9999 -9999 -9999 -9999 -9999 -9999 -9999 -9999 -9999 -9999 34.5296440124512 34.6621322631836 34.8117866516113 34.947940826416 35.0320816040039 35.1163749694824 35.157787322998
-9999 -9999 -9999 -9999 -9999 -9999 -9999 -9999 -9999 -9999 -9999 -9999 -9999 -9999 -9999 -9999 -9999 -9999 -9999 -9999 -9999 -9999 -9999 -9999 -9999 -9999 -9999 -9999 -9999 -9999 -9999 -9999 -9999 -9999 -9999 -9999 -9999 -9999 -9999 -9999 -9999 -9999 -9999 -9999 -9999 -9999 -9999 -9999 34.2953720092773 34.3990936279297 34.5804290771484 34.6947288513184 34.8311386108398 34.9729652404785 35.0447616577148 35.1327095031738 35.1982307434082
-9999 -9999 -9999 -9999 -9999 -9999 -9999 -9999 -9999 -9999 -9999 -9999 -9999 -9999 -9999 -9999 -9999 -9999 -9999 -9999 -9999 -9999 -9999 -9999 -9999 -9999 -9999 -9999 -9999 -9999 -9999 -9999 -9999 -9999 -9999 -9999 -9999 -9999 -9999 -9999 -9999 -9999 -9999 -9999 -9999 -9999 -9999 34.3024215698242 34.3384132385254 34.4736747741699 34.6543769836426 34.7074203491211 34.8633689880371 35.0117301940918 35.0460052490234 35.1448020935059 35.2412452697754
-9999 -9999 -9999 -9999 -9999 -9999 -9999 -9999 -9999 -9999 -9999 -9999 -9999 -9999 -9999 -9999 -9999 -9999 -9999 -9999 -9999 -9999 -9999 -9999 -9999 -9999 -9999 -9999 -9999 -9999 -9999 -9999 -9999 -9999 -9999 -9999 -9999 -9999 -9999 -9999 -9999 -9999 -9999 34.4005928039551 34.2622680664062 34.2256507873535 34.2012596130371 34.2678413391113 34.3560066223145 34.4738693237305 34.6340370178223 34.737117767334 34.9309768676758 35.0827865600586 35.1557197570801 35.210277557373 35.2352409362793
35.10986328125 34.8736763000488 34.653003692627 34.5376930236816 34.2331657409668 33.9842529296875 -9999 -9999 -9999 -9999 -9999 -9999 -9999 -9999 -9999 -9999 -9999 -9999 -9999 -9999 -9999 -9999 -9999 -9999 -9999 -9999 -9999 -9999 -9999 -9999 -9999 -9999 -9999 -9999 -9999 -9999 -9999 -9999 -9999 34.9964332580566 34.9496421813965 34.7530364990234 34.620002746582 34.4249534606934 34.3056602478027 34.2480583190918 34.2267456054688 34.3200035095215 34.3591842651367 34.4711036682129 34.629638671875 34.771484375 34.9457397460938 35.1021728515625 35.173168182373 35.2287673950195 35.2649955749512
35.1306800842285 34.8904914855957 34.7016487121582 34.638916015625 34.3706855773926 34.1476173400879 34.0653495788574 33.8110160827637 33.6372184753418 33.5944061279297 33.4518508911133 33.4569931030273 33.4653244018555 33.3904266357422 -9999 -9999 -9999 -9999 -9999 -9999 -9999 -9999 -9999 -9999 -9999 -9999 -9999 -9999 -9999 -9999 -9999 -9999 -9999 -9999 -9999 -9999 34.983772277832 34.9893608093262 35.0346870422363 35.0240020751953 34.8828887939453 34.777042388916 34.7123069763184 34.5244102478027 34.3883476257324 34.3692817687988 34.3415489196777 34.3605003356934 34.3897819519043 34.5340423583984 34.6959533691406 34.7631149291992 34.9506530761719 35.1112518310547 35.1475028991699 35.2263412475586 35.2910957336426
35.127758026123 34.9963531494141 34.8536720275879 34.7005996704102 34.5829658508301 34.4088516235352 34.2346611022949 34.0986557006836 33.8893661499023 33.7972259521484 33.7664604187012 33.6756896972656 33.6927795410156 33.8322868347168 33.8387718200684 33.8150787353516 33.8923950195312 -9999 33.6356315612793 33.5699272155762 33.3303718566895 33.2811470031738 33.2572975158691 33.0977401733398 33.1215324401855 33.1902542114258 33.1763877868652 33.2837181091309 33.6944847106934 33.9784812927246 34.2133979797363 34.6389694213867 34.7992858886719 34.9733009338379 35.1583786010742 35.1732902526855 35.2416801452637 35.3131408691406 35.2642364501953 35.2556953430176 35.1103782653809 34.8838653564453 34.7630081176758 34.5592842102051 34.3952903747559 34.3414268493652 34.2853584289551 34.3093185424805 34.3719139099121 34.5120468139648 34.6801795959473 34.8029136657715 35.0456314086914 35.2029838562012 35.2773666381836 35.3065986633301 35.2803764343262
35.1618537902832 35.0294952392578 34.8782119750977 34.8111877441406 34.6359825134277 34.4761734008789 34.4173278808594 34.1862449645996 34.0428199768066 33.9899024963379 33.8675193786621 33.87060546875 33.8868179321289 33.9352111816406 34.0288619995117 34.0867538452148 34.0266075134277 33.9696769714355 33.9208984375 33.7178230285645 33.6172256469727 33.5101013183594 33.3839836120605 33.3634643554688 33.3135299682617 33.291072845459 33.3837966918945 33.5501174926758 33.8281631469727 34.1929016113281 34.4250564575195 34.758975982666 35.0610008239746 35.1382331848145 35.2448234558105 35.3498764038086 35.3508148193359 35.3933563232422 35.4201393127441 35.3077354431152 35.148509979248 34.9583282470703 34.7949981689453 34.5758438110352 34.427734375 34.3441581726074 34.287166595459 34.325023651123 34.3834266662598 34.5152473449707 34.6993713378906 34.8326568603516 35.0649299621582 35.2375106811523 35.2965507507324 35.3199195861816 35.3061790466309
35.2361640930176 35.0731468200684 34.9507789611816 34.9158744812012 34.7333145141602 34.6516761779785 34.6156768798828 34.4392890930176 34.3691864013672 34.3349761962891 34.214183807373 34.2367324829102 34.2452735900879 34.1921730041504 34.3421363830566 34.3668556213379 34.2633895874023 34.3412666320801 34.3124923706055 34.0947189331055 34.0463066101074 33.9950828552246 33.7533493041992 33.7361640930176 33.712474822998 33.6581993103027 33.907787322998 33.9808959960938 34.2224082946777 34.6535377502441 34.7708473205566 34.9885215759277 35.3395080566406 35.3860740661621 35.4106979370117 35.5763397216797 35.5833892822266 35.4866561889648 35.4549179077148 35.3958511352539 35.1614303588867 34.9826965332031 34.9012641906738 34.6741142272949 34.4957733154297 34.4552993774414 34.4053344726562 34.4112243652344 34.4425735473633 34.5960655212402 34.787239074707 34.8539505004883 35.035530090332 35.2123985290527 35.2451591491699 35.3046073913574 35.3480606079102
35.2867240905762 35.2080192565918 35.0697364807129 34.9888572692871 34.9794731140137 34.8940162658691 34.8026962280273 34.8290519714355 34.7184829711914 34.6324424743652 34.6613540649414 34.5702476501465 34.5804405212402 34.7134666442871 34.7160377502441 34.7567405700684 34.8667526245117 34.8024520874023 34.737190246582 34.6657333374023 34.4738922119141 34.3734321594238 34.2702751159668 34.1226577758789 34.0696868896484 34.1374092102051 34.2191352844238 34.3626937866211 34.7127571105957 35.0354385375977 35.2898063659668 35.4536209106445 35.582950592041 35.6998825073242 35.7150917053223 35.7532081604004 35.784236907959 35.7293930053711 35.6212501525879 35.5384521484375 35.3267517089844 35.0643692016602 34.9062271118164 34.6974830627441 34.5188903808594 34.433032989502 34.3835258483887 34.3985061645508 34.4550094604492 34.6305313110352 34.8077430725098 34.9448471069336 35.1635208129883 35.2859420776367 35.366283416748 35.3806762695312 35.3413352966309
35.3672752380371 35.2474021911621 35.1413536071777 35.1194496154785 35.0397071838379 34.9967002868652 35.0287742614746 34.9363327026367 34.9003753662109 34.9039459228516 34.7983856201172 34.8297233581543 34.8373680114746 34.8459930419922 34.9804916381836 35.0040245056152 34.9936943054199 35.0520057678223 35.0009727478027 34.7978973388672 34.7261085510254 34.6347808837891 34.4049491882324 34.3893814086914 34.3816566467285 34.2875595092773 34.4951629638672 34.6027603149414 34.8484649658203 35.3299522399902 35.4130973815918 35.5253143310547 35.751895904541 35.7839889526367 35.75732421875 35.8448677062988 35.8447875976562 35.7651214599609 35.7013473510742 35.5810279846191 35.3550605773926 35.117130279541 34.944450378418 34.7082252502441 34.5429573059082 34.4685897827148 34.4015960693359 34.4391555786133 34.5118751525879 34.6563377380371 34.8584327697754 34.9696769714355 35.184944152832 35.3363609313965 35.3762130737305 35.3964424133301 35.3670692443848
35.4535675048828 35.3492393493652 35.316535949707 35.3039207458496 35.2061576843262 35.2605590820312 35.2665214538574 35.1973915100098 35.28173828125 35.2746124267578 35.186580657959 35.2755966186523 35.2781944274902 35.218074798584 35.3425979614258 35.36376953125 35.2628898620605 35.3395233154297 35.3155326843262 35.1018600463867 35.0693626403809 35.0228157043457 34.8122825622559 34.8338432312012 34.826244354248 34.848316192627 35.018669128418 35.0778884887695 35.2464752197266 35.5064811706543 35.5631484985352 35.6306610107422 35.8120727539062 35.8301162719727 35.8547515869141 35.8976974487305 35.8975219726562 35.7988471984863 35.6914291381836 35.6253967285156 35.3847846984863 35.1509132385254 35.0593490600586 34.8055191040039 34.6104125976562 34.5711402893066 34.5469055175781 34.5933265686035 34.6354446411133 34.7849807739258 34.9712295532227 35.025577545166 35.1646728515625 35.3185043334961 35.3443069458008 35.3666038513184 35.4090766906738
35.5672798156738 35.5404472351074 35.4789047241211 35.433349609375 35.4610710144043 35.5051918029785 35.496826171875 35.554500579834 35.6186141967773 35.5945358276367 35.5713691711426 35.6012153625488 35.6120376586914 35.6010475158691 35.6596488952637 35.7050132751465 35.6665496826172 35.6419372558594 35.5988311767578 35.5031471252441 35.3937034606934 35.2890663146973 35.2062072753906 35.1517639160156 35.1199684143066 35.1771240234375 35.2994232177734 35.4575042724609 35.5270843505859 35.6036949157715 35.765796661377 35.7977523803711 35.8218307495117 35.8618011474609 35.9182052612305 35.9462814331055 35.9370727539062 35.9305534362793 35.8352966308594 35.7171211242676 35.5256004333496 35.2522926330566 35.0778045654297 34.8551864624023 34.6607360839844 34.5776405334473 34.5787315368652 34.6376152038574 34.7093276977539 34.8743362426758 35.0378341674805 35.179256439209 35.3242454528809 35.3845825195312 35.4359169006348 35.4316673278809 35.3984413146973
35.6725387573242 35.5869445800781 35.5614852905273 35.5641326904297 35.5248184204102 35.6211967468262 35.657844543457 35.6296768188477 35.7559509277344 35.7728233337402 35.6594276428223 35.7738723754883 35.7719421386719 35.689754486084 35.8401794433594 35.8383522033691 35.7381629943848 35.7860221862793 35.7653465270996 35.5824584960938 35.5350494384766 35.5035095214844 35.3119812011719 35.3457679748535 35.3278579711914 35.289981842041 35.5219612121582 35.539436340332 35.5930595397949 35.7796669006348 35.7823143005371 35.8143768310547 35.8605079650879 35.8863792419434 35.9271774291992 35.954906463623 35.9718360900879 35.9479370117188 35.858470916748 35.7697792053223 35.5531120300293 35.3089981079102 35.1350746154785 34.8971328735352 34.7449378967285 34.6808204650879 34.6263122558594 34.7034301757812 34.7793006896973 34.9144096374512 35.1173629760742 35.2048835754395 35.3437614440918 35.4405670166016 35.4433288574219 35.4295959472656 35.389892578125
35.7284088134766 35.714241027832 35.7403717041016 35.7401084899902 35.7409934997559 35.7958564758301 35.8206825256348 35.8341255187988 35.9139518737793 35.9237060546875 35.9193572998047 35.960823059082 35.9600105285645 35.9412155151367 35.964786529541 35.9661102294922 35.9031677246094 35.9093856811523 35.8934936523438 35.7855987548828 35.7592468261719 35.7359580993652 35.6742172241211 35.6632194519043 35.6541175842285 35.6524772644043 35.7154922485352 35.7353210449219 35.7427024841309 35.8244552612305 35.8236465454102 35.844165802002 35.8932571411133 35.9039001464844 35.9297981262207 35.969108581543 35.9775314331055 35.9073944091797 35.8397026062012 35.7897262573242 35.5723686218262 35.3615951538086 35.2704010009766 35.0446548461914 34.88916015625 34.856632232666 34.8299751281738 34.8787155151367 34.9163055419922 35.0431175231934 35.1991806030273 35.2477569580078 35.326789855957 35.421329498291 35.4214096069336 35.4075775146484 35.3980598449707
35.8157691955566 35.8177223205566 35.8385009765625 35.8328819274902 35.8280982971191 35.8809700012207 35.9219818115234 35.9358444213867 35.9911308288574 36.0090789794922 35.9963684082031 36.018196105957 36.0255470275879 36.0013847351074 36.0113525390625 36.0147171020508 35.9892463684082 35.9933624267578 35.9483222961426 35.9237976074219 35.9361152648926 35.8714485168457 35.831787109375 35.8303489685059 35.8347587585449 35.8084754943848 35.8045387268066 35.8653373718262 35.8576316833496 35.8488349914551 35.8686561584473 35.8977432250977 35.9142608642578 35.9377975463867 35.9821243286133 36.0037078857422 36.0140762329102 36.0257377624512 35.966064453125 35.8667793273926 35.7218780517578 35.4971885681152 35.3319778442383 35.1465339660645 34.9640617370605 34.8979644775391 34.9125709533691 34.958251953125 35.0323028564453 35.1572303771973 35.2559280395508 35.358455657959 35.4509582519531 35.4781761169434 35.5010643005371 35.4740219116211 35.3937492370605
35.859748840332 35.8363037109375 35.8693313598633 35.8799324035645 35.8544960021973 35.9346199035645 35.9478874206543 35.9517707824707 36.0211791992188 36.0334281921387 36.008674621582 36.0407562255859 36.0388717651367 36.0104789733887 36.0326499938965 36.0300102233887 35.9948425292969 36.0016593933105 36.0088539123535 35.9489936828613 35.9687309265137 35.9823150634766 35.8836364746094 35.9208641052246 35.910228729248 35.856128692627 35.9123001098633 35.8957824707031 35.8787269592285 35.8917465209961 35.8948860168457 35.9143524169922 35.944221496582 35.9584121704102 35.9957695007324 36.0264511108398 36.0348854064941 36.0376930236816 35.9830017089844 35.9314575195312 35.7516403198242 35.5398025512695 35.4205741882324 35.1955871582031 35.0594062805176 34.9984970092773 34.9666404724121 35.0519714355469 35.0929183959961 35.1947021484375 35.3363952636719 35.3812713623047 35.4662322998047 35.519603729248 35.5147552490234 35.4812049865723 35.4248886108398
35.8573913574219 35.879753112793 35.9190635681152 35.9280204772949 35.9485359191895 35.9641265869141 35.9707336425781 35.9954261779785 36.0170860290527 36.025276184082 36.0390968322754 36.0419235229492 36.0407371520996 36.041015625 36.0250625610352 36.023307800293 36.0184669494629 36.0175819396973 36.0194129943848 36.0208473205566 36.0370941162109 36.0407180786133 36.0345993041992 36.0306549072266 36.0255966186523 35.9952850341797 35.9794731140137 35.9701538085938 35.939567565918 35.9436378479004 35.9451293945312 35.955738067627 35.9867820739746 35.9928245544434 36.011344909668 36.042667388916 36.0482368469238 35.9920310974121 35.9718360900879 35.938549041748 35.765983581543 35.6221199035645 35.5551643371582 35.3743362426758 35.2493324279785 35.2148094177246 35.1773567199707 35.2069129943848 35.2287254333496 35.2902565002441 35.4074478149414 35.4268264770508 35.4582405090332 35.5129432678223 35.5113677978516 35.4766616821289 35.4427299499512
35.8740501403809 35.9104042053223 35.9184379577637 35.9315223693848 35.9563827514648 35.953987121582 35.9728012084961 35.9908447265625 35.9946098327637 36.0075988769531 36.0187683105469 36.0212173461914 36.0183410644531 36.0196762084961 36.0076446533203 35.9975051879883 36.0102005004883 36.011890411377 36.0122566223145 36.0542755126953 36.0718803405762 36.0764770507812 36.0984153747559 36.0952644348145 36.0834655761719 36.068531036377 36.0393867492676 36.0111198425293 35.9979591369629 35.9812278747559 35.9863433837891 36.0127563476562 36.0264282226562 36.0522956848145 36.0737724304199 36.074649810791 36.0863800048828 36.0908966064453 36.0573692321777 35.9931640625 35.9230117797852 35.7872924804688 35.6458129882812 35.5238990783691 35.382625579834 35.3307456970215 35.3182334899902 35.3133506774902 35.3696556091309 35.4126205444336 35.4543342590332 35.5169219970703 35.5766487121582 35.5896453857422 35.5866203308105 35.5535011291504 35.4745025634766
35.8912506103516 35.9129066467285 35.920841217041 35.9398803710938 35.9602127075195 35.9689674377441 35.9644508361816 35.9895782470703 35.9954566955566 35.9929847717285 36.0118942260742 36.0062599182129 36.0113258361816 36.013370513916 35.9976806640625 36.005485534668 36.0127983093262 36.0111465454102 36.0366020202637 36.0676727294922 36.0923614501953 36.0996971130371 36.1128845214844 36.1215019226074 36.1167144775391 36.0826644897461 36.0679702758789 36.0461196899414 36.0155792236328 36.0173835754395 36.0230484008789 36.0347175598145 36.0675735473633 36.0720176696777 36.090087890625 36.1059112548828 36.1009635925293 36.1008071899414 36.0728912353516 36.0543327331543 35.949047088623 35.8244285583496 35.7690544128418 35.5850868225098 35.4897537231445 35.4334335327148 35.3782539367676 35.4349822998047 35.4125099182129 35.4390983581543 35.5153694152832 35.5440139770508 35.5896301269531 35.6214981079102 35.6135673522949 35.5686073303223 35.5099067687988
