G_variables/Set1/RCP2_2100/Sur_tem_min.asc
NCOLS 229 
NROWS 147 
XLLCORNER -101.25 
YLLCORNER 14.3333333333333 
CELLSIZE 0.0833333333333333 
NODATA_value -9999 
[rows 26 to 51 of 147, columns 57 to 113 of 229]
-9999 -9999 -9999 -9999 -9999 -9999 -9999 -9999 -9999 -9999 -9999 -9999 -9999 -9999 -9999 -9999 -9999 -9999 -9999 -9999 -9999 -9999 -9999 -9999 -9999 -9999 -9999 -9999 -9999 22.3889198303223 22.3888130187988 22.3926525115967 22.3799724578857 22.3660163879395 22.341739654541 22.3719997406006 22.3531055450439 22.3573532104492 22.390869140625 22.4180717468262 22.4766235351562 22.4074001312256 22.3837089538574 22.3699340820312 22.2873954772949 22.2355976104736 22.1708755493164 22.1232261657715 22.0864028930664 22.0208988189697 21.9993553161621 21.9781875610352 21.9420013427734 21.908763885498 21.8924007415771 21.8675060272217 21.8495674133301
-9999 -9999 -9999 -9999 -9999 -9999 -9999 -9999 -9999 -9999 -9999 -9999 -9999 -9999 -9999 -9999 -9999 -9999 -9999 -9999 -9999 -9999 -9999 -9999 -9999 -9999 -9999 -9999 22.3934326171875 22.3933391571045 22.3968181610107 22.3971366882324 22.3890514373779 22.3841953277588 22.3802528381348 22.3663787841797 22.3813056945801 22.3917121887207 22.4116249084473 22.4378623962402 22.446813583374 22.4376583099365 22.3892402648926 22.3694934844971 22.3285846710205 22.222318649292 22.181173324585 22.1595325469971 22.0735473632812 22.0485897064209 22.0274982452393 21.9596309661865 21.9394111633301 21.9283313751221 21.8890838623047 21.8787212371826 21.8691577911377
-9999 -9999 -9999 -9999 -9999 -9999 -9999 -9999 -9999 -9999 -9999 -9999 -9999 -9999 -9999 -9999 -9999 -9999 -9999 -9999 -9999 -9999 -9999 -9999 -9999 -9999 -9999 -9999 22.4155101776123 22.4064064025879 22.407751083374 22.418607711792 22.4178352355957 22.4223251342773 22.4189929962158 22.4165306091309 22.4255313873291 22.4371891021729 22.4597282409668 22.4802570343018 22.4828968048096 22.4629821777344 22.4242191314697 22.3792152404785 22.3413696289062 22.2712135314941 22.2157135009766 22.1690444946289 22.1134853363037 22.0823955535889 22.0452365875244 21.9948234558105 21.9728317260742 21.9417266845703 21.9152717590332 21.9055576324463 21.8891716003418
-9999 -9999 -9999 -9999 -9999 -9999 -9999 -9999 -9999 -9999 -9999 -9999 -9999 -9999 -9999 -9999 -9999 -9999 -9999 -9999 -9999 -9999 -9999 -9999 -9999 -9999 -9999 22.4225463867188 22.4411087036133 22.3981685638428 22.3972454071045 22.4274311065674 22.4164848327637 22.4194736480713 22.4081878662109 22.4265747070312 22.442512512207 22.4739170074463 22.4756660461426 22.5022487640381 22.5788154602051 22.4784679412842 22.4444961547852 22.4298305511475 22.3399562835693 22.2900085449219 22.2418804168701 22.1857604980469 22.1343936920166 22.0818290710449 22.0323696136475 22.0096435546875 21.9838256835938 21.9393749237061 21.924654006958 21.9161205291748 21.8941440582275
-9999 -9999 -9999 -9999 -9999 -9999 -9999 -9999 -9999 -9999 -9999 -9999 -9999 -9999 -9999 -9999 -9999 -9999 -9999 -9999 -9999 -9999 -9999 -9999 -9999 -9999 -9999 22.4511985778809 22.4493103027344 22.4332847595215 22.4392700195312 22.443790435791 22.4386978149414 22.4370822906494 22.4396667480469 22.4424934387207 22.4668979644775 22.4773082733154 22.4997272491455 22.5055503845215 22.5104999542236 22.4717636108398 22.4298248291016 22.39967918396 22.3486080169678 22.2866477966309 22.2473831176758 22.190013885498 22.1207370758057 22.0884666442871 22.0479354858398 22.007453918457 21.9816188812256 21.9570121765137 21.9360523223877 21.9223289489746 21.9030933380127
22.3387908935547 22.3498287200928 22.3551120758057 22.411169052124 -9999 -9999 -9999 -9999 -9999 -9999 -9999 -9999 -9999 -9999 -9999 -9999 -9999 -9999 -9999 -9999 -9999 -9999 -9999 -9999 -9999 -9999 22.4852409362793 22.4883136749268 22.4783630371094 22.479076385498 22.4861488342285 22.4940376281738 22.4889831542969 22.4883975982666 22.4947376251221 22.4944858551025 22.5126304626465 22.517822265625 22.5201206207275 22.5188293457031 22.5174770355225 22.4928436279297 22.4349975585938 22.4000682830811 22.3705978393555 22.2895851135254 22.2663631439209 22.2280044555664 22.1361026763916 22.120512008667 22.0906944274902 22.0323619842529 22.0210208892822 21.9974250793457 21.9571208953857 21.9468536376953 21.9321441650391
22.3495941162109 22.4466209411621 22.3940582275391 22.3828792572021 22.4121379852295 22.4250011444092 22.4225902557373 22.3961048126221 22.4344348907471 -9999 -9999 -9999 -9999 -9999 -9999 -9999 -9999 -9999 -9999 -9999 -9999 -9999 -9999 -9999 -9999 -9999 22.501220703125 22.4974632263184 22.4965572357178 22.5030555725098 22.5047245025635 22.5072822570801 22.5071067810059 22.5027294158936 22.5154666900635 22.5174198150635 22.5145130157471 22.5118083953857 22.5201721191406 22.5251502990723 22.5400390625 22.4763870239258 22.4470157623291 22.4093837738037 22.3506298065186 22.3154220581055 22.243579864502 22.2068939208984 22.1622619628906 22.1107196807861 22.0808296203613 22.0628890991211 22.0277156829834 21.9909496307373 21.969596862793 21.9346466064453 21.9326362609863
22.3793830871582 22.3792552947998 22.3942050933838 22.4122543334961 22.4123306274414 22.4255046844482 22.4360466003418 22.4378395080566 22.4438552856445 22.4561443328857 22.4618167877197 22.463737487793 22.4743957519531 -9999 -9999 -9999 -9999 -9999 -9999 -9999 -9999 -9999 -9999 -9999 -9999 22.4916324615479 22.5002918243408 22.5196533203125 22.5212364196777 22.5292682647705 22.5309791564941 22.5328330993652 22.5231513977051 22.5353946685791 22.5289745330811 22.5101222991943 22.5109996795654 22.5196933746338 22.5367336273193 22.5144596099854 22.5087871551514 22.4925060272217 22.4193744659424 22.4003124237061 22.3722896575928 22.2931823730469 22.256591796875 22.2331199645996 22.145788192749 22.1180667877197 22.1110095977783 22.0494213104248 22.0296955108643 22.0174407958984 21.966968536377 21.9571495056152 21.9431381225586
22.4485473632812 22.4385967254639 22.431468963623 22.4480590820312 22.4521160125732 22.4556655883789 22.4697151184082 22.4776268005371 22.4818992614746 22.4978733062744 22.502592086792 22.4994468688965 22.5094699859619 22.515007019043 22.5131530761719 22.5038280487061 22.4916362762451 22.4773693084717 -9999 -9999 -9999 -9999 -9999 -9999 -9999 22.5241470336914 22.532205581665 22.5529975891113 22.560037612915 22.5622138977051 22.5714950561523 22.5744972229004 22.5688228607178 22.5605049133301 22.56374168396 22.5465221405029 22.5441513061523 22.5349369049072 22.5277118682861 22.4948043823242 22.4851741790771 22.4642715454102 22.4101734161377 22.3861446380615 22.3681793212891 22.3045883178711 22.2864761352539 22.255241394043 22.1675777435303 22.1443214416504 22.1059188842773 22.0466976165771 22.034107208252 22.0292930603027 21.9801387786865 21.969783782959 21.9585800170898
22.4568634033203 22.4569053649902 22.4597873687744 22.4592742919922 22.4502544403076 22.4669551849365 22.4803829193115 22.4892253875732 22.4977970123291 22.4999294281006 22.5322132110596 22.5261116027832 22.5166893005371 22.5194034576416 22.5152950286865 22.5054893493652 22.4509201049805 22.4773902893066 22.4881343841553 22.4717903137207 22.4976692199707 22.5064487457275 22.5089454650879 -9999 -9999 22.5445213317871 22.5527973175049 22.5609111785889 22.5786514282227 22.5869064331055 22.5836277008057 22.6023254394531 22.5726661682129 22.5796298980713 22.6087017059326 22.5899047851562 22.5826797485352 22.5911693572998 22.5423259735107 22.5208053588867 22.50852394104 22.4639587402344 22.4336795806885 22.3950023651123 22.3524990081787 22.3222599029541 22.2880840301514 22.24147605896 22.1965522766113 22.1381187438965 22.0960254669189 22.0700550079346 22.0235385894775 22.0025672912598 21.9925346374512 21.9469528198242 21.9487228393555
22.4704494476318 22.4789428710938 22.4771900177002 22.4692916870117 22.4704113006592 22.4726390838623 22.4972724914551 22.5023193359375 22.5066795349121 22.5134963989258 22.5322418212891 22.5383529663086 22.5306148529053 22.5281238555908 22.5328617095947 22.506383895874 22.4962158203125 22.4976749420166 22.5034084320068 22.504415512085 22.51047706604 22.5240707397461 22.5235710144043 22.533390045166 22.5406532287598 22.5489444732666 22.5430469512939 22.5649089813232 22.5709648132324 22.5771427154541 22.586389541626 22.569580078125 22.5714664459229 22.5791053771973 22.5926723480225 22.5863208770752 22.5664558410645 22.5598087310791 22.5411109924316 22.4855098724365 22.4735298156738 22.47194480896 22.4141216278076 22.3821334838867 22.3672313690186 22.3064098358154 22.2750339508057 22.2400894165039 22.1796855926514 22.1630554199219 22.1199436187744 22.0578231811523 22.0433673858643 22.0216197967529 21.9852180480957 21.9749660491943 21.9615936279297
22.5248622894287 22.5127277374268 22.5124626159668 22.5122089385986 22.5165843963623 22.5234470367432 22.5297336578369 22.5335712432861 22.5348358154297 22.5598735809326 22.5680904388428 22.5713596343994 22.5669555664062 22.5528011322021 22.5537376403809 22.5484790802002 22.5407981872559 22.5369644165039 22.5356121063232 22.5355472564697 22.5444297790527 22.5479927062988 22.5530529022217 22.5636196136475 22.5699081420898 22.577091217041 22.5900115966797 22.5995464324951 22.6130027770996 22.6225605010986 22.6242218017578 22.6234607696533 22.5975437164307 22.6157474517822 22.6114482879639 22.5953369140625 22.5702743530273 22.5518245697021 22.5384082794189 22.4735889434814 22.4620246887207 22.4490737915039 22.4001979827881 22.3886642456055 22.3597183227539 22.3030967712402 22.2771625518799 22.2473468780518 22.1860332489014 22.1600360870361 22.1448059082031 22.0674705505371 22.0641498565674 22.0480422973633 21.9985599517822 21.9832286834717 21.9760284423828
22.5477066040039 22.5051250457764 22.5300235748291 22.5331153869629 22.5065002441406 22.527904510498 22.5360813140869 22.5530681610107 22.5494136810303 22.5644645690918 22.5887546539307 22.5810928344727 22.5656986236572 22.5737323760986 22.564868927002 22.566427230835 22.5720825195312 22.5530834197998 22.5520057678223 22.5569858551025 22.5554904937744 22.5408802032471 22.5461921691895 22.5629634857178 22.5713768005371 22.587423324585 22.6104965209961 22.6162414550781 22.6266574859619 22.6334934234619 22.6395130157471 22.6373996734619 22.6280746459961 22.6170883178711 22.6362113952637 22.5919933319092 22.5716152191162 22.5524425506592 22.5208187103271 22.4842662811279 22.4413986206055 22.427074432373 22.4126949310303 22.3906345367432 22.3532066345215 22.3118019104004 22.2889404296875 22.229564666748 22.2091178894043 22.1629676818848 22.1311454772949 22.1006317138672 22.0446090698242 22.0407238006592 22.0185928344727 21.9746170043945 21.9794254302979
22.558313369751 22.5472888946533 22.5443248748779 22.5486831665039 22.5360202789307 22.5433750152588 22.5534362792969 22.5503253936768 22.5529708862305 22.5722045898438 22.5794792175293 22.5857467651367 22.5865097045898 22.5750560760498 22.5745372772217 22.5725708007812 22.5676364898682 22.5628890991211 22.5605640411377 22.5638256072998 22.5477352142334 22.5523166656494 22.5623111724854 22.5698738098145 22.587272644043 22.5960750579834 22.6121349334717 22.6347122192383 22.6407775878906 22.661169052124 22.6720886230469 22.6520175933838 22.6403903961182 22.6164836883545 22.604700088501 22.5954856872559 22.5381889343262 22.516975402832 22.5022506713867 22.4603004455566 22.4446849822998 22.4309272766113 22.3970737457275 22.3889617919922 22.3550662994385 22.2979106903076 22.2705707550049 22.247932434082 22.1948127746582 22.1810073852539 22.1536731719971 22.0936393737793 22.0705757141113 22.0614032745361 22.0213432312012 22.0035858154297 21.9978427886963
22.6025943756104 22.5968570709229 22.5965824127197 22.5823783874512 22.5833892822266 22.5944862365723 22.599214553833 22.5767116546631 22.568359375 22.5817699432373 22.5987358093262 22.6036815643311 22.6060047149658 22.5982894897461 22.6048622131348 22.6005821228027 22.5931949615479 22.5899486541748 22.5872764587402 22.5712146759033 22.5715618133545 22.5770606994629 22.5824871063232 22.5928745269775 22.610746383667 22.6201801300049 22.6312160491943 22.6639842987061 22.6832027435303 22.7215728759766 22.7305908203125 22.6821174621582 22.6542434692383 22.627836227417 22.5974254608154 22.5652656555176 22.5256423950195 22.507532119751 22.4923095703125 22.4523048400879 22.4367618560791 22.4255599975586 22.3938217163086 22.3814964294434 22.3731555938721 22.3277397155762 22.3044490814209 22.2753486633301 22.223611831665 22.2075595855713 22.1857452392578 22.1167278289795 22.1058559417725 22.1003112792969 22.0646419525146 22.0474185943604 22.0544452667236
22.6065979003906 22.6017322540283 22.6009464263916 22.5929126739502 22.5952014923096 22.6047439575195 22.6006412506104 22.5889225006104 22.5708599090576 22.5851058959961 22.60910987854 22.610818862915 22.6222152709961 22.6269283294678 22.6104221343994 22.6092414855957 22.6099834442139 22.5958080291748 22.5959148406982 22.5789852142334 22.5792446136475 22.5838756561279 22.5919799804688 22.6061916351318 22.6153240203857 22.6352081298828 22.6448287963867 22.6654396057129 22.6939163208008 22.7137756347656 22.7147426605225 22.6987724304199 22.6532897949219 22.6284770965576 22.5942039489746 22.5653171539307 22.5361175537109 22.5008068084717 22.4791584014893 22.4604682922363 22.4219455718994 22.4160289764404 22.4062347412109 22.3873157501221 22.363224029541 22.3447799682617 22.3232345581055 22.2765464782715 22.252233505249 22.2059230804443 22.1588706970215 22.1437950134277 22.1200561523438 22.0978488922119 22.0834102630615 22.0572032928467 22.0503845214844
22.6198787689209 22.6166667938232 22.6163654327393 22.6056156158447 22.6101684570312 22.6116390228271 22.5999450683594 22.5964794158936 22.5907306671143 22.6023139953613 22.6068458557129 22.6132049560547 22.623685836792 22.6149349212646 22.6187362670898 22.6087379455566 22.5876846313477 22.5853004455566 22.5774116516113 22.5787887573242 22.5800476074219 22.5849666595459 22.594352722168 22.6065845489502 22.6238231658936 22.6357231140137 22.6440715789795 22.6676559448242 22.6845893859863 22.6832237243652 22.6835498809814 22.6660346984863 22.6524810791016 22.6239833831787 22.590181350708 22.5725078582764 22.5284767150879 22.5156593322754 22.4965877532959 22.4607105255127 22.4403877258301 22.4289302825928 22.4042301177979 22.3867244720459 22.3772926330566 22.3392848968506 22.3208675384521 22.2937698364258 22.250171661377 22.2172355651855 22.1909217834473 22.1423950195312 22.1310482025146 22.1098651885986 22.079174041748 22.0745906829834 22.06715965271
22.6555309295654 22.6571578979492 22.6552772521973 22.6571884155273 22.6470565795898 22.6437377929688 22.6285953521729 22.6217861175537 22.6116676330566 22.6147480010986 22.6211376190186 22.6204643249512 22.631908416748 22.6254711151123 22.6267490386963 22.6175117492676 22.5974826812744 22.5959739685059 22.5906639099121 22.5879230499268 22.5932388305664 22.5976505279541 22.6079711914062 22.6191692352295 22.6383781433105 22.64426612854 22.6621551513672 22.6838760375977 22.6779861450195 22.6810283660889 22.6801338195801 22.6546230316162 22.6408672332764 22.6134929656982 22.5968208312988 22.5825672149658 22.540807723999 22.5291233062744 22.5218029022217 22.4897937774658 22.4748935699463 22.4659442901611 22.4404430389404 22.4257106781006 22.4146518707275 22.3764343261719 22.3572959899902 22.3382511138916 22.2969169616699 22.2571487426758 22.2459354400635 22.1958522796631 22.1829261779785 22.1606369018555 22.1317882537842 22.1323661804199 22.1335906982422
22.6703338623047 22.6891899108887 22.6652088165283 22.6636962890625 22.677583694458 22.6439990997314 22.6276588439941 22.6125259399414 22.6065235137939 22.5984210968018 22.6018905639648 22.6184902191162 22.6178588867188 22.6284599304199 22.6110687255859 22.6122951507568 22.5988330841064 22.5891056060791 22.5823020935059 22.568473815918 22.5834712982178 22.5870819091797 22.587911605835 22.6210441589355 22.631893157959 22.6338996887207 22.6696701049805 22.6826515197754 22.6840991973877 22.6812152862549 22.6820983886719 22.6679706573486 22.6417503356934 22.6204433441162 22.5692329406738 22.5738525390625 22.5513343811035 22.5021648406982 22.5098266601562 22.5022354125977 22.4772472381592 22.4693698883057 22.4560775756836 22.4181346893311 22.4061851501465 22.3892593383789 22.3380374908447 22.3215522766113 22.3028411865234 22.2544746398926 22.2328281402588 22.2170543670654 22.1898536682129 22.1597328186035 22.1527481079102 22.1473217010498 22.1459121704102
22.669469833374 22.6708106994629 22.6693630218506 22.6479644775391 22.6479873657227 22.6445407867432 22.625431060791 22.6202640533447 22.6154041290283 22.6004028320312 22.5977249145508 22.6172866821289 22.6194763183594 22.6108894348145 22.6127376556396 22.6126956939697 22.592601776123 22.5905361175537 22.5859565734863 22.5832462310791 22.5850391387939 22.5962810516357 22.6004467010498 22.6220321655273 22.6465644836426 22.6544151306152 22.6669769287109 22.6767139434814 22.6833209991455 22.6830883026123 22.6868076324463 22.6613922119141 22.6510791778564 22.6263561248779 22.6132125854492 22.5906810760498 22.5613174438477 22.5337200164795 22.5293140411377 22.5110378265381 22.497802734375 22.4905319213867 22.4688892364502 22.4472274780273 22.4335346221924 22.3972015380859 22.3712463378906 22.3483791351318 22.310733795166 22.2712802886963 22.2600555419922 22.2249011993408 22.214973449707 22.195011138916 22.1748600006104 22.1680221557617 22.1683921813965
22.6912326812744 22.6902027130127 22.67502784729 22.669828414917 22.6682567596436 22.6670570373535 22.6412105560303 22.6356220245361 22.6249675750732 22.6093311309814 22.6053295135498 22.6017017364502 22.607479095459 22.6054153442383 22.608959197998 22.6093082427979 22.5880317687988 22.5946063995361 22.6010608673096 22.6028842926025 22.6150550842285 22.6284122467041 22.6433219909668 22.6634368896484 22.6843414306641 22.6959018707275 22.6887798309326 22.709680557251 22.7110061645508 22.7093734741211 22.7149238586426 22.6892833709717 22.6823348999023 22.6633243560791 22.6540546417236 22.6426658630371 22.6141395568848 22.604585647583 22.5955047607422 22.5778427124023 22.5709781646729 22.5616264343262 22.5316371917725 22.5099105834961 22.5005016326904 22.4654121398926 22.4414367675781 22.426944732666 22.3670101165771 22.3557815551758 22.3351402282715 22.2984466552734 22.2863140106201 22.2743473052979 22.2633323669434 22.2598361968994 22.2606163024902
22.6924877166748 22.6590938568115 22.6712837219238 22.6719074249268 22.6673183441162 22.661994934082 22.647798538208 22.6326942443848 22.6215114593506 22.6163272857666 22.5877113342285 22.605489730835 22.6164016723633 22.5990962982178 22.6102390289307 22.5892448425293 22.57568359375 22.5825462341309 22.6045227050781 22.5954074859619 22.62282371521 22.630220413208 22.6239719390869 22.6670703887939 22.6791248321533 22.6785354614258 22.7042198181152 22.7138729095459 22.719820022583 22.7210273742676 22.722053527832 22.684440612793 22.6874217987061 22.6669750213623 22.6612319946289 22.6443691253662 22.6270599365234 22.6095428466797 22.6070194244385 22.6000099182129 22.5982322692871 22.5547122955322 22.5331363677979 22.528829574585 22.5089244842529 22.4949741363525 22.4620800018311 22.4479122161865 22.4124965667725 22.3692951202393 22.3486499786377 22.3301906585693 22.2912044525146 22.2933254241943 22.2959289550781 22.2635879516602 22.2825832366943
22.676815032959 22.6748371124268 22.6767978668213 22.6745338439941 22.6733283996582 22.6596336364746 22.6472263336182 22.642183303833 22.6359672546387 22.6200618743896 22.6188316345215 22.6216468811035 22.6209239959717 22.6250610351562 22.6261119842529 22.601619720459 22.5874309539795 22.6040782928467 22.620584487915 22.6282749176025 22.6319961547852 22.659236907959 22.6679077148438 22.6769866943359 22.7045612335205 22.7178649902344 22.7189655303955 22.7377300262451 22.738166809082 22.7388000488281 22.7384090423584 22.716703414917 22.6923389434814 22.6800880432129 22.6775817871094 22.6600666046143 22.6425132751465 22.6316471099854 22.6073665618896 22.5914764404297 22.5801200866699 22.5694942474365 22.5542945861816 22.5343437194824 22.5354995727539 22.5108642578125 22.4893398284912 22.4807815551758 22.4285678863525 22.3971424102783 22.3687400817871 22.3314437866211 22.3224220275879 22.3463897705078 22.3221836090088 22.289493560791 22.2907123565674
22.7153778076172 22.6937675476074 22.6937046051025 22.6914920806885 22.6901607513428 22.6897315979004 22.678861618042 22.6732482910156 22.6564464569092 22.6468639373779 22.6478996276855 22.6453647613525 22.6391448974609 22.6453514099121 22.6510944366455 22.6286354064941 22.6316375732422 22.6432857513428 22.6628799438477 22.6736145019531 22.6788444519043 22.7143154144287 22.7263793945312 22.7388324737549 22.7675762176514 22.7777976989746 22.7832469940186 22.7953472137451 22.7968578338623 22.7969207763672 22.7927722930908 22.7521152496338 22.7461738586426 22.74387550354 22.7367305755615 22.7233448028564 22.7065525054932 22.6915454864502 22.678186416626 22.6515369415283 22.641242980957 22.6323852539062 22.6187191009521 22.6124687194824 22.6081886291504 22.5966186523438 22.5771770477295 22.5454864501953 22.4967060089111 22.4892463684082 22.4751625061035 22.4401226043701 22.4324245452881 22.4213790893555 22.3990287780762 22.3972702026367 22.3948707580566
22.715295791626 22.7039051055908 22.7015914916992 22.7022075653076 22.7017040252686 22.6967735290527 22.6937694549561 22.6921768188477 22.6607112884521 22.652853012085 22.6580047607422 22.6494693756104 22.6542148590088 22.6334533691406 22.6467933654785 22.642765045166 22.6291923522949 22.668514251709 22.6831226348877 22.6852512359619 22.7073535919189 22.7189884185791 22.7440853118896 22.7496147155762 22.7628517150879 22.8076210021973 22.7887916564941 22.7915954589844 22.8157730102539 22.8038539886475 22.7708320617676 22.7488651275635 22.7461891174316 22.7403202056885 22.7528839111328 22.7248630523682 22.7075252532959 22.6823101043701 22.6558437347412 22.6444435119629 22.6578769683838 22.6380882263184 22.6301307678223 22.6258430480957 22.6186351776123 22.6128921508789 22.5839881896973 22.5568313598633 22.5295486450195 22.5236282348633 22.4957866668701 22.4751281738281 22.4415988922119 22.4388256072998 22.4341411590576 22.415506362915 22.4225120544434
22.7269668579102 22.7240295410156 22.7229499816895 22.7136173248291 22.7129516601562 22.699426651001 22.6900329589844 22.6867389678955 22.6776847839355 22.6652584075928 22.6660823822021 22.6675090789795 22.6477699279785 22.6523571014404 22.6650047302246 22.6666450500488 22.6797046661377 22.7039775848389 22.7291374206543 22.7183895111084 22.718921661377 22.7475204467773 22.759801864624 22.7596855163574 22.7857704162598 22.7999019622803 22.7969665527344 22.811450958252 22.8187713623047 22.7993640899658 22.7986431121826 22.7716789245605 22.764497756958 22.7526721954346 22.7518577575684 22.7392921447754 22.7200469970703 22.7077293395996 22.6724262237549 22.6536178588867 22.6387252807617 22.6168918609619 22.6089134216309 22.6168212890625 22.6148662567139 22.5792026519775 22.5697078704834 22.5649108886719 22.5291862487793 22.5149803161621 22.5070552825928 22.4812202453613 22.4724006652832 22.4631404876709 22.4606266021729 22.4556751251221 22.4567260742188
