G_variables/Set1/RCP2_2100/Sur_sal_min.asc
NCOLS 229 
NROWS 147 
XLLCORNER -101.25 
YLLCORNER 14.3333333333333 
CELLSIZE 0.0833333333333333 
NODATA_value -9999 
[rows 52 to 77 of 147, columns 114 to 170 of 229]
35.7594566345215 35.882884979248 35.9434204101562 36.0188446044922 36.1233139038086 36.1783752441406 36.2233505249023 36.2671318054199 36.2745933532715 36.2887191772461 36.3090476989746 36.3210411071777 36.3264808654785 36.3372573852539 36.3397636413574 36.3509178161621 36.3534240722656 36.3757400512695 36.3741569519043 36.3671798706055 36.3715553283691 36.3665046691895 36.3596000671387 36.3615417480469 36.3622627258301 36.3596229553223 36.3626365661621 36.3721008300781 36.3679313659668 36.3754539489746 36.3813095092773 36.3863639831543 36.406177520752 36.403736114502 36.3701133728027 36.3461074829102 36.3237953186035 36.3001098632812 36.2812652587891 36.2719650268555 36.2518539428711 36.2359313964844 36.2235069274902 36.2064437866211 36.191520690918 36.1859512329102 36.1787872314453 36.1752052307129 36.1713256835938 36.1632995605469 36.1619606018066 36.1518936157227 36.134391784668 36.1270294189453 36.1215438842773 36.0954780578613 36.0847396850586
35.7422294616699 35.8405685424805 35.9510383605957 35.9941749572754 36.0868072509766 36.1815795898438 36.2091522216797 36.253044128418 36.3006858825684 36.3078536987305 36.3220443725586 36.3398818969727 36.3539276123047 36.3537254333496 36.3514060974121 36.3667869567871 36.3651733398438 36.3656730651855 36.3808135986328 36.3770904541016 36.3699531555176 36.3672218322754 36.3636512756348 36.3584289550781 36.3614616394043 36.3604927062988 36.3545188903809 36.3591995239258 36.3688621520996 36.3648986816406 36.3715896606445 36.3741111755371 36.3696098327637 36.3749732971191 36.355785369873 36.3253860473633 36.3124809265137 36.2900009155273 36.2617874145508 36.2539215087891 36.2405281066895 36.2159996032715 36.2079887390137 36.1983451843262 36.1784515380859 36.1767044067383 36.1742515563965 36.1591606140137 36.157958984375 36.1554145812988 36.1378707885742 36.1358909606934 36.1288757324219 36.1142158508301 36.1110458374023 36.0955848693848 36.0798377990723
35.7802429199219 35.8648796081543 35.948413848877 36.0255661010742 36.1246948242188 36.2002830505371 36.253849029541 36.3056831359863 36.3320541381836 36.3414077758789 36.3495826721191 36.3558959960938 36.3673553466797 36.3613624572754 36.364933013916 36.3733863830566 36.3629913330078 36.3635673522949 36.3787269592285 36.3647727966309 36.3618507385254 36.3588905334473 36.3443183898926 36.3409271240234 36.3436393737793 36.332950592041 36.3390731811523 36.3406410217285 36.3289642333984 36.344123840332 36.3464126586914 36.3356819152832 36.3387565612793 36.342170715332 36.3114891052246 36.3009262084961 36.2845916748047 36.2498931884766 36.2353134155273 36.2198333740234 36.1913986206055 36.1893577575684 36.1776847839355 36.1623764038086 36.1606407165527 36.1557464599609 36.1408348083496 36.1362991333008 36.1319618225098 36.1161956787109 36.1133880615234 36.1084022521973 36.0954780578613 36.0954933166504 36.0812301635742 36.0671768188477 36.0684967041016
35.7987785339355 35.8745384216309 35.9640998840332 36.0391960144043 36.1327857971191 36.2187576293945 36.2569007873535 36.307975769043 36.3405303955078 36.3478927612305 36.3533134460449 36.356273651123 36.3553504943848 36.3630104064941 36.3674430847168 36.3754730224609 36.3614463806152 36.3620338439941 36.3700675964355 36.3608322143555 36.3552856445312 36.3481750488281 36.3393707275391 36.3346214294434 36.3288459777832 36.3248977661133 36.324275970459 36.3227348327637 36.3181686401367 36.323860168457 36.3225402832031 36.3182563781738 36.3130149841309 36.3105430603027 36.2943000793457 36.2770156860352 36.2587242126465 36.2352561950684 36.211067199707 36.1977157592773 36.179141998291 36.1672096252441 36.1618766784668 36.1547546386719 36.1473579406738 36.1426658630371 36.1349296569824 36.121150970459 36.1147499084473 36.1101837158203 36.0970878601074 36.0895462036133 36.0857238769531 36.0755615234375 36.0638961791992 36.0566482543945 36.0487899780273
35.8092803955078 35.9036712646484 36.0066413879395 36.049446105957 36.1421394348145 36.2310066223145 36.2493705749512 36.2958145141602 36.337890625 36.3428573608398 36.3484878540039 36.3512878417969 36.3529472351074 36.3510322570801 36.3581695556641 36.3697204589844 36.3707542419434 36.3502922058105 36.3494033813477 36.3432846069336 36.334644317627 36.3320732116699 36.3265228271484 36.3119201660156 36.3110389709473 36.3101921081543 36.2927436828613 36.2930755615234 36.295539855957 36.281063079834 36.2905044555664 36.2912216186523 36.2657165527344 36.2721710205078 36.259838104248 36.2274436950684 36.2224464416504 36.2055816650391 36.171875 36.1653137207031 36.1593589782715 36.1333312988281 36.1359481811523 36.1374244689941 36.1200828552246 36.1170654296875 36.1145935058594 36.0966987609863 36.0932350158691 36.0898475646973 36.0707511901855 36.0649757385254 36.0614738464355 36.0447845458984 36.0420074462891 36.0355911254883 36.024715423584
35.8187141418457 35.8928985595703 35.9990463256836 36.0740242004395 36.1622657775879 36.2440376281738 36.2876892089844 36.3190689086914 36.3321571350098 36.347785949707 36.3411483764648 36.3386917114258 36.3392448425293 36.3259010314941 36.3253707885742 36.3564491271973 36.3344306945801 36.3320007324219 36.3278961181641 36.2989044189453 36.3000297546387 36.298095703125 36.2673454284668 36.2731018066406 36.2686653137207 36.2454414367676 36.2521820068359 36.250129699707 36.2339286804199 36.241081237793 36.2386703491211 36.2329597473145 36.2285499572754 36.2306251525879 36.2060623168945 36.1869697570801 36.1718673706055 36.1696014404297 36.147518157959 36.1436729431152 36.1258811950684 36.1151580810547 36.1133041381836 36.1124572753906 36.1056480407715 36.1031112670898 36.0915145874023 36.0843925476074 36.0817489624023 36.0656890869141 36.055793762207 36.04931640625 36.0370635986328 36.0253639221191 36.0227584838867 36.0126762390137 36.0069961547852
35.8212509155273 35.8934516906738 35.9959754943848 36.0723762512207 36.166618347168 36.2497863769531 36.2874794006348 36.3200759887695 36.3354225158691 36.3310546875 36.3271675109863 36.3257179260254 36.3224563598633 36.3222618103027 36.3164100646973 36.3303871154785 36.3200073242188 36.3140411376953 36.3048934936523 36.288013458252 36.2778053283691 36.2687072753906 36.2525978088379 36.237621307373 36.23583984375 36.2272300720215 36.2168426513672 36.2188873291016 36.2167625427246 36.208324432373 36.209415435791 36.218090057373 36.1997413635254 36.2022705078125 36.1896934509277 36.157341003418 36.152961730957 36.1599464416504 36.1345558166504 36.1231918334961 36.1211128234863 36.1110382080078 36.11376953125 36.1035461425781 36.1022529602051 36.1003494262695 36.0859565734863 36.0797958374023 36.0771560668945 36.0602378845215 36.0461082458496 36.0459518432617 36.0259590148926 36.0143699645996 36.0116348266602 36.0075798034668 35.996467590332
35.7770538330078 35.9020195007324 36.0098571777344 36.0515785217285 36.1571350097656 36.2453842163086 36.2629318237305 36.303352355957 36.3174095153809 36.3144950866699 36.3093681335449 36.2947578430176 36.3059692382812 36.3023796081543 36.2915229797363 36.2908973693848 36.295825958252 36.2701683044434 36.2684478759766 36.260669708252 36.2285995483398 36.2274894714355 36.2186851501465 36.1851997375488 36.1801795959473 36.1867637634277 36.163200378418 36.1667823791504 36.1772956848145 36.1612777709961 36.1628761291504 36.1632118225098 36.1542892456055 36.1587944030762 36.1532096862793 36.149169921875 36.1462516784668 36.1246757507324 36.1366577148438 36.1251983642578 36.1144409179688 36.1222305297852 36.1065139770508 36.1037864685059 36.1061820983887 36.0917129516602 36.086368560791 36.0829048156738 36.0660057067871 36.0569000244141 36.0508499145508 36.0370674133301 36.0321884155273 36.0209197998047 36.0092277526855 35.9973983764648 35.9990882873535
35.745677947998 35.8575859069824 35.9793586730957 36.0537414550781 36.1625671386719 36.2452125549316 36.2903137207031 36.3159599304199 36.3141593933105 36.3075370788574 36.2955284118652 36.2830238342285 36.2815361022949 36.2786521911621 36.2634506225586 36.2576293945312 36.2411956787109 36.2350196838379 36.2293243408203 36.2238731384277 36.2031898498535 36.1987380981445 36.1770210266113 36.1474838256836 36.1431312561035 36.1323585510254 36.1312065124512 36.1346435546875 36.1319999694824 36.133487701416 36.1342544555664 36.1286506652832 36.1324119567871 36.1378631591797 36.1417045593262 36.1201705932617 36.1291580200195 36.1206512451172 36.118782043457 36.1153907775879 36.1154098510742 36.1101417541504 -9999 -9999 36.1031799316406 36.088981628418 36.0865440368652 36.0840530395508 36.0608444213867 36.0568046569824 36.0524482727051 36.0371322631836 36.0330619812012 36.0237312316895 35.999813079834 35.9869117736816 35.9894752502441
35.726692199707 35.8506050109863 35.9584274291992 36.0503044128418 36.161693572998 36.2395858764648 36.2771415710449 36.3150444030762 36.3110313415527 36.3028717041016 36.2931213378906 36.2798156738281 36.2653465270996 36.258544921875 36.2489356994629 36.2401657104492 36.2332649230957 36.217098236084 36.2155799865723 36.218994140625 36.1904296875 36.1870422363281 36.1724662780762 36.1437721252441 36.1284637451172 36.1251983642578 36.1168174743652 36.1207733154297 36.1219673156738 36.125186920166 36.1283950805664 36.123477935791 36.1280517578125 36.1288566589355 36.1358108520508 36.1161117553711 36.1154747009277 36.1185836791992 -9999 -9999 -9999 -9999 -9999 -9999 -9999 -9999 -9999 -9999 -9999 -9999 36.0522842407227 36.0335845947266 36.0308647155762 36.0095291137695 35.9890899658203 35.9865112304688 -9999
35.679874420166 35.8294830322266 35.9614562988281 36.0086250305176 36.1235656738281 36.2159118652344 36.2345581054688 36.2717094421387 36.2929077148438 36.2883682250977 36.2751159667969 36.2570953369141 36.2496757507324 36.2321929931641 36.2094955444336 36.2214469909668 36.207878112793 36.192497253418 36.2032737731934 36.1933097839355 36.1996841430664 36.1959991455078 36.1624755859375 36.1634216308594 36.1488189697266 36.124813079834 36.1264266967773 36.1117858886719 36.1170234680176 36.1199111938477 36.1154403686523 36.1252670288086 36.1340980529785 36.1343841552734 36.1229782104492 -9999 -9999 -9999 -9999 -9999 -9999 -9999 -9999 -9999 -9999 -9999 -9999 -9999 -9999 -9999 -9999 -9999 -9999 -9999 -9999 -9999 -9999
35.6660614013672 35.8064613342285 35.938102722168 36.0237617492676 36.1387405395508 36.2207145690918 36.2591819763184 36.2918434143066 36.2894821166992 36.2835235595703 36.2635459899902 36.2493629455566 36.2348899841309 36.212963104248 36.194637298584 36.2031440734863 36.2033538818359 36.1900596618652 36.1937103271484 36.1890258789062 36.1958084106445 36.1992225646973 36.1654167175293 36.161247253418 36.1406555175781 36.1298904418945 36.1216812133789 36.1132774353027 -9999 -9999 -9999 -9999 -9999 -9999 -9999 -9999 -9999 -9999 -9999 -9999 -9999 -9999 -9999 -9999 -9999 -9999 -9999 -9999 -9999 -9999 -9999 -9999 -9999 -9999 -9999 -9999 -9999
35.6597023010254 35.8027496337891 35.9278450012207 36.0110931396484 36.1359596252441 36.2148170471191 36.2588500976562 36.2904167175293 36.2839469909668 36.279655456543 36.2630043029785 36.2346801757812 36.2249870300293 36.2089691162109 36.1856918334961 36.2050361633301 36.2002449035645 36.1873016357422 36.1853446960449 36.1913070678711 36.1865692138672 36.1859169006348 36.1672096252441 -9999 -9999 -9999 -9999 -9999 -9999 -9999 -9999 -9999 -9999 -9999 -9999 -9999 -9999 -9999 -9999 -9999 -9999 -9999 -9999 -9999 -9999 -9999 -9999 -9999 -9999 -9999 -9999 -9999 -9999 -9999 -9999 -9999 -9999
35.6093482971191 35.7923622131348 35.9330520629883 35.973445892334 36.086669921875 36.1853637695312 36.2134475708008 36.249137878418 36.2711143493652 36.2686347961426 36.2477912902832 36.2184257507324 36.2255516052246 36.2028160095215 36.1725540161133 36.1707382202148 36.1811103820801 36.1901397705078 36.1837692260742 36.1874160766602 36.1900215148926 -9999 -9999 -9999 -9999 -9999 -9999 -9999 -9999 -9999 -9999 -9999 -9999 -9999 -9999 -9999 -9999 -9999 -9999 -9999 -9999 -9999 -9999 -9999 -9999 -9999 -9999 -9999 -9999 -9999 -9999 -9999 -9999 -9999 -9999 -9999 -9999
35.599308013916 35.7477416992188 35.9119529724121 35.9996147155762 36.0966682434082 36.180362701416 36.2278518676758 36.2559013366699 36.2699928283691 36.2648010253906 36.2423553466797 36.2112236022949 36.2101669311523 36.172176361084 36.1598701477051 36.1585540771484 36.1642761230469 36.1714172363281 -9999 -9999 -9999 -9999 -9999 -9999 -9999 -9999 -9999 -9999 -9999 -9999 -9999 -9999 -9999 -9999 -9999 -9999 -9999 -9999 -9999 -9999 -9999 -9999 -9999 -9999 -9999 -9999 -9999 -9999 -9999 -9999 -9999 -9999 -9999 -9999 -9999 -9999 -9999
35.5838623046875 35.7382469177246 35.8788108825684 35.9849128723145 36.0986938476562 36.1730041503906 36.2107582092285 36.244384765625 36.2548828125 36.2524871826172 36.2310256958008 36.1996231079102 36.1939315795898 36.1641426086426 36.1521148681641 36.1432189941406 36.1458282470703 -9999 -9999 -9999 -9999 -9999 -9999 -9999 -9999 -9999 -9999 -9999 -9999 -9999 -9999 -9999 -9999 -9999 -9999 -9999 -9999 -9999 -9999 -9999 -9999 -9999 -9999 -9999 -9999 -9999 -9999 -9999 -9999 -9999 -9999 -9999 -9999 -9999 -9999 -9999 -9999
35.4687461853027 35.6933097839355 35.8627166748047 35.9162979125977 36.0499267578125 36.1358985900879 36.1541976928711 36.1970138549805 36.2146492004395 36.224666595459 36.2098388671875 36.1784057617188 36.1693840026855 36.1574249267578 36.1091041564941 36.1060409545898 36.134105682373 -9999 -9999 -9999 -9999 -9999 -9999 -9999 -9999 -9999 -9999 -9999 -9999 -9999 -9999 -9999 -9999 -9999 -9999 -9999 -9999 -9999 -9999 -9999 -9999 -9999 -9999 -9999 -9999 -9999 -9999 -9999 -9999 -9999 -9999 -9999 -9999 -9999 -9999 -9999 -9999
35.4132652282715 35.6163482666016 35.8208198547363 35.9244956970215 36.0221366882324 36.1071128845215 36.1420021057129 36.1727828979492 36.1946563720703 36.2023315429688 36.1749229431152 36.1423683166504 36.1313018798828 36.0884284973145 36.0719184875488 36.0675354003906 36.0740852355957 -9999 -9999 -9999 -9999 -9999 -9999 -9999 -9999 -9999 -9999 -9999 -9999 -9999 -9999 -9999 -9999 -9999 -9999 -9999 -9999 -9999 -9999 -9999 -9999 -9999 -9999 -9999 -9999 -9999 -9999 -9999 -9999 -9999 -9999 -9999 -9999 -9999 -9999 -9999 -9999
35.3727798461914 35.5910987854004 35.7711715698242 35.8915977478027 36.0137100219727 36.083667755127 36.1270332336426 36.1592445373535 36.164493560791 36.1714172363281 36.162467956543 36.1186752319336 36.0925598144531 36.0734672546387 36.0574951171875 36.0549087524414 -9999 -9999 -9999 -9999 -9999 -9999 -9999 -9999 -9999 -9999 -9999 -9999 -9999 -9999 -9999 -9999 -9999 -9999 -9999 -9999 -9999 -9999 -9999 -9999 -9999 -9999 -9999 -9999 -9999 -9999 -9999 -9999 -9999 -9999 -9999 -9999 -9999 -9999 -9999 -9999 35.760368347168
35.2219924926758 35.4843292236328 35.7073669433594 35.7637939453125 35.9272499084473 36.0301094055176 36.0493431091309 36.1028327941895 36.1181259155273 36.1220245361328 36.115406036377 36.0787811279297 36.0700149536133 36.0431900024414 35.9991607666016 35.9948577880859 -9999 -9999 -9999 -9999 -9999 -9999 -9999 -9999 -9999 -9999 -9999 -9999 -9999 -9999 -9999 -9999 -9999 -9999 -9999 -9999 -9999 -9999 -9999 -9999 -9999 -9999 -9999 -9999 -9999 -9999 -9999 -9999 -9999 -9999 -9999 -9999 -9999 -9999 -9999 35.7472686767578 35.7489280700684
35.1314926147461 35.3653335571289 35.6322288513184 35.7421836853027 35.8559188842773 35.9668731689453 36.0056762695312 36.0560188293457 36.095401763916 36.0946159362793 36.0795974731445 36.0523643493652 36.0194358825684 35.9683685302734 35.9400978088379 -9999 -9999 -9999 -9999 -9999 -9999 -9999 -9999 -9999 -9999 -9999 -9999 -9999 -9999 -9999 -9999 -9999 -9999 -9999 -9999 -9999 -9999 -9999 -9999 -9999 -9999 -9999 -9999 -9999 -9999 -9999 -9999 -9999 -9999 -9999 -9999 -9999 -9999 -9999 35.7114562988281 35.7165794372559 35.7215461730957
35.052562713623 35.3222579956055 35.5367431640625 35.6854858398438 35.8251800537109 35.9015159606934 35.9754829406738 36.0370292663574 36.0514030456543 36.0712890625 36.0660743713379 36.0275268554688 35.9985466003418 35.9534034729004 35.9269790649414 35.9315872192383 -9999 -9999 -9999 -9999 -9999 -9999 -9999 -9999 -9999 -9999 -9999 -9999 -9999 -9999 -9999 -9999 -9999 -9999 -9999 -9999 -9999 -9999 -9999 -9999 -9999 -9999 -9999 -9999 -9999 -9999 -9999 -9999 -9999 -9999 -9999 -9999 -9999 35.6895751953125 35.6907272338867 35.7094383239746 35.7180442810059
34.8856391906738 35.1736946105957 35.4102630615234 35.4889297485352 35.6957817077637 35.8365707397461 35.8693199157715 35.9595718383789 35.9970588684082 35.9962844848633 36.0091705322266 35.9789962768555 35.9655838012695 35.9348258972168 35.8757972717285 -9999 -9999 -9999 -9999 -9999 -9999 -9999 -9999 -9999 -9999 -9999 -9999 -9999 -9999 -9999 -9999 -9999 -9999 -9999 -9999 -9999 -9999 -9999 -9999 -9999 -9999 -9999 -9999 -9999 -9999 -9999 -9999 -9999 -9999 -9999 -9999 -9999 -9999 35.6811370849609 35.6823883056641 35.6853179931641 35.6891059875488
34.7644844055176 35.0021324157715 35.2770042419434 35.4112968444824 35.5732078552246 35.7423706054688 35.797550201416 35.8881034851074 35.9790687561035 35.9830627441406 35.9807395935059 35.9603614807129 35.934814453125 35.8720932006836 35.828685760498 -9999 -9999 -9999 -9999 -9999 -9999 -9999 -9999 -9999 -9999 -9999 -9999 -9999 -9999 -9999 -9999 -9999 -9999 -9999 -9999 -9999 -9999 -9999 -9999 -9999 -9999 -9999 -9999 -9999 -9999 -9999 -9999 -9999 -9999 -9999 -9999 35.6699104309082 35.6682929992676 35.664005279541 35.6635856628418 35.6599349975586 35.6673851013184
34.663402557373 34.9484825134277 35.1743087768555 35.332088470459 35.526683807373 35.6421813964844 35.7501029968262 35.8628311157227 35.9148597717285 35.9608383178711 35.9703636169434 35.9404258728027 35.914867401123 35.866943359375 35.8252487182617 -9999 -9999 -9999 -9999 -9999 -9999 -9999 -9999 -9999 -9999 -9999 -9999 -9999 -9999 -9999 -9999 -9999 -9999 -9999 -9999 -9999 -9999 -9999 -9999 -9999 -9999 -9999 -9999 -9999 -9999 -9999 -9999 -9999 -9999 -9999 -9999 35.6690788269043 35.6674270629883 35.6646270751953 35.6616134643555 35.660572052002 35.6538238525391
34.5263786315918 34.8013229370117 35.0329399108887 35.110237121582 35.3613319396973 35.5484924316406 35.5983810424805 35.7508850097656 35.8306007385254 35.8498954772949 35.8900413513184 35.8833236694336 35.8663749694824 35.8419342041016 35.8269386291504 -9999 -9999 -9999 -9999 -9999 -9999 -9999 -9999 -9999 -9999 -9999 -9999 -9999 -9999 -9999 -9999 -9999 -9999 -9999 -9999 -9999 -9999 -9999 -9999 -9999 -9999 -9999 -9999 -9999 -9999 -9999 -9999 -9999 -9999 -9999 -9999 35.6687126159668 35.6676826477051 35.6661071777344 35.6649589538574 35.6542167663574 35.65185546875
