G_variables/Set1/RCP2_2100/Sur_tem_min.asc
NCOLS 229 
NROWS 147 
XLLCORNER -101.25 
YLLCORNER 14.3333333333333 
CELLSIZE 0.0833333333333333 
NODATA_value -9999 
[rows 52 to 77 of 147, columns 114 to 170 of 229]
22.5469455718994 22.5422801971436 22.5246086120605 22.5346012115479 22.5320148468018 22.554500579834 22.5820617675781 22.6087284088135 22.6383380889893 22.6745014190674 22.6646404266357 22.6651802062988 22.6894683837891 22.6757202148438 22.695011138916 22.7155799865723 22.719310760498 22.7107448577881 22.7296180725098 22.7581615447998 22.768217086792 22.7857456207275 22.7686023712158 22.7560729980469 22.7540607452393 22.7312297821045 22.7169361114502 22.6805362701416 22.6697063446045 22.6492805480957 22.6198139190674 22.5916576385498 22.5537128448486 22.5434703826904 22.6039772033691 22.6398010253906 22.6677150726318 22.6824798583984 22.7092590332031 22.7420234680176 22.759693145752 22.7733097076416 22.827449798584 22.8354244232178 22.8568820953369 22.9587306976318 22.9995632171631 23.0591869354248 23.2029838562012 23.2729358673096 23.3413238525391 23.549690246582 23.5942211151123 23.6743488311768 23.8982086181641 23.9424781799316 24.0559272766113
22.5536003112793 22.5626850128174 22.5491046905518 22.5408306121826 22.55393409729 22.5686931610107 22.5766353607178 22.6147117614746 22.640661239624 22.6547031402588 22.6661396026611 22.6762866973877 22.667594909668 22.6994819641113 22.7135467529297 22.7139625549316 22.7423362731934 22.7350044250488 22.7322978973389 22.7478981018066 22.7565040588379 22.7521266937256 22.7654037475586 22.7469596862793 22.7529735565186 22.7524642944336 22.7242202758789 22.6971416473389 22.6651573181152 22.6431427001953 22.6231956481934 22.5942649841309 22.582592010498 22.5680160522461 22.6134433746338 22.6335525512695 22.6569366455078 22.6637363433838 22.7062168121338 22.7284030914307 22.7235870361328 22.7813148498535 22.7963542938232 22.7961521148682 22.8875331878662 22.9240856170654 22.9624176025391 23.0820198059082 23.1430683135986 23.2455406188965 23.3959560394287 23.4723587036133 23.5744705200195 23.7251987457275 23.8077278137207 23.9224185943604 24.1558837890625
22.5618000030518 22.5621318817139 22.5515022277832 22.5542011260986 22.5636672973633 22.5736618041992 22.5914707183838 22.6087665557861 22.6161422729492 22.661865234375 22.6741619110107 22.6720104217529 22.6803779602051 22.6916999816895 22.6922969818115 22.7252445220947 22.734468460083 22.7358264923096 22.7346420288086 22.7302494049072 22.7369480133057 22.7432918548584 22.7467098236084 22.7586708068848 22.7351264953613 22.7298755645752 22.7179164886475 22.6851673126221 22.6703605651855 22.6429481506348 22.6215953826904 22.6105518341064 22.6209239959717 22.6036548614502 22.6206703186035 22.6267490386963 22.6643257141113 22.6868057250977 22.7020263671875 22.7341461181641 22.7541236877441 22.7807331085205 22.8266544342041 22.8424968719482 22.8812732696533 22.9638175964355 22.9917812347412 23.0540294647217 23.1831073760986 23.2780151367188 23.3530178070068 23.5259876251221 23.6073532104492 23.6375751495361 23.8856410980225 23.9378566741943 24.0600910186768
22.6089706420898 22.614574432373 22.6054611206055 22.6085910797119 22.6124744415283 22.6226634979248 22.647045135498 22.6590957641602 22.6673488616943 22.6875705718994 22.696310043335 22.7051391601562 22.7373561859131 22.7267227172852 22.7279357910156 22.7387523651123 22.7556667327881 22.7544803619385 22.7506294250488 22.7429447174072 22.7400665283203 22.7328510284424 22.7422904968262 22.731559753418 22.7215404510498 22.712646484375 22.6931648254395 22.6724586486816 22.6625804901123 22.654712677002 22.6386661529541 22.6339130401611 22.6315174102783 22.6243267059326 22.630069732666 22.6434345245361 22.6664905548096 22.6825218200684 22.7199897766113 22.7635593414307 22.7826404571533 22.7919330596924 22.84787940979 22.8695964813232 22.8803520202637 22.9618396759033 23.0027446746826 23.0379295349121 23.1814403533936 23.2327919006348 23.3232460021973 23.4883861541748 23.5671157836914 23.6163024902344 23.8664112091064 23.9880809783936 24.0634670257568
22.6224346160889 22.5920219421387 22.6107177734375 22.6163558959961 22.6021480560303 22.6330394744873 22.6492919921875 22.6661911010742 22.678991317749 22.6779594421387 22.7013130187988 22.7164363861084 22.7263774871826 22.7515106201172 22.7346267700195 22.7283191680908 22.7460823059082 22.7532691955566 22.7512950897217 22.7504463195801 22.7329082489014 22.7398490905762 22.73073387146 22.7103424072266 22.6958789825439 22.6810894012451 22.6752166748047 22.6798725128174 22.6653728485107 22.6611461639404 22.6394481658936 22.6151542663574 22.6422882080078 22.6284408569336 22.6180648803711 22.6536960601807 22.6734657287598 22.6766033172607 22.7446269989014 22.7659664154053 22.7743282318115 22.8208427429199 22.8419151306152 22.8419895172119 22.9110050201416 22.9410724639893 22.9495620727539 23.0888290405273 23.1382484436035 23.1937198638916 23.3426151275635 23.432580947876 23.4963989257812 23.6835842132568 23.7715854644775 23.8699760437012 24.1706199645996
22.6290493011475 22.621940612793 22.6247806549072 22.6295223236084 22.6345233917236 22.6414928436279 22.6671504974365 22.6770839691162 22.6798152923584 22.6890277862549 22.6906604766846 22.7079563140869 22.7274379730225 22.7368965148926 22.7502994537354 22.7237205505371 22.7260475158691 22.7248096466064 22.7289848327637 22.7463188171387 22.7398414611816 22.7281017303467 22.7228908538818 22.7043800354004 22.6817111968994 22.6664276123047 22.6763324737549 22.6637592315674 22.6637172698975 22.6611270904541 22.6575012207031 22.6383380889893 22.6497135162354 22.6407814025879 22.6491947174072 22.6657104492188 22.6985473632812 22.730094909668 22.7561569213867 22.8002166748047 22.8193969726562 22.8336639404297 22.8859882354736 22.8972988128662 22.9163017272949 23.0030155181885 23.0204086303711 23.076810836792 23.186954498291 23.2642021179199 23.3110809326172 23.4803276062012 23.5409984588623 23.629825592041 23.8769588470459 23.9710884094238 24.1072082519531
22.6642169952393 22.6586494445801 22.6593341827393 22.6701679229736 22.6787624359131 22.6847305297852 22.7084197998047 22.7150592803955 22.7187156677246 22.7361660003662 22.7304801940918 22.7185516357422 22.744478225708 22.7519073486328 22.7544555664062 22.732873916626 22.7301635742188 22.7258815765381 22.7231388092041 22.7448902130127 22.7406539916992 22.7243957519531 22.7202339172363 22.7080593109131 22.6751880645752 22.6550045013428 22.6552810668945 22.6577243804932 22.6687088012695 22.6776161193848 22.6747417449951 22.6717205047607 22.6810321807861 22.6825351715088 22.6877555847168 22.7132091522217 22.7556171417236 22.7807598114014 22.8019905090332 22.8381500244141 22.856559753418 22.8866481781006 22.9008235931396 22.9434185028076 22.9894046783447 23.0143966674805 23.082893371582 23.1376686096191 23.209566116333 23.3001976013184 23.338960647583 23.5015850067139 23.5815544128418 23.6495971679688 23.913553237915 23.9793739318848 24.1723461151123
22.6808414459229 22.6562976837158 22.6690006256104 22.6725063323975 22.6846942901611 22.6963233947754 22.7092170715332 22.7381362915039 22.7442016601562 22.7445621490479 22.7539329528809 22.7455234527588 22.7440738677979 22.7622718811035 22.743200302124 22.7462730407715 22.7295093536377 22.7269039154053 22.7249164581299 22.7457408905029 22.7392826080322 22.7270412445068 22.7152557373047 22.7026557922363 22.6752738952637 22.6111717224121 22.609619140625 22.6473388671875 22.6485900878906 22.6751747131348 22.6818237304688 22.666353225708 22.6948719024658 22.693489074707 22.6890258789062 22.7365970611572 22.7689990997314 22.8013439178467 22.8142871856689 22.8547267913818 22.9103984832764 22.8982772827148 22.9223442077637 22.9884605407715 23.0011940002441 23.0692024230957 23.0979080200195 23.1495380401611 23.2218608856201 23.3238925933838 23.4135227203369 23.4718894958496 23.5488758087158 23.7466602325439 23.857177734375 23.9660320281982 24.3111610412598
22.6799755096436 22.6791362762451 22.6781539916992 22.6807746887207 22.6891937255859 22.7021102905273 22.7234649658203 22.7422885894775 22.7469654083252 22.7630462646484 22.7646293640137 22.7588138580322 22.7576885223389 22.7502403259277 22.7498455047607 22.744930267334 22.7438869476318 22.7347755432129 22.7305393218994 22.7359199523926 22.7334136962891 22.7266330718994 22.7162208557129 22.7099723815918 22.6860179901123 22.6505489349365 22.6357364654541 22.6646060943604 22.6833305358887 22.6933879852295 22.7133045196533 22.7156372070312 22.7141380310059 22.7271270751953 22.7430763244629 22.7626037597656 22.7865829467773 22.8089466094971 22.8426761627197 22.8687381744385 22.9068489074707 22.9287815093994 -9999 -9999 23.0379772186279 23.0906505584717 23.1439571380615 23.2236251831055 23.2643127441406 23.3407306671143 23.4293651580811 23.5275268554688 23.5876693725586 23.7050132751465 24.0009441375732 24.1352958679199 24.244421005249
22.714391708374 22.7074813842773 22.7062473297119 22.7085781097412 22.7194232940674 22.7307567596436 22.7582416534424 22.7754669189453 22.7864322662354 22.796911239624 22.7978248596191 22.7815475463867 22.7843551635742 22.7800769805908 22.7493152618408 22.7437801361084 22.7376270294189 22.7280426025391 22.7276611328125 22.739725112915 22.7413158416748 22.7422733306885 22.7308673858643 22.7185726165771 22.7149448394775 22.7054748535156 22.6971549987793 22.7035789489746 22.7203273773193 22.7369518280029 22.7426166534424 22.7547798156738 22.7498321533203 22.7715167999268 22.7864475250244 22.8013591766357 22.8217124938965 22.8401279449463 -9999 -9999 -9999 -9999 -9999 -9999 -9999 -9999 -9999 -9999 -9999 -9999 23.4836921691895 23.5756874084473 23.7409992218018 23.8172302246094 24.0087070465088 24.231782913208 -9999
22.7289352416992 22.6937465667725 22.7114372253418 22.7142009735107 22.7166442871094 22.7418880462646 22.7616939544678 22.7988433837891 22.8219947814941 22.8249359130859 22.8165054321289 22.7932510375977 22.7935028076172 22.779275894165 22.772439956665 22.7457599639893 22.7333946228027 22.7359066009521 22.7358741760254 22.7347030639648 22.7535667419434 22.7578659057617 22.7486152648926 22.732442855835 22.7211227416992 22.7604866027832 22.73415184021 22.746187210083 22.7871856689453 22.7637538909912 22.7675075531006 22.8033542633057 22.7625961303711 22.7811412811279 22.8560638427734 -9999 -9999 -9999 -9999 -9999 -9999 -9999 -9999 -9999 -9999 -9999 -9999 -9999 -9999 -9999 -9999 -9999 -9999 -9999 -9999 -9999 -9999
22.7277355194092 22.7264137268066 22.7274341583252 22.7184162139893 22.7264575958252 22.7428569793701 22.768138885498 22.7896690368652 22.819408416748 22.8307456970215 22.819465637207 22.8010177612305 22.7953701019287 22.785961151123 22.7792358398438 22.7462062835693 22.7407627105713 22.7390193939209 22.7473449707031 22.7399921417236 22.7536430358887 22.765157699585 22.7548046112061 22.7408447265625 22.7326049804688 22.7520866394043 22.7707214355469 22.7661914825439 -9999 -9999 -9999 -9999 -9999 -9999 -9999 -9999 -9999 -9999 -9999 -9999 -9999 -9999 -9999 -9999 -9999 -9999 -9999 -9999 -9999 -9999 -9999 -9999 -9999 -9999 -9999 -9999 -9999
22.7550411224365 22.7470836639404 22.7489967346191 22.7419300079346 22.7443199157715 22.7573299407959 22.7782649993896 22.7919216156006 22.80784034729 22.8171005249023 22.8235359191895 22.8180484771729 22.7945709228516 22.7711868286133 22.7600250244141 22.7217102050781 22.7167224884033 22.7276077270508 22.725700378418 22.7298316955566 22.7523078918457 22.7620182037354 22.7550468444824 -9999 -9999 -9999 -9999 -9999 -9999 -9999 -9999 -9999 -9999 -9999 -9999 -9999 -9999 -9999 -9999 -9999 -9999 -9999 -9999 -9999 -9999 -9999 -9999 -9999 -9999 -9999 -9999 -9999 -9999 -9999 -9999 -9999 -9999
22.7709579467773 22.7426471710205 22.7520275115967 22.7466583251953 22.7260704040527 22.7534523010254 22.7707710266113 22.7940807342529 22.7974720001221 22.8014068603516 22.8226470947266 22.8108787536621 22.788444519043 22.7973041534424 22.7471618652344 22.7322998046875 22.7236080169678 22.7081680297852 22.7221775054932 22.7310638427734 22.7357997894287 -9999 -9999 -9999 -9999 -9999 -9999 -9999 -9999 -9999 -9999 -9999 -9999 -9999 -9999 -9999 -9999 -9999 -9999 -9999 -9999 -9999 -9999 -9999 -9999 -9999 -9999 -9999 -9999 -9999 -9999 -9999 -9999 -9999 -9999 -9999 -9999
22.7587947845459 22.7534656524658 22.7529067993164 22.7348194122314 22.7415180206299 22.7493019104004 22.7684745788574 22.7776145935059 22.7864265441895 22.7837810516357 22.7814044952393 22.8087539672852 22.762378692627 22.7521286010742 22.7400131225586 22.7215995788574 22.7132244110107 22.6937828063965 -9999 -9999 -9999 -9999 -9999 -9999 -9999 -9999 -9999 -9999 -9999 -9999 -9999 -9999 -9999 -9999 -9999 -9999 -9999 -9999 -9999 -9999 -9999 -9999 -9999 -9999 -9999 -9999 -9999 -9999 -9999 -9999 -9999 -9999 -9999 -9999 -9999 -9999 -9999
22.7855796813965 22.7791423797607 22.7736473083496 22.7576446533203 22.757740020752 22.7624759674072 22.775577545166 22.7791728973389 22.7873096466064 22.7834129333496 22.78883934021 22.7952136993408 22.7406463623047 22.7260494232178 22.7051849365234 22.6875782012939 22.6720790863037 -9999 -9999 -9999 -9999 -9999 -9999 -9999 -9999 -9999 -9999 -9999 -9999 -9999 -9999 -9999 -9999 -9999 -9999 -9999 -9999 -9999 -9999 -9999 -9999 -9999 -9999 -9999 -9999 -9999 -9999 -9999 -9999 -9999 -9999 -9999 -9999 -9999 -9999 -9999 -9999
22.7851428985596 22.7473411560059 22.7567977905273 22.7610931396484 22.7453346252441 22.7638664245605 22.7708511352539 22.7816982269287 22.7686443328857 22.7715740203857 22.8189525604248 22.7611675262451 22.7311820983887 22.6730823516846 22.6903553009033 22.6687412261963 22.6082305908203 -9999 -9999 -9999 -9999 -9999 -9999 -9999 -9999 -9999 -9999 -9999 -9999 -9999 -9999 -9999 -9999 -9999 -9999 -9999 -9999 -9999 -9999 -9999 -9999 -9999 -9999 -9999 -9999 -9999 -9999 -9999 -9999 -9999 -9999 -9999 -9999 -9999 -9999 -9999 -9999
22.7826557159424 22.7733325958252 22.765043258667 22.7643375396729 22.7622051239014 22.7643966674805 22.7653999328613 22.7663688659668 22.7713184356689 22.7477531433105 22.76686668396 22.7733573913574 22.7107524871826 22.6962604522705 22.682710647583 22.6841888427734 22.6705894470215 -9999 -9999 -9999 -9999 -9999 -9999 -9999 -9999 -9999 -9999 -9999 -9999 -9999 -9999 -9999 -9999 -9999 -9999 -9999 -9999 -9999 -9999 -9999 -9999 -9999 -9999 -9999 -9999 -9999 -9999 -9999 -9999 -9999 -9999 -9999 -9999 -9999 -9999 -9999 -9999
22.8158264160156 22.8068618774414 22.7980365753174 22.786792755127 22.7893600463867 22.788143157959 22.7858467102051 22.7688770294189 22.7651100158691 22.7572078704834 22.7439060211182 22.7517395019531 22.6989002227783 22.6748828887939 22.6895198822021 22.6748046875 -9999 -9999 -9999 -9999 -9999 -9999 -9999 -9999 -9999 -9999 -9999 -9999 -9999 -9999 -9999 -9999 -9999 -9999 -9999 -9999 -9999 -9999 -9999 -9999 -9999 -9999 -9999 -9999 -9999 -9999 -9999 -9999 -9999 -9999 -9999 -9999 -9999 -9999 -9999 -9999 26.2783317565918
22.8374919891357 22.7968521118164 22.8008117675781 22.7963733673096 22.7904472351074 22.7883758544922 22.7836208343506 22.7901515960693 22.7688179016113 22.7557716369629 22.7617435455322 22.7268238067627 22.6905822753906 22.6546230316162 22.6843929290771 22.6772899627686 -9999 -9999 -9999 -9999 -9999 -9999 -9999 -9999 -9999 -9999 -9999 -9999 -9999 -9999 -9999 -9999 -9999 -9999 -9999 -9999 -9999 -9999 -9999 -9999 -9999 -9999 -9999 -9999 -9999 -9999 -9999 -9999 -9999 -9999 -9999 -9999 -9999 -9999 -9999 26.2966899871826 26.3090133666992
22.8458652496338 22.8385257720947 22.819580078125 22.7990627288818 22.7957000732422 22.7996253967285 22.7718544006348 22.7647857666016 22.7706890106201 22.7298622131348 22.7304821014404 22.7201175689697 22.70290184021 22.6792507171631 22.6789207458496 -9999 -9999 -9999 -9999 -9999 -9999 -9999 -9999 -9999 -9999 -9999 -9999 -9999 -9999 -9999 -9999 -9999 -9999 -9999 -9999 -9999 -9999 -9999 -9999 -9999 -9999 -9999 -9999 -9999 -9999 -9999 -9999 -9999 -9999 -9999 -9999 -9999 -9999 -9999 26.2980155944824 26.3082485198975 26.3242683410645
22.9001731872559 22.8835277557373 22.8781394958496 22.8467273712158 22.840461730957 22.8213539123535 22.7839412689209 22.7478866577148 22.7416725158691 22.6999359130859 22.7301082611084 22.7309646606445 22.6982116699219 22.6995468139648 22.7074966430664 22.6878547668457 -9999 -9999 -9999 -9999 -9999 -9999 -9999 -9999 -9999 -9999 -9999 -9999 -9999 -9999 -9999 -9999 -9999 -9999 -9999 -9999 -9999 -9999 -9999 -9999 -9999 -9999 -9999 -9999 -9999 -9999 -9999 -9999 -9999 -9999 -9999 -9999 -9999 26.3104476928711 26.3213539123535 26.3179626464844 26.3364734649658
22.9230117797852 22.8873500823975 22.8801822662354 22.8741245269775 22.8697566986084 22.819860458374 22.7891998291016 22.774600982666 22.7340564727783 22.7404899597168 22.7167930603027 22.7195587158203 22.7119483947754 22.6804237365723 22.7114582061768 -9999 -9999 -9999 -9999 -9999 -9999 -9999 -9999 -9999 -9999 -9999 -9999 -9999 -9999 -9999 -9999 -9999 -9999 -9999 -9999 -9999 -9999 -9999 -9999 -9999 -9999 -9999 -9999 -9999 -9999 -9999 -9999 -9999 -9999 -9999 -9999 -9999 -9999 26.3093128204346 26.3191432952881 26.3089942932129 26.3358783721924
22.9359722137451 22.9247703552246 22.9179191589355 22.8741512298584 22.8605308532715 22.8396377563477 22.7973823547363 22.7782020568848 22.7637882232666 22.7391262054443 22.7261371612549 22.7415828704834 22.7172374725342 22.7059497833252 22.7183132171631 -9999 -9999 -9999 -9999 -9999 -9999 -9999 -9999 -9999 -9999 -9999 -9999 -9999 -9999 -9999 -9999 -9999 -9999 -9999 -9999 -9999 -9999 -9999 -9999 -9999 -9999 -9999 -9999 -9999 -9999 -9999 -9999 -9999 -9999 -9999 -9999 26.2421340942383 26.2539672851562 26.3069591522217 26.331823348999 26.3375301361084 26.3454399108887
23.015308380127 23.0065288543701 22.9805068969727 22.9305171966553 22.8911895751953 22.8783054351807 22.8166007995605 22.7971572875977 22.7962265014648 22.7483253479004 22.7419834136963 22.7314968109131 22.7382278442383 22.742603302002 22.7632255554199 -9999 -9999 -9999 -9999 -9999 -9999 -9999 -9999 -9999 -9999 -9999 -9999 -9999 -9999 -9999 -9999 -9999 -9999 -9999 -9999 -9999 -9999 -9999 -9999 -9999 -9999 -9999 -9999 -9999 -9999 -9999 -9999 -9999 -9999 -9999 -9999 26.2352142333984 26.2503795623779 26.3156795501709 26.3351707458496 26.348991394043 26.3851165771484
23.0438499450684 23.01926612854 22.9836292266846 22.9604034423828 22.9478893280029 22.8750400543213 22.8365459442139 22.7787914276123 22.7858123779297 22.7697143554688 22.7144298553467 22.7329540252686 22.7532291412354 22.7411022186279 22.7670860290527 -9999 -9999 -9999 -9999 -9999 -9999 -9999 -9999 -9999 -9999 -9999 -9999 -9999 -9999 -9999 -9999 -9999 -9999 -9999 -9999 -9999 -9999 -9999 -9999 -9999 -9999 -9999 -9999 -9999 -9999 -9999 -9999 -9999 -9999 -9999 -9999 26.2164993286133 26.2652740478516 26.2737655639648 26.3400382995605 26.3909301757812 26.4078712463379
