G_variables/Set1/RCP2_2050/Min_tem_max.asc
NCOLS 229 
NROWS 147 
XLLCORNER -101.25 
YLLCORNER 14.3333333333333 
CELLSIZE 0.0833333333333333 
NODATA_value -9999 
[rows 78 to 103 of 147, columns 171 to 227 of 229]
5.23419427871704 4.82351589202881 4.56179332733154 4.8299994468689 14.4923410415649 15.7648105621338 9.36794757843018 10.6491775512695 4.37092399597168 3.65350246429443 3.62980389595032 3.62274074554443 3.59621572494507 3.59623384475708 3.59623432159424 3.5964241027832 3.59641027450562 3.58848786354065 3.58848285675049 3.59640884399414 3.59641289710999 3.59388399124146 3.5963716506958 3.59637236595154 -9999 -9999 -9999 -9999 -9999 -9999 -9999 -9999 -9999 -9999 -9999 -9999 -9999 -9999 -9999 -9999 -9999 -9999 -9999 -9999 -9999 -9999 -9999 -9999 -9999 -9999 -9999 -9999 -9999 -9999 -9999 -9999 -9999
5.23752689361572 4.78379106521606 4.5626335144043 10.2604217529297 9.21481609344482 7.21614599227905 4.15357255935669 4.2831826210022 3.65295958518982 3.66002941131592 3.5883584022522 3.59624981880188 3.59625506401062 3.59644818305969 3.59644556045532 3.58850717544556 3.58850812911987 3.5936918258667 3.59390926361084 3.59641933441162 3.59641885757446 3.59388947486877 3.58896160125732 3.59032225608826 3.59636998176575 -9999 -9999 -9999 -9999 -9999 -9999 -9999 -9999 -9999 -9999 -9999 -9999 -9999 -9999 -9999 -9999 -9999 -9999 -9999 -9999 -9999 -9999 -9999 -9999 -9999 -9999 -9999 -9999 -9999 -9999 -9999 -9999
4.79441118240356 4.55838251113892 4.85872745513916 10.181077003479 10.187159538269 3.90696215629578 3.81466293334961 3.67715454101562 3.64332008361816 3.58856987953186 3.59626531600952 3.59625625610352 3.59644508361816 3.5964469909668 3.5964515209198 3.5964412689209 3.5964457988739 3.59644412994385 3.59643602371216 3.59644746780396 3.59642887115479 3.59642124176025 3.58912062644958 3.59096837043762 3.59392023086548 3.59643077850342 -9999 -9999 -9999 -9999 -9999 -9999 -9999 -9999 -9999 -9999 -9999 -9999 -9999 -9999 -9999 -9999 -9999 -9999 -9999 -9999 -9999 -9999 -9999 -9999 -9999 -9999 -9999 -9999 -9999 -9999 -9999
4.81292009353638 4.50983476638794 4.31315898895264 5.65692329406738 4.36156845092773 4.79651355743408 3.61430287361145 3.59632539749146 3.58841323852539 3.59626173973083 3.59646344184875 3.59646224975586 3.59645414352417 3.59645676612854 3.59645748138428 3.59646320343018 3.5964663028717 3.5964560508728 3.59645819664001 3.58820796012878 3.58805990219116 3.58833909034729 3.59648728370667 3.59648704528809 3.5964834690094 3.59645795822144 3.59642720222473 -9999 -9999 -9999 -9999 -9999 -9999 -9999 -9999 -9999 -9999 -9999 -9999 -9999 -9999 -9999 -9999 -9999 -9999 -9999 -9999 -9999 -9999 -9999 -9999 -9999 -9999 -9999 -9999 -9999 -9999
5.19809103012085 5.21070718765259 4.31201410293579 3.99563527107239 4.51310729980469 5.24201202392578 3.61411023139954 3.59626221656799 3.59626364707947 3.59646201133728 3.59530687332153 3.59647417068481 3.59646797180176 3.59646558761597 3.5964617729187 3.59646201133728 3.58895611763 3.5794723033905 3.58772253990173 3.58818006515503 3.58908843994141 3.59652185440063 3.59650444984436 3.5964949131012 3.59647822380066 3.59647440910339 3.59646248817444 -9999 -9999 -9999 -9999 -9999 -9999 -9999 -9999 -9999 -9999 -9999 -9999 -9999 -9999 -9999 -9999 -9999 -9999 -9999 -9999 -9999 -9999 -9999 -9999 -9999 -9999 -9999 -9999 -9999 -9999
6.22675943374634 5.26371431350708 6.26860570907593 4.77144908905029 5.64137315750122 4.56440496444702 3.65926218032837 3.59646987915039 3.59374356269836 3.59609127044678 3.58850693702698 3.58854389190674 3.58876395225525 3.5964777469635 3.59647536277771 3.58819007873535 3.58806729316711 3.57960200309753 3.57961845397949 3.58817648887634 3.58834266662598 3.59652948379517 3.59651947021484 3.59650111198425 3.59649348258972 3.59646558761597 3.59646487236023 3.58898854255676 -9999 -9999 -9999 -9999 -9999 -9999 -9999 -9999 -9999 -9999 -9999 -9999 -9999 -9999 -9999 -9999 -9999 -9999 -9999 -9999 -9999 -9999 -9999 -9999 -9999 -9999 -9999 -9999 -9999
5.17915058135986 4.82519626617432 7.9732518196106 5.1657772064209 4.31264925003052 3.98789501190186 3.58855414390564 3.58867120742798 3.58854794502258 3.59646821022034 3.58854579925537 3.58876276016235 3.5862717628479 3.59647226333618 3.59647560119629 3.59653234481812 3.59654116630554 3.58884143829346 3.58399772644043 3.58778023719788 3.58836436271667 3.5965588092804 3.5965404510498 3.59651613235474 3.58897352218628 3.594233751297 3.59649968147278 3.59647369384766 3.59645509719849 3.59642767906189 3.59652638435364 3.59648275375366 -9999 -9999 -9999 -9999 -9999 -9999 -9999 -9999 -9999 -9999 -9999 -9999 -9999 -9999 -9999 -9999 -9999 -9999 -9999 -9999 -9999 -9999 -9999 -9999 -9999
4.14267301559448 3.99092936515808 3.75507378578186 3.64281392097473 3.6303825378418 3.5960967540741 3.59648489952087 3.59647727012634 3.59647965431213 3.59396696090698 3.58878231048584 3.58876538276672 3.59647679328918 3.59647965431213 3.59654378890991 3.5888078212738 3.59099912643433 3.58879256248474 3.58822512626648 3.58806753158569 3.59655261039734 3.59654784202576 3.59654068946838 3.58900737762451 3.58880496025085 3.58901262283325 3.58900022506714 3.59421157836914 3.59656667709351 3.59656691551208 3.59415578842163 3.59363389015198 3.59578204154968 3.59574198722839 3.59353137016296 3.58881258964539 3.62982559204102 3.65593123435974 3.65595865249634 -9999 -9999 -9999 -9999 -9999 -9999 -9999 -9999 -9999 -9999 -9999 -9999 -9999 -9999 -9999 -9999 -9999 -9999
4.15520095825195 4.1444263458252 3.70656394958496 3.6419198513031 3.62891912460327 3.59648370742798 3.59648084640503 3.59648084640503 3.59648394584656 3.59647631645203 3.59647583961487 3.5964777469635 3.59653759002686 3.58879518508911 3.58878207206726 3.58877396583557 3.58910322189331 3.58887505531311 3.58896994590759 3.5965883731842 3.59656190872192 3.59656167030334 3.59653997421265 3.59095072746277 3.58901715278625 3.58897233009338 3.58879399299622 3.58897042274475 3.5958833694458 3.59586310386658 3.58894991874695 3.59365773200989 3.59580111503601 3.59575271606445 3.62334084510803 3.6292839050293 3.65686774253845 3.64928793907166 3.64901542663574 3.65787959098816 3.65560603141785 3.65530157089233 3.65603542327881 -9999 -9999 -9999 -9999 -9999 -9999 -9999 -9999 -9999 -9999 -9999 -9999 -9999 -9999
4.13945960998535 4.14091157913208 3.7065896987915 3.62260365486145 3.59629559516907 3.59648275375366 3.59648847579956 3.59649252891541 3.59649538993835 3.59649038314819 3.59655070304871 3.59654545783997 3.59655618667603 3.58881020545959 3.58887219429016 3.59654974937439 3.58888363838196 3.58886647224426 3.59657073020935 3.58903884887695 3.59429264068604 3.59656357765198 3.59428310394287 3.59059429168701 3.58923029899597 3.58904123306274 3.58995127677917 3.59374618530273 3.59588551521301 3.59613490104675 3.62391996383667 3.59339809417725 3.59556770324707 3.58865547180176 3.62922739982605 3.65233111381531 3.61807084083557 3.61968922615051 3.6190938949585 3.65638303756714 3.65066719055176 3.65136289596558 3.61733341217041 3.61745882034302 -9999 -9999 -9999 -9999 -9999 -9999 -9999 -9999 -9999 -9999 -9999 -9999 -9999
4.77674627304077 4.25754737854004 3.63247895240784 3.59375882148743 3.59649515151978 3.59649443626404 3.59650039672852 3.59650039672852 3.59655499458313 3.5965564250946 3.59656190872192 3.59655475616455 3.59655547142029 3.59655261039734 3.59655356407166 3.59655690193176 3.59655427932739 3.59657454490662 3.58907747268677 3.59618139266968 3.5888340473175 3.58821415901184 3.59428763389587 3.58906960487366 3.58901429176331 3.59377121925354 3.5893087387085 3.58921718597412 3.58898687362671 3.59615683555603 3.62329816818237 3.65008878707886 3.64595770835876 3.65629363059998 3.64588189125061 3.61998796463013 3.67077612876892 3.69201040267944 3.66328072547913 3.64158964157104 3.65606689453125 3.65132808685303 3.65649819374084 3.6247444152832 3.62439131736755 -9999 -9999 -9999 -9999 -9999 -9999 -9999 -9999 -9999 -9999 -9999 -9999
26.6084976196289 6.20557737350464 3.80714464187622 3.58885669708252 3.5964937210083 3.59398484230042 3.59404301643372 3.59655690193176 3.5965621471405 3.59656167030334 3.59656047821045 3.59655785560608 3.59655070304871 3.59654998779297 3.59655904769897 3.59656047821045 3.59655928611755 3.59655475616455 3.5890679359436 3.58906102180481 3.58883094787598 3.59646844863892 3.59596157073975 3.59596180915833 3.59596180915833 3.59377431869507 3.59162569046021 3.59153890609741 3.58894968032837 3.64234137535095 3.62879967689514 3.64491176605225 3.64585018157959 3.61865210533142 3.61136722564697 3.6279444694519 3.72122812271118 3.74072694778442 3.69702291488647 3.64098429679871 3.62576127052307 3.6254289150238 3.61084651947021 3.62593293190002 3.62896227836609 3.61546659469604 -9999 -9999 -9999 -9999 -9999 -9999 -9999 -9999 -9999 -9999 -9999
19.0469951629639 5.14068412780762 3.80659794807434 3.59659624099731 3.59404540061951 3.59404873847961 3.59404301643372 3.59655404090881 3.59655213356018 3.59655475616455 3.59655594825745 3.59655690193176 3.59655737876892 3.59656047821045 3.59655904769897 3.59656500816345 3.59655928611755 3.59634208679199 3.59428763389587 3.5890748500824 3.58904385566711 3.5959734916687 3.59597229957581 3.59595417976379 3.59595680236816 3.58903956413269 3.5904483795166 3.5894033908844 3.62298679351807 3.62081861495972 3.62846493721008 3.63255310058594 3.64536499977112 3.64600324630737 3.62025690078735 3.64327192306519 3.72013974189758 3.74036073684692 3.78865671157837 3.73791217803955 3.71720170974731 3.66139698028564 3.61831498146057 3.66021800041199 3.66677474975586 3.66697931289673 -9999 -9999 -9999 -9999 -9999 -9999 -9999 -9999 -9999 -9999 -9999
4.29211091995239 3.73679852485657 3.6780948638916 3.62860798835754 3.58885335922241 3.5889139175415 3.59655117988586 3.59655284881592 3.59655022621155 3.59655022621155 3.59655165672302 3.59655714035034 3.59656143188477 3.59656357765198 3.59656357765198 3.59634184837341 3.59634160995483 3.59645342826843 3.59596538543701 3.59597229957581 3.59597015380859 3.59596681594849 3.59596705436707 3.59596085548401 3.59565305709839 3.59317469596863 3.59316897392273 3.59506297111511 3.62323141098022 3.6188633441925 3.79667973518372 3.69578266143799 3.65736889839172 3.64562845230103 3.62043166160583 3.6980459690094 6.04276084899902 22.6041526794434 29.1613349914551 21.1630420684814 11.776967048645 3.88890743255615 3.63894748687744 4.13339233398438 4.51128053665161 4.13252019882202 3.66644644737244 -9999 -9999 -9999 -9999 -9999 -9999 -9999 -9999 -9999 -9999
3.86510443687439 3.65212678909302 3.6561439037323 3.65614724159241 3.58886075019836 3.58887267112732 3.59655094146729 3.59411597251892 3.59654855728149 3.59411597251892 3.59654927253723 3.59655547142029 3.58902144432068 3.58902025222778 3.59634447097778 3.59591507911682 3.59595608711243 3.59596705436707 3.59597063064575 3.59598660469055 3.59597110748291 3.59596467018127 3.59565711021423 3.58876395225525 3.58844637870789 3.5885763168335 3.62272071838379 3.62268805503845 3.62246060371399 3.64284491539001 3.72601556777954 3.61872291564941 3.65098714828491 3.62040185928345 3.68587636947632 18.3448238372803 30.8361206054688 30.8494930267334 30.8564205169678 29.9065647125244 7.74609184265137 3.89002799987793 3.69395327568054 4.50883340835571 25.7867336273193 23.8761367797852 4.53304481506348 6.04037666320801 -9999 -9999 -9999 -9999 -9999 -9999 -9999 -9999 -9999
3.90598368644714 3.62922620773315 3.58886361122131 3.58886861801147 3.58886098861694 3.59389305114746 3.58864283561707 3.5888831615448 3.59412050247192 3.59633851051331 3.59633994102478 3.59591269493103 3.58902859687805 3.58905076980591 3.59378719329834 3.59595990180969 3.59596419334412 3.59596252441406 3.59379076957703 3.59380078315735 3.59349417686462 3.59565901756287 3.59534358978271 3.62314319610596 3.62878179550171 3.62869453430176 3.62850379943848 3.62770581245422 3.65658712387085 3.6498281955719 3.67187643051147 3.66455960273743 3.627108335495 3.74191951751709 5.96457815170288 30.7972755432129 30.8110275268555 30.819652557373 30.8290576934814 5.92596960067749 3.96660375595093 4.00108194351196 3.97109293937683 4.50659513473511 30.8726615905762 30.8778305053711 6.03229951858521 4.33626747131348 4.1321873664856 -9999 -9999 -9999 -9999 -9999 -9999 -9999 -9999
3.73572826385498 3.62906837463379 3.59350419044495 3.58843541145325 3.58841800689697 3.58840894699097 3.58893775939941 3.5888729095459 3.58926749229431 3.5934886932373 3.59568214416504 3.59568357467651 3.59572315216064 3.58879590034485 3.59356427192688 3.59573149681091 3.59573221206665 3.59573078155518 3.59327793121338 3.58843183517456 3.58822727203369 3.59235668182373 3.59573316574097 3.64636754989624 3.64652991294861 3.65641021728516 3.64848685264587 3.6430971622467 3.64278173446655 3.64296364784241 3.67171573638916 3.66468167304993 3.69805836677551 8.74726486206055 12.9940729141235 30.5788192749023 28.8120136260986 7.67841911315918 3.97251534461975 4.30271244049072 4.56276416778564 4.344162940979 4.29714822769165 4.2963981628418 13.1241512298584 14.6247224807739 4.29307413101196 3.71784806251526 3.65342903137207 -9999 -9999 -9999 -9999 -9999 -9999 -9999 -9999
8.66046905517578 3.66998338699341 3.58866000175476 3.65568971633911 3.65683031082153 3.58840918540955 3.5889048576355 3.5887987613678 3.58990836143494 3.58855319023132 3.59339499473572 3.59519624710083 3.59519624710083 3.59543561935425 3.59543633460999 3.59543704986572 3.59543752670288 3.59543538093567 3.58884811401367 3.59266090393066 3.58802962303162 3.59521746635437 3.65514779090881 3.61933708190918 3.61921334266663 3.64779233932495 3.64318680763245 3.64288902282715 3.65404844284058 3.64962315559387 3.63104391098022 3.63090896606445 3.73782014846802 5.28889417648315 5.30702495574951 4.56460523605347 18.8415908813477 12.8376970291138 4.82642984390259 5.20929479598999 4.78995800018311 4.29610300064087 4.81223392486572 5.22188997268677 4.74372911453247 4.28964948654175 3.61835169792175 3.61667346954346 3.61629128456116 3.58114385604858 -9999 -9999 -9999 -9999 -9999 -9999 -9999
15.9830045700073 4.285964012146 3.62295722961426 3.63932275772095 3.64539217948914 3.58942103385925 3.58904504776001 3.5892059803009 3.5887815952301 3.59046912193298 3.5882294178009 3.59311628341675 3.59519577026367 3.59519577026367 3.59519696235657 3.59317874908447 3.59482312202454 3.59458351135254 3.59267663955688 3.5922954082489 3.62241220474243 3.61812734603882 3.61901521682739 3.61886858940125 3.64322423934937 3.64294672012329 3.67160248756409 3.67148637771606 3.69336605072021 3.68770599365234 3.6263689994812 3.63074135780334 3.69093775749207 4.26460599899292 28.8268623352051 30.7226219177246 30.7244205474854 11.0339365005493 11.0035152435303 12.6720104217529 7.52309989929199 4.54901504516602 4.5488452911377 4.81243705749512 4.802565574646 3.62788558006287 3.58609700202942 3.58818078041077 3.58366894721985 3.65078616142273 3.65030479431152 -9999 -9999 -9999 -9999 -9999 -9999
9.52277565002441 3.66830110549927 3.58883261680603 3.62917327880859 3.6288754940033 3.58883738517761 3.58874368667603 3.58900332450867 3.58957958221436 3.59054589271545 3.58809328079224 3.58786463737488 3.58809208869934 3.58771681785583 3.59246873855591 3.58768439292908 3.59406590461731 3.58739423751831 3.5880765914917 3.59172892570496 3.5946364402771 3.61880087852478 3.62691497802734 3.62705445289612 3.64628553390503 3.67152738571167 3.61948204040527 5.21117877960205 27.2896595001221 12.417140007019 3.69754958152771 3.72250151634216 6.59969758987427 8.50932025909424 28.5051498413086 30.049861907959 30.6997375488281 6.55636215209961 30.7127628326416 30.7207221984863 12.4800415039062 4.33654165267944 3.63874292373657 3.63819003105164 3.61650538444519 3.57918643951416 3.58595252037048 3.58138370513916 3.5880401134491 3.61104035377502 3.66033029556274 -9999 -9999 -9999 -9999 -9999 -9999
3.65589785575867 3.62265920639038 3.5884416103363 3.58842492103577 3.58829951286316 3.58844351768494 3.58847856521606 3.58842730522156 3.58925652503967 3.59243106842041 3.58739948272705 3.58938717842102 3.58874750137329 3.58735299110413 3.62289929389954 3.65525960922241 3.62902736663818 3.62981605529785 3.62842059135437 3.65489864349365 3.65491247177124 3.65463781356812 3.64046192169189 3.62660264968872 3.6943371295929 3.68901181221008 3.63049387931824 4.55744600296021 10.5478210449219 6.4458532333374 4.30224418640137 10.6063556671143 30.6703414916992 30.471643447876 4.52363681793213 3.78932189941406 3.87350249290466 4.2941312789917 24.6990642547607 23.6744060516357 3.73874974250793 3.61716794967651 3.57922434806824 3.62334012985229 3.61882495880127 3.57300853729248 3.58746361732483 3.5814528465271 3.62371444702148 3.65848898887634 3.65200185775757 3.61544823646545 -9999 -9999 -9999 -9999 -9999
3.62948060035706 3.65585660934448 3.6294858455658 3.62897419929504 3.62268304824829 3.59560179710388 3.58831214904785 3.58867478370667 3.58904457092285 3.58989095687866 3.58848118782043 3.5885009765625 3.5899121761322 3.5919463634491 3.6550121307373 3.65649843215942 3.65586471557617 3.61794114112854 3.67186975479126 3.67137575149536 3.6285126209259 3.64533281326294 3.64633798599243 3.64224672317505 3.68948745727539 3.66966676712036 3.67024803161621 3.67004990577698 3.69723010063171 3.79254817962646 4.3437237739563 7.24857139587402 8.2837438583374 4.71564960479736 3.6271071434021 3.62556219100952 3.58834505081177 3.62535166740417 3.6514458656311 3.65192246437073 3.58668875694275 3.57378339767456 3.5791962146759 3.65427756309509 3.662921667099 3.65399432182312 3.62428259849548 3.65790343284607 3.65022134780884 3.65207147598267 3.61579322814941 3.62315106391907 -9999 -9999 -9999 -9999 -9999
3.62880206108093 3.65584659576416 3.63956189155579 3.65765881538391 3.6291606426239 3.59559941291809 3.58863019943237 3.58848214149475 3.58841872215271 3.62898826599121 3.62901306152344 3.58825063705444 3.58733916282654 3.62261867523193 3.6552140712738 3.62878179550171 3.65604424476624 3.61619567871094 3.67155265808105 3.67173433303833 3.69143748283386 3.69530630111694 3.69473528862 3.63067030906677 3.62602734565735 3.68794202804565 3.65841269493103 3.62738585472107 3.72239542007446 3.8533341884613 3.62974977493286 3.64525842666626 3.6526517868042 3.5833203792572 3.58719754219055 3.57938361167908 3.57357168197632 3.57918739318848 3.57918000221252 3.57918620109558 3.58197903633118 3.62458491325378 3.58668828010559 3.58626651763916 3.65000224113464 3.65419387817383 3.65088319778442 3.65103554725647 3.65756011009216 3.65749955177307 3.6505012512207 3.62300038337708 3.65860486030579 -9999 -9999 -9999 -9999
3.65588974952698 3.65685939788818 3.65583658218384 3.65585589408875 3.6227126121521 3.5953893661499 3.59537577629089 3.5953528881073 3.59597492218018 3.62884855270386 3.62877202033997 3.59499979019165 3.65534329414368 3.65668416023254 3.65657305717468 3.6556978225708 3.61731481552124 3.63059186935425 3.63064169883728 3.67070841789246 3.70050382614136 3.69427132606506 3.6937530040741 3.64188814163208 3.63006854057312 3.69871187210083 3.62990045547485 3.58327555656433 3.59262490272522 3.59429240226746 3.58901572227478 3.58890414237976 3.58353304862976 3.57938933372498 3.58694958686829 3.57927131652832 3.58676528930664 3.58694291114807 3.58662486076355 2.97973489761353 3.58057188987732 3.5924596786499 3.57919955253601 3.58694124221802 3.65117454528809 3.62418341636658 3.65087723731995 3.65340781211853 3.650719165802 3.65041565895081 3.65165376663208 3.64999175071716 3.65053391456604 3.65056991577148 -9999 -9999 -9999
3.62950420379639 3.65684056282043 3.65673017501831 3.59860634803772 3.59618544578552 3.59600877761841 3.59620308876038 3.59642028808594 3.58810544013977 3.58813881874084 3.65558385848999 3.65701770782471 3.6170597076416 3.67046475410461 3.66416835784912 3.62677669525146 3.64225625991821 3.74164128303528 3.74175047874451 3.69050145149231 3.70026397705078 3.66313052177429 3.65904211997986 3.66247892379761 3.64132070541382 3.64140558242798 3.59302282333374 3.57941961288452 3.57940649986267 3.58371043205261 3.57941174507141 3.57935953140259 3.57343196868896 3.57916951179504 3.57921099662781 3.57303142547607 3.58693337440491 3.58582425117493 3.58074688911438 3.57920813560486 3.58668899536133 3.58668684959412 3.57933449745178 3.58668756484985 3.61614942550659 3.58842062950134 3.58040690422058 3.58170795440674 3.58152651786804 3.58392000198364 3.65062928199768 3.65047144889832 3.58104133605957 3.58349013328552 -9999 -9999 -9999
3.62264084815979 3.62883734703064 3.62260556221008 3.62327861785889 3.62297940254211 3.59773421287537 3.62391424179077 3.62341213226318 3.59492039680481 3.70066523551941 3.64478325843811 3.6637921333313 4.23486137390137 4.27828645706177 3.79128956794739 3.63083148002625 3.64221978187561 3.72616648674011 3.7260684967041 3.6422553062439 3.64618158340454 3.6554799079895 3.64163446426392 3.62588834762573 3.58492302894592 3.58770179748535 3.57937622070312 3.57939386367798 3.57941246032715 3.57936549186707 3.57302212715149 3.57300782203674 3.57927131652832 3.57303833961487 3.50878882408142 2.96309185028076 2.97425007820129 3.58682441711426 3.58766651153564 3.58065700531006 3.58241534233093 3.58065056800842 3.58196568489075 3.58708739280701 3.58054685592651 3.58055353164673 3.58778285980225 3.57903027534485 3.58029675483704 3.58478808403015 3.6157112121582 3.62355279922485 3.62502908706665 3.62143635749817 3.58542227745056 -9999 -9999
