G_variables/Set1/RCP2_2050/Min_tem_max.asc
NCOLS 229 
NROWS 147 
XLLCORNER -101.25 
YLLCORNER 14.3333333333333 
CELLSIZE 0.0833333333333333 
NODATA_value -9999 
[rows 26 to 51 of 147, columns 57 to 113 of 229]
-9999 -9999 -9999 -9999 -9999 -9999 -9999 -9999 -9999 -9999 -9999 -9999 -9999 -9999 -9999 -9999 -9999 -9999 -9999 -9999 -9999 -9999 -9999 -9999 -9999 -9999 -9999 -9999 -9999 3.99572515487671 3.99568152427673 3.99528956413269 3.99548101425171 3.96275067329407 2.84872484207153 3.98883032798767 3.99576234817505 3.99530601501465 3.99540543556213 3.9954240322113 3.99494695663452 3.9949197769165 3.99495911598206 3.99463319778442 3.99468016624451 3.99552583694458 3.99519109725952 3.99526619911194 3.99522066116333 3.99491953849792 3.99501705169678 3.99521946907043 3.99496531486511 3.9951446056366 3.99521422386169 3.99516034126282 3.99520945549011
-9999 -9999 -9999 -9999 -9999 -9999 -9999 -9999 -9999 -9999 -9999 -9999 -9999 -9999 -9999 -9999 -9999 -9999 -9999 -9999 -9999 -9999 -9999 -9999 -9999 -9999 -9999 -9999 3.99611401557922 3.99590587615967 3.99587392807007 3.99596214294434 3.99567222595215 3.98947095870972 3.99562740325928 3.99523687362671 3.99522018432617 3.99521827697754 3.99484324455261 3.99481511116028 3.99471974372864 3.99445152282715 3.99440884590149 3.99448823928833 3.99425840377808 3.99427676200867 3.99427723884583 3.99490261077881 3.99534034729004 3.99550747871399 3.99540328979492 3.99521827697754 3.99537205696106 3.99551582336426 3.99539613723755 3.99539351463318 3.99561882019043
-9999 -9999 -9999 -9999 -9999 -9999 -9999 -9999 -9999 -9999 -9999 -9999 -9999 -9999 -9999 -9999 -9999 -9999 -9999 -9999 -9999 -9999 -9999 -9999 -9999 -9999 -9999 -9999 3.99654173851013 3.99652671813965 3.99651670455933 3.99665093421936 3.99632120132446 3.9962363243103 3.99643635749817 3.99644088745117 3.99598908424377 3.99620652198792 3.99561762809753 3.99536561965942 3.99542593955994 3.99504780769348 3.99501323699951 3.99513649940491 3.99487209320068 3.99480390548706 3.99496245384216 3.99473071098328 3.99465847015381 3.99481391906738 3.99540257453918 3.99523186683655 3.99589848518372 3.99583721160889 3.99570965766907 3.9959123134613 3.9959557056427
-9999 -9999 -9999 -9999 -9999 -9999 -9999 -9999 -9999 -9999 -9999 -9999 -9999 -9999 -9999 -9999 -9999 -9999 -9999 -9999 -9999 -9999 -9999 -9999 -9999 -9999 -9999 3.99674916267395 3.99664258956909 3.99680280685425 3.99690937995911 3.99677968025208 3.99670386314392 3.99664092063904 3.99656081199646 3.99658584594727 3.99627280235291 3.99648332595825 3.99662256240845 3.99572992324829 3.99568319320679 3.99548959732056 3.99537706375122 3.99537587165833 3.99527406692505 3.99518728256226 3.99512147903442 3.99504232406616 3.99502658843994 3.99518966674805 3.9948673248291 3.99478363990784 3.99482703208923 3.99546551704407 3.9953989982605 3.99553823471069 3.99624300003052
-9999 -9999 -9999 -9999 -9999 -9999 -9999 -9999 -9999 -9999 -9999 -9999 -9999 -9999 -9999 -9999 -9999 -9999 -9999 -9999 -9999 -9999 -9999 -9999 -9999 -9999 -9999 3.99877786636353 3.99904918670654 3.99888014793396 3.99882578849792 3.99884843826294 3.99838614463806 3.9984073638916 3.99837946891785 3.99787998199463 3.99790406227112 3.99805307388306 3.99757170677185 3.99754500389099 3.99776387214661 3.9957594871521 3.99574375152588 3.9956738948822 3.99551391601562 3.99543976783752 3.99551892280579 3.99536228179932 3.99526691436768 3.99537801742554 3.99519395828247 3.9951376914978 3.99645304679871 3.99927043914795 3.99503469467163 3.99524331092834 3.99564242362976
4.04811906814575 4.02538204193115 4.00592565536499 4.02493619918823 -9999 -9999 -9999 -9999 -9999 -9999 -9999 -9999 -9999 -9999 -9999 -9999 -9999 -9999 -9999 -9999 -9999 -9999 -9999 -9999 -9999 -9999 3.99364233016968 3.99989151954651 3.99968433380127 3.99981737136841 3.99980854988098 3.99947333335876 3.99950695037842 3.99936747550964 3.99902820587158 3.99912428855896 3.99899554252625 3.99868178367615 3.99887728691101 3.99878478050232 3.99846601486206 3.99873089790344 3.99863290786743 3.99830460548401 3.99860763549805 3.998539686203 3.9981632232666 3.99841809272766 3.99834966659546 3.99794745445251 3.99820446968079 3.9981210231781 3.99772977828979 3.9979772567749 3.99790096282959 3.99762082099915 3.99791359901428
4.0482931137085 4.0257568359375 4.02576112747192 4.0065712928772 3.99497413635254 3.98361015319824 3.98276972770691 3.97619771957397 3.96331644058228 -9999 -9999 -9999 -9999 -9999 -9999 -9999 -9999 -9999 -9999 -9999 -9999 -9999 -9999 -9999 -9999 -9999 4.00014209747314 3.99384951591492 3.99553370475769 3.9999668598175 3.99994587898254 3.99977040290833 3.99959778785706 3.99951481819153 3.99940490722656 3.99922704696655 3.99918580055237 3.99912452697754 3.9990177154541 3.99897980690002 3.99898433685303 3.99886870384216 3.99263668060303 3.99887347221375 3.99875688552856 3.99870681762695 3.99897408485413 3.99858522415161 3.99855041503906 3.99875450134277 3.99838614463806 3.99940896034241 3.99838185310364 3.99818921089172 3.99887323379517 3.99896192550659 3.99880051612854
4.05935716629028 4.04215908050537 4.02615213394165 4.02609062194824 4.00655126571655 3.9828679561615 3.97349834442139 3.97648286819458 3.97664213180542 3.96419525146484 3.9641420841217 3.99152064323425 3.98797845840454 -9999 -9999 -9999 -9999 -9999 -9999 -9999 -9999 -9999 -9999 -9999 -9999 4.0004677772522 4.00032901763916 4.00028610229492 4.00038051605225 3.99412131309509 3.9940037727356 3.99404168128967 3.99986815452576 3.9998095035553 3.99979948997498 3.9995424747467 3.99952054023743 3.99958729743958 3.99940085411072 3.99942970275879 3.99332618713379 3.99930262565613 3.99319124221802 3.99965238571167 3.9992516040802 3.99927520751953 3.99932646751404 3.99928879737854 4.00883960723877 3.99920010566711 4.00402116775513 4.00385856628418 3.9990975856781 3.99889636039734 3.99882555007935 3.99900245666504 3.99878454208374
4.00723028182983 4.02706003189087 4.02682876586914 4.00698709487915 3.99548411369324 3.98170781135559 3.97576260566711 3.97122812271118 3.97644090652466 3.96497702598572 3.96739053726196 3.9914116859436 3.99139356613159 3.98994922637939 3.99382281303406 3.99255895614624 3.99297857284546 4.00002574920654 -9999 -9999 -9999 -9999 -9999 -9999 -9999 4.00092363357544 4.00082063674927 4.00091791152954 4.00071430206299 4.00078296661377 4.00071477890015 4.00052833557129 4.00056076049805 3.99423718452454 3.99397492408752 4.00033378601074 4.00020122528076 4.00001430511475 4.00026798248291 4.00016593933105 4.00001096725464 4.00031757354736 3.99406147003174 4.00001525878906 4.00035524368286 4.00035524368286 4.00044536590576 4.00042819976807 4.00096321105957 4.00001621246338 4.0003399848938 4.00036096572876 3.9999680519104 4.00014352798462 4.00013017654419 3.99980998039246 4.00012063980103
4.02706003189087 4.02700757980347 4.02741479873657 4.00686025619507 3.98397970199585 3.97571706771851 3.97576022148132 3.96609663963318 3.96616125106812 3.96591258049011 3.966059923172 3.9706449508667 3.96992635726929 3.9920768737793 3.9804630279541 3.98355484008789 3.99491715431213 4.00032186508179 4.00100469589233 4.00208520889282 4.00161790847778 4.00512218475342 3.99472808837891 -9999 -9999 4.00121212005615 3.99496245384216 3.99661564826965 4.0011625289917 3.9947509765625 3.99640703201294 4.00099086761475 4.00062465667725 4.00068616867065 4.00074625015259 4.00047302246094 4.00047874450684 4.00069665908813 4.00044250488281 4.00047254562378 4.00075817108154 4.00050258636475 3.99443626403809 4.00090599060059 4.00061845779419 4.00077390670776 4.00111436843872 4.00062704086304 4.00076103210449 4.00206279754639 4.00065231323242 4.00061511993408 4.00086879730225 4.00051832199097 4.00047254562378 4.00082731246948 4.00054931640625
4.02802562713623 4.00785732269287 3.99575519561768 3.99576926231384 3.99427247047424 3.97572588920593 3.97572708129883 3.96598076820374 3.96679472923279 3.96675491333008 3.96737837791443 3.96741199493408 3.96688508987427 3.99362707138062 3.98899531364441 3.98673295974731 3.99279928207397 4.00099849700928 4.00118160247803 4.00185012817383 4.00166463851929 4.00206184387207 4.00103616714478 4.00140285491943 4.00159454345703 4.00106811523438 4.0011682510376 4.00130796432495 4.00104904174805 3.99489808082581 3.99483418464661 4.00087022781372 4.00094318389893 4.00123882293701 4.00119924545288 4.00133371353149 4.00125122070312 4.00123453140259 4.00137424468994 4.00138521194458 3.99513173103333 3.9954092502594 4.00184154510498 4.00172901153564 4.0018310546875 4.00186204910278 4.0016827583313 4.00189399719238 4.00203037261963 4.00172996520996 4.00185203552246 4.0018835067749 4.00170183181763 4.00180101394653 4.00152492523193 4.00168323516846 4.0016016960144
4.00797128677368 4.00763845443726 4.00784635543823 4.02799606323242 3.99602198600769 3.99278712272644 3.98427295684814 3.97190237045288 3.9657199382782 3.96657705307007 3.96679663658142 3.96871137619019 3.96871542930603 3.99135327339172 3.98967862129211 3.99232578277588 4.00641012191772 4.00120258331299 4.00139284133911 4.00586891174316 4.0022234916687 4.00262975692749 4.00119924545288 4.00142192840576 4.00142097473145 4.00144290924072 4.00161218643188 4.00189971923828 4.00142955780029 3.99517035484314 3.9951479434967 4.00121307373047 4.00123882293701 4.00121927261353 3.99658298492432 4.00124311447144 4.00134134292603 4.00128889083862 4.00141906738281 4.00144529342651 3.99529528617859 4.00172424316406 4.00174903869629 4.0018048286438 4.00201654434204 4.00199556350708 4.00599098205566 4.00616788864136 4.00959062576294 4.00205898284912 4.00208377838135 4.00279998779297 4.00268173217773 4.00234317779541 4.00231695175171 4.00232553482056 4.00232553482056
4.00753545761108 4.00772857666016 4.00778722763062 4.02844476699829 3.99441361427307 3.99655175209045 3.98471903800964 3.97212243080139 3.96676898002625 3.96731233596802 3.96734833717346 3.96687746047974 3.96945953369141 3.96502161026001 3.99320411682129 3.99371147155762 4.00649261474609 4.00146722793579 4.00257349014282 4.00320434570312 4.00262498855591 4.00245571136475 4.00155591964722 4.00177717208862 4.0017294883728 4.00155973434448 4.00174140930176 4.00188016891479 3.99711084365845 4.0014009475708 4.00146436691284 4.00157737731934 4.0013484954834 4.00138330459595 4.00158262252808 4.00140047073364 4.00147008895874 4.00175285339355 4.00158548355103 4.00165843963623 4.00207996368408 4.00188779830933 4.00201272964478 4.00230979919434 4.00220108032227 4.00250864028931 4.00268745422363 4.00235366821289 4.00249671936035 4.00270223617554 4.00235462188721 4.00219106674194 4.00252151489258 4.00213766098022 4.00191068649292 4.00253772735596 4.00265884399414
4.00796556472778 4.00792837142944 3.99321222305298 3.99323725700378 3.98453092575073 3.98380398750305 3.98491549491882 3.97671389579773 3.97723269462585 3.97726821899414 3.97763133049011 3.96814680099487 3.9667055606842 3.97033858299255 3.99257826805115 4.0069580078125 4.0068187713623 4.00605154037476 4.00292062759399 4.00314903259277 4.00167322158813 4.00163602828979 4.00187587738037 4.00187063217163 4.00195741653442 4.00195074081421 4.00214052200317 4.00216722488403 4.00222969055176 4.00210237503052 4.00205707550049 4.00204229354858 4.00217819213867 4.00230312347412 4.0025691986084 4.00253868103027 4.0046911239624 4.00301551818848 4.00280427932739 4.0031852722168 4.00306224822998 4.00326061248779 4.00292158126831 4.0031270980835 4.00323104858398 4.00331878662109 4.00733280181885 4.01277208328247 4.00298357009888 4.00292873382568 4.00279855728149 4.00285530090332 4.00252628326416 4.00238704681396 4.00232839584351 4.00235605239868 4.0020112991333
4.02886724472046 4.00833654403687 3.9968798160553 3.99346685409546 3.99511694908142 3.99523711204529 3.97695183753967 3.97658753395081 3.98456478118896 3.98376488685608 3.97285914421082 3.96764588356018 3.9678328037262 3.96658682823181 3.9878785610199 3.99441075325012 4.00803327560425 4.00288438796997 4.00334167480469 4.00374984741211 4.00231218338013 4.00228452682495 4.00218105316162 3.99591755867004 4.0024733543396 4.00230026245117 3.9980137348175 4.0023775100708 3.99633479118347 3.9963698387146 4.00227451324463 3.9892635345459 4.00246095657349 4.00252866744995 4.00321531295776 4.00404119491577 4.00817012786865 4.00324249267578 4.00324249267578 4.00333213806152 4.00324440002441 4.00338935852051 4.0036416053772 4.00372219085693 4.00342035293579 4.00794267654419 4.01275062561035 4.00332355499268 4.00329256057739 4.00329160690308 4.00329208374023 4.0030369758606 4.0029411315918 4.00297164916992 4.00282907485962 4.00235557556152 4.00235509872437
4.02912759780884 4.00816822052002 3.99714636802673 3.997145652771 3.99392819404602 3.98408770561218 3.97717118263245 3.98419427871704 3.97719764709473 3.97766065597534 3.96748661994934 3.96772933006287 3.96809601783752 3.99439072608948 3.99359965324402 3.99441623687744 4.0081672668457 4.00816774368286 4.00359439849854 4.00447177886963 4.0046329498291 4.0024881362915 4.00250625610352 3.9967041015625 4.00274085998535 4.00274467468262 3.96979641914368 4.00269651412964 4.0027060508728 4.00262069702148 3.99675965309143 3.9698498249054 4.00277614593506 4.00300264358521 4.00406932830811 4.00450038909912 4.00343227386475 3.99925303459167 4.00350618362427 4.00333261489868 4.00384330749512 4.00364780426025 4.00374555587769 4.00396203994751 4.00383043289185 4.00410127639771 4.0040431022644 4.0038800239563 4.00382614135742 4.00329160690308 4.00339889526367 4.00319957733154 4.00315809249878 4.00320816040039 4.00314283370972 4.00251293182373 4.00248241424561
4.00827121734619 3.99732327461243 3.99734592437744 3.99721074104309 3.99393558502197 3.99395298957825 3.98515820503235 3.97720146179199 3.97328662872314 3.96812224388123 3.96879935264587 3.96843719482422 3.97050309181213 3.99442148208618 3.99377799034119 3.99522829055786 4.00852394104004 4.00902223587036 4.00431632995605 4.00349044799805 4.00484704971313 4.00315713882446 4.00294160842896 3.99689149856567 4.00292873382568 4.00315713882446 3.97015810012817 4.00330066680908 3.99719619750977 4.00345230102539 4.00341939926147 3.99734783172607 4.00361347198486 4.00372314453125 4.00373554229736 3.9979784488678 4.00412368774414 4.00408124923706 4.00385427474976 4.00408744812012 4.00516700744629 4.00424098968506 4.00437879562378 4.00433540344238 4.00412511825562 4.00447702407837 4.0045223236084 4.00423812866211 4.00396537780762 4.00380706787109 4.00391578674316 4.00366878509521 3.9988694190979 4.00320768356323 4.00313854217529 4.00313711166382 4.0027322769165
3.99747157096863 3.99755120277405 3.99570822715759 3.99581909179688 4.00855684280396 3.98440074920654 3.99788165092468 3.98485374450684 3.97347640991211 3.96634387969971 3.97315669059753 3.96810364723206 3.96707439422607 3.99429750442505 3.99452710151672 3.99527716636658 4.00949239730835 4.00430822372437 4.0048713684082 4.00954341888428 4.00487422943115 4.00333833694458 4.00314283370972 4.00315237045288 4.00316762924194 4.00316190719604 4.00348997116089 4.00353050231934 4.00342845916748 4.00353765487671 4.00361061096191 4.00352716445923 4.00384473800659 4.00398874282837 4.00419139862061 4.00417518615723 4.00425100326538 4.00429248809814 4.00429058074951 4.00454378128052 4.0043683052063 4.00468873977661 4.00479316711426 4.00444984436035 4.00494575500488 4.00476837158203 4.00443267822266 4.00459003448486 4.00418949127197 4.00409841537476 4.00411033630371 4.00406837463379 4.00357913970947 4.00334596633911 4.00327587127686 4.00327587127686 4.00313377380371
3.99760890007019 4.00870037078857 3.99433588981628 3.99772238731384 3.98569536209106 3.98487234115601 3.98487234115601 3.97764420509338 3.96862101554871 3.9740149974823 3.96820521354675 3.96738433837891 3.99343228340149 3.99063777923584 3.99387884140015 3.99402761459351 3.99435663223267 4.00963354110718 4.00460720062256 4.01032066345215 4.01032114028931 4.00767469406128 4.0031533241272 4.00339221954346 4.00339698791504 4.00350046157837 4.00349092483521 4.00353193283081 4.00367832183838 4.00353336334229 4.0035982131958 4.00396871566772 4.00384330749512 4.00398111343384 4.00427198410034 4.00416994094849 4.00436353683472 4.00431299209595 4.00458002090454 4.00460386276245 4.00860166549683 4.00484752655029 4.00505828857422 4.00518608093262 4.00505638122559 4.00510740280151 4.0049934387207 4.00473070144653 4.00471115112305 4.00479078292847 4.00422096252441 4.00417613983154 4.00402355194092 4.00363397598267 4.00327682495117 4.00345039367676 4.00333213806152
4.00899457931519 4.0086989402771 4.00872611999512 3.99796104431152 3.98454546928406 3.98483157157898 3.97731137275696 3.97717094421387 3.96852970123291 3.96884846687317 3.96882367134094 3.96754312515259 3.96836733818054 3.99501490592957 3.99203491210938 3.99454808235168 3.9949209690094 4.00939559936523 4.00983810424805 4.00514841079712 4.00550603866577 4.00385761260986 4.0033712387085 4.00349855422974 4.00350046157837 4.00349473953247 4.00369882583618 4.00372362136841 4.00365877151489 4.00365447998047 4.00401973724365 4.00396728515625 4.00401878356934 4.00443267822266 4.00439548492432 3.99987721443176 4.00450372695923 4.00447416305542 4.00031328201294 4.00469446182251 4.00460529327393 4.00507116317749 4.00513648986816 4.00513505935669 3.99902057647705 4.00552606582642 4.00520181655884 4.00482511520386 4.00479555130005 4.0049901008606 4.00488471984863 4.00417804718018 4.00413370132446 4.00423812866211 4.00369262695312 4.00338649749756 4.00338506698608
4.03014898300171 4.03028059005737 3.98524045944214 3.99616479873657 3.98553657531738 3.98494553565979 3.97742748260498 3.96603536605835 3.9681932926178 3.96908497810364 3.96862077713013 3.96940398216248 3.9689576625824 3.99471735954285 3.99390816688538 3.99413871765137 3.9949095249176 4.00977897644043 4.00977277755737 4.00525140762329 4.00579071044922 4.00715208053589 4.00344800949097 4.00345134735107 4.00338840484619 4.00358772277832 4.00356388092041 4.00350570678711 4.00343656539917 4.00394344329834 3.99952483177185 3.99934649467468 4.00454521179199 4.00460767745972 4.00438976287842 4.00471687316895 4.00460433959961 4.00449991226196 4.00474786758423 4.00484752655029 4.00495195388794 4.00518274307251 4.00924921035767 4.00530052185059 4.00511980056763 4.00515365600586 4.00522899627686 4.00523853302002 4.00489854812622 4.00489139556885 4.00486183166504 4.00488615036011 4.00456285476685 4.00430011749268 4.00413227081299 4.00395488739014 4.00348091125488
4.00942897796631 4.00954532623291 4.00918340682983 3.99823975563049 3.98522758483887 3.98522710800171 3.97767949104309 3.97428965568542 3.96861720085144 3.96870255470276 3.97391748428345 3.97016263008118 3.97154641151428 3.99429154396057 3.9948832988739 3.98967123031616 3.99498319625854 3.99368643760681 4.00965881347656 4.00565910339355 4.00562763214111 4.00416564941406 4.00363731384277 4.00357437133789 4.00354862213135 4.00362825393677 4.00356435775757 4.00354719161987 4.00395727157593 4.00400495529175 3.99952483177185 4.00432777404785 4.00432538986206 4.00441122055054 4.00457525253296 4.00449085235596 4.00458669662476 4.00523281097412 4.00806283950806 4.01181602478027 4.00755929946899 4.00866746902466 4.00885438919067 4.00633811950684 4.0060772895813 4.00942659378052 4.00934600830078 4.00947046279907 4.00546932220459 4.00835037231445 4.00910139083862 4.00910234451294 4.00917100906372 4.00912618637085 4.00443935394287 4.0086784362793 3.98366546630859
3.99662137031555 3.99490332603455 4.00938129425049 3.99838137626648 3.99666285514832 3.98539781570435 3.97774910926819 3.97809600830078 3.96960949897766 3.96946144104004 3.96996355056763 3.9718496799469 3.96946716308594 3.99449729919434 3.9946768283844 3.98794341087341 3.99459218978882 4.00983667373657 4.01017808914185 4.00543785095215 4.00560808181763 4.00629329681396 4.00590896606445 4.00644826889038 4.003577709198 4.00358915328979 4.00357913970947 4.00386714935303 4.00399160385132 4.00410127639771 4.0039439201355 4.00432968139648 4.00435924530029 4.00448703765869 4.00458431243896 4.00449895858765 4.00459384918213 4.00484800338745 4.01287078857422 4.0130181312561 4.00835990905762 4.0087251663208 4.00866317749023 4.00872135162354 4.00892639160156 4.00893640518188 4.00899314880371 4.0090708732605 4.009192943573 4.00922966003418 3.99755811691284 4.00629043579102 4.00649166107178 4.00617361068726 4.00612735748291 3.98468685150146 4.03367137908936
3.9951388835907 3.99848246574402 3.99848079681396 3.98606324195862 3.97805905342102 3.98642611503601 3.97806644439697 3.97804594039917 3.96958661079407 3.96959471702576 3.96977972984314 3.9696352481842 3.96961283683777 3.99487519264221 3.99437284469604 3.99131441116333 3.99401664733887 3.99529600143433 4.01013994216919 4.00563192367554 4.00562715530396 4.00612545013428 4.01077747344971 4.00612449645996 4.00401401519775 4.00364971160889 4.0039176940918 4.00405979156494 4.00399303436279 4.00403070449829 4.00430727005005 4.00427436828613 4.00434875488281 4.00453853607178 4.00469493865967 4.00815963745117 4.00837659835815 4.00562000274658 4.0130443572998 4.00001287460327 4.01300716400146 4.00860834121704 4.00868082046509 4.00868797302246 4.01354169845581 4.0135760307312 4.0090012550354 4.01436138153076 4.0143895149231 4.00319004058838 4.00642776489258 4.00691699981689 4.00628471374512 4.005943775177 4.00636196136475 4.00849723815918 4.13070297241211
3.98634696006775 3.99874401092529 3.99712729454041 3.98538565635681 3.98567295074463 3.97803664207458 3.97469830513 3.97936320304871 3.96986770629883 3.96987175941467 3.97047472000122 3.9737274646759 3.96980023384094 3.99571537971497 3.99517560005188 3.99508714675903 3.99007320404053 3.99611330032349 3.99627614021301 4.01030397415161 4.01078653335571 4.00613021850586 4.01073360443115 4.01100969314575 4.00407838821411 4.0039119720459 4.00421667098999 4.00415849685669 4.00406122207642 4.00403642654419 4.00456094741821 4.00481557846069 4.00494909286499 4.00801134109497 4.0082311630249 4.00824403762817 4.0083155632019 4.00542831420898 4.00079917907715 4.00121736526489 4.00869560241699 4.0087456703186 4.00875234603882 4.00879335403442 4.01352834701538 4.01354122161865 4.00917291641235 3.99798345565796 4.00132513046265 3.99768543243408 3.98711013793945 3.98706889152527 4.00143337249756 3.98014259338379 3.98735785484314 4.08120679855347 6.056077003479
3.99701285362244 3.9989161491394 3.99717569351196 3.99737477302551 3.99910831451416 3.97868394851685 3.97868061065674 3.9750235080719 3.96748495101929 3.9688196182251 3.97086763381958 3.97088742256165 3.97064399719238 3.97073888778687 3.99494647979736 3.99517107009888 3.99371814727783 3.99539184570312 3.99614715576172 3.99444603919983 4.01079034805298 4.01078987121582 4.00655126571655 4.00668668746948 4.00620651245117 4.00520324707031 4.00519514083862 4.00518703460693 4.00442504882812 4.00507974624634 4.00475883483887 4.00460720062256 4.00720357894897 4.00834083557129 4.00686168670654 4.00724744796753 4.00616502761841 4.00835132598877 4.0009331703186 4.01313781738281 4.01312208175659 4.01324653625488 4.01340436935425 4.00100517272949 4.00227022171021 4.00200271606445 4.0026159286499 4.00103425979614 4.00104713439941 3.99533724784851 3.99707007408142 5.47252178192139 4.004967212677 4.00859069824219 6.04383563995361 10.2529611587524 26.1141223907471
