G_variables/Set1/RCP2_2050/Min_tem_max.asc
NCOLS 229 
NROWS 147 
XLLCORNER -101.25 
YLLCORNER 14.3333333333333 
CELLSIZE 0.0833333333333333 
NODATA_value -9999 
[rows 78 to 103 of 147, columns 57 to 113 of 229]
28.293607711792 24.9858360290527 22.6191997528076 7.40109872817993 4.60904264450073 4.12643718719482 4.05373668670654 4.02561950683594 4.00716066360474 4.00718927383423 4.00685691833496 4.0067572593689 3.99107837677002 3.98466062545776 3.98457312583923 3.97987222671509 3.97987055778503 3.97987008094788 3.97986936569214 3.98021173477173 3.98532366752625 3.98875594139099 3.99511194229126 4.07774114608765 4.14303302764893 4.12461566925049 4.32012748718262 4.52081823348999 4.20484209060669 4.52038860321045 5.34707641601562 4.22142791748047 4.20612573623657 4.20617341995239 4.32401943206787 5.90667486190796 5.88819980621338 4.94238471984863 5.01417779922485 5.39583873748779 4.95162439346313 4.93359231948853 4.93563175201416 5.98921489715576 5.4417200088501 4.95391368865967 4.39041042327881 4.23067951202393 4.54873943328857 5.41987419128418 11.6966171264648 22.7248611450195 24.9836082458496 29.4755477905273 29.8561420440674 30.2572116851807 30.4024562835693
30.4938507080078 27.310001373291 24.3111934661865 18.2646160125732 5.97264385223389 4.20741415023804 4.07967948913574 4.0535364151001 4.02525281906128 4.0192666053772 4.0070629119873 4.00664186477661 3.99102330207825 3.98914194107056 3.98937582969666 3.98477816581726 3.98522567749023 3.98406362533569 3.98430871963501 3.98430848121643 3.98456406593323 3.99536657333374 4.02270698547363 4.14358949661255 4.12536954879761 4.2197093963623 4.37136793136597 4.3726692199707 4.22026348114014 4.92330360412598 4.92941808700562 4.22268295288086 4.22353982925415 4.37476778030396 4.91489219665527 5.38458585739136 5.35387802124023 4.93826627731323 5.95607566833496 6.52991771697998 5.97561597824097 5.40707349777222 4.93361568450928 5.43082809448242 5.43642425537109 5.99972105026245 5.44307470321655 5.42481994628906 5.41121482849121 6.6099100112915 9.85753726959229 27.3590354919434 29.4222068786621 27.4257297515869 29.8859157562256 30.2697467803955 30.2861461639404
30.6476573944092 30.309024810791 26.2249965667725 23.3510990142822 9.03590774536133 4.92839479446411 4.20627450942993 4.07935190200806 4.05312490463257 4.0249547958374 4.01911449432373 4.00665616989136 4.0248851776123 3.99101948738098 3.9886212348938 3.9841091632843 3.98422193527222 3.98410320281982 3.98493528366089 3.98502230644226 3.98451924324036 4.00579595565796 4.12516164779663 4.21976947784424 4.3701286315918 4.51720523834229 4.097731590271 4.17378425598145 4.20428037643433 4.32189464569092 4.37391471862793 4.65561389923096 4.54089164733887 4.90782022476196 5.35829877853394 5.34804153442383 4.9355411529541 4.9390664100647 5.95567464828491 5.96008110046387 6.53330612182617 5.98182344436646 5.40910005569458 5.39305019378662 5.39814758300781 6.52311277389526 8.21349048614502 9.81173610687256 9.79065132141113 12.5674076080322 24.9640045166016 28.4421195983887 28.3228874206543 27.435676574707 28.559326171875 29.9575328826904 30.2761764526367
30.6430854797363 30.6572647094727 29.2296085357666 24.327615737915 19.7917976379395 8.13908386230469 4.37931776046753 4.1757173538208 4.12691926956177 4.05302238464355 4.02483797073364 4.01894855499268 4.00695323944092 3.99101829528809 3.99111366271973 3.98864150047302 3.98865413665771 3.9869372844696 3.98433637619019 3.98437476158142 3.98875594139099 4.00597238540649 4.31649494171143 4.57689142227173 4.37296724319458 4.20540952682495 4.14474582672119 4.20557546615601 4.32122564315796 4.20661973953247 5.32359933853149 4.58167266845703 4.55087184906006 4.96489334106445 5.35832357406616 4.93647050857544 4.91360521316528 6.44558048248291 8.84258556365967 6.52607107162476 5.96844434738159 5.96997117996216 5.40157699584961 6.56040477752686 5.99010610580444 7.44649791717529 9.7939281463623 14.6351280212402 20.6653900146484 24.3447856903076 26.6607685089111 25.8273067474365 25.8626956939697 27.41064453125 29.4537773132324 30.2806167602539 30.2936191558838
-9999 30.6526775360107 29.9647026062012 26.286506652832 23.2416477203369 17.2035942077637 5.40922355651855 4.37531900405884 4.17421388626099 4.07935190200806 4.06841945648193 4.02466440200806 4.04226398468018 3.99908876419067 3.99108123779297 3.98863673210144 3.99109745025635 3.99109601974487 3.98866772651672 3.98875641822815 3.99120545387268 4.03917407989502 4.36997175216675 4.51972627639771 4.32111072540283 4.37391805648804 4.37404584884644 4.29914999008179 4.22065496444702 4.2061448097229 4.9079155921936 4.52114105224609 5.36797380447388 5.92656803131104 5.8800048828125 6.46441316604614 5.95032358169556 6.48274326324463 8.08545017242432 5.96159172058105 8.12091636657715 8.14399528503418 5.99698925018311 7.39838790893555 6.57399845123291 13.6289882659912 16.750415802002 19.7131423950195 23.5447101593018 24.2908325195312 25.8139915466309 25.8329582214355 26.6344127655029 27.4354705810547 29.4696884155273 30.2769317626953 30.3769721984863
-9999 30.6505737304688 30.6622829437256 28.2595081329346 24.298885345459 20.7276859283447 9.87001419067383 5.37201404571533 4.37415790557861 4.1454029083252 4.06837606430054 4.04215574264526 4.04227685928345 4.00691366195679 4.00662517547607 4.00649881362915 3.9911036491394 3.99111914634705 3.99110579490662 3.99121570587158 3.99699854850769 4.03917551040649 4.36994886398315 4.17329263687134 4.32073450088501 4.89930963516235 4.54313611984253 4.57814693450928 4.92718076705933 4.92899942398071 4.58126020431519 4.54516458511353 5.37008428573608 5.3708438873291 5.37308216094971 6.46960115432739 6.41857719421387 8.0640697479248 8.09488201141357 8.10785579681396 8.84355545043945 8.8696460723877 6.53984928131104 8.15347671508789 10.6184148788452 18.7677211761475 20.6805171966553 22.6364517211914 28.3240261077881 24.9892196655273 26.5830707550049 28.3244705200195 28.3462390899658 28.567699432373 29.4515037536621 30.0489559173584 30.3362770080566
-9999 30.6431159973145 30.6113510131836 29.577486038208 24.8562908172607 22.4825744628906 19.0207958221436 7.3208270072937 4.66917753219604 4.17535352706909 4.07954263687134 4.05352163314819 4.02424001693726 4.0243935585022 4.00667762756348 3.99902057647705 3.99111127853394 3.99713087081909 3.99547219276428 3.99540662765503 4.00639629364014 4.0359935760498 4.20525550842285 4.22077035903931 4.32078647613525 4.57826280593872 4.37372446060181 4.32178926467896 4.65210437774658 4.90740251541138 4.93046426773071 4.99820232391357 5.34948348999023 6.43809461593628 6.47569894790649 7.29994916915894 8.0557689666748 8.06575107574463 8.81539726257324 8.11195278167725 8.84636211395264 9.69526863098145 8.1317138671875 12.4383869171143 17.6686401367188 21.6060771942139 21.7116889953613 22.6361598968506 23.5272960662842 25.0138893127441 27.5225734710693 30.4546279907227 30.2111263275146 30.1504001617432 30.2866058349609 30.2742958068848 30.55641746521
-9999 -9999 30.6327152252197 29.9885158538818 29.2617664337158 24.8730564117432 22.4914970397949 15.0072011947632 5.9310188293457 4.3759937286377 4.20455884933472 4.06864309310913 4.04668712615967 4.02468204498291 4.00674343109131 4.00672340393066 3.99539041519165 3.9992344379425 4.0063910484314 4.00639152526855 4.00674295425415 4.07831144332886 4.17349243164062 4.32047891616821 4.22076654434204 4.57756280899048 5.313889503479 4.99129962921143 4.90495920181274 5.35970306396484 5.36289978027344 5.36579179763794 5.94162940979004 7.27688980102539 7.2788405418396 8.05105972290039 7.33110904693604 6.4456992149353 8.82133483886719 9.642897605896 10.4967699050903 8.86162948608398 10.5731649398804 16.6335639953613 19.6506614685059 24.9706783294678 29.9175109863281 29.436092376709 24.2987155914307 26.6658782958984 29.4367656707764 30.4708824157715 30.518835067749 30.2986526489258 30.2271823883057 30.2786750793457 30.3702812194824
-9999 -9999 30.6277446746826 30.4430160522461 29.8363819122314 27.2647724151611 24.257625579834 21.5728740692139 12.8035850524902 4.59022665023804 4.20704317092896 4.12783288955688 4.0683445930481 4.04244756698608 4.02434730529785 4.00700283050537 4.00655364990234 4.00647020339966 4.02369928359985 4.02369928359985 4.04020404815674 4.07882499694824 4.20538282394409 4.92192316055298 4.90102958679199 4.32068538665771 5.33367252349854 5.3337197303772 5.31686019897461 5.36257934570312 5.36262559890747 5.92056322097778 6.39866018295288 6.43786001205444 7.28069162368774 8.04298973083496 7.31355810165405 9.59230518341064 9.61545085906982 9.65027618408203 10.4996547698975 16.568826675415 15.5494709014893 18.7781963348389 20.6171855926514 22.6395854949951 30.1627941131592 29.9507713317871 26.6983776092529 29.4193363189697 30.218822479248 30.4065647125244 30.2802085876465 30.3674850463867 30.5380382537842 30.5409488677979 30.5174694061279
-9999 -9999 30.6306324005127 30.6304588317871 30.5926151275635 29.8248596191406 28.4265422821045 26.4191513061523 22.5410289764404 6.49909973144531 4.37589645385742 4.20718622207642 4.14577150344849 4.07913780212402 4.07913827896118 4.05354356765747 4.05354261398315 4.02392911911011 4.02366161346436 4.04007291793823 4.06813716888428 4.20536994934082 4.31930208206177 4.3729681968689 4.92352247238159 5.34117650985718 4.99361610412598 4.90253496170044 4.90534687042236 4.92696285247803 6.36428356170654 6.42214965820312 7.25933647155762 7.26328277587891 7.28020906448364 9.5721378326416 8.0462474822998 9.60200691223145 8.82753753662109 10.4586791992188 12.3532285690308 16.5667285919189 19.6771545410156 19.6424465179443 20.6632957458496 22.6225643157959 24.9933414459229 26.6693630218506 29.4305000305176 30.2064037322998 30.422176361084 30.6315612792969 30.6826133728027 30.895881652832 30.9678993225098 31.0296821594238 31.0755481719971
-9999 -9999 -9999 -9999 30.635612487793 30.7521896362305 30.4666690826416 30.8384056091309 29.251932144165 27.4455680847168 12.7120895385742 5.34864330291748 4.32517337799072 4.20793771743774 4.14714527130127 4.0787787437439 4.06804275512695 4.04247140884399 4.06794834136963 4.09917593002319 4.20707941055298 4.54678583145142 4.89483499526978 4.90146350860596 5.90732526779175 5.3411979675293 4.99361419677734 5.35529851913452 5.91373729705811 5.91797208786011 6.42155599594116 7.27676391601562 8.76803302764893 8.76805210113525 8.03289413452148 8.03191566467285 8.77721786499023 8.8004674911499 10.4224233627319 12.396951675415 16.5186786651611 18.7418785095215 22.5635013580322 21.5818271636963 22.6397819519043 26.6757278442383 26.6949672698975 29.4181003570557 30.221492767334 30.3020210266113 30.387170791626 30.6591796875 30.8762683868408 30.8633804321289 31.1084423065186 31.2702503204346 31.2688121795654
-9999 -9999 -9999 -9999 30.6311836242676 30.7035636901855 30.5977783203125 30.5959529876709 30.7440090179443 28.3842391967773 25.7119216918945 20.5238971710205 7.26819229125977 5.33873891830444 4.66519498825073 4.22327709197998 4.20731496810913 4.12808609008789 4.1283073425293 4.12837076187134 4.20719957351685 4.89484310150146 5.32790851593018 4.92367458343506 5.90772771835327 5.35909128189087 6.4208836555481 7.24339723587036 7.2459888458252 7.97629308700562 7.98162078857422 8.72833919525146 9.56204795837402 10.3341331481934 10.3461875915527 9.58720588684082 10.3829412460327 13.3651123046875 17.5447750091553 18.6910076141357 18.6703720092773 18.7355690002441 22.6069965362549 24.1431293487549 25.8249912261963 27.3797969818115 29.4049053192139 30.1979389190674 30.3944187164307 30.3654041290283 30.6548709869385 30.6185550689697 31.1684894561768 31.1409111022949 31.2243328094482 31.2632179260254 31.3296451568604
-9999 -9999 -9999 -9999 -9999 30.6342010498047 30.6237201690674 30.5935211181641 30.6282768249512 29.9942874908447 27.5170078277588 24.2708301544189 17.8211135864258 10.5649185180664 6.45860004425049 5.92090034484863 4.65931940078735 4.37353658676147 4.52475786209106 4.37177515029907 4.54877710342407 5.90711259841919 6.43433237075806 6.4355525970459 7.25707721710205 7.96970796585083 8.71732807159424 8.71239471435547 7.97484493255615 7.97891044616699 9.54507064819336 10.3267822265625 12.2099256515503 12.2104225158691 13.3101196289062 13.3223905563354 12.3416900634766 15.4241809844971 17.5263023376465 18.6936511993408 20.5323104858398 23.3837471008301 24.830997467041 26.6175518035889 28.2791996002197 29.9548168182373 30.2328987121582 30.1723022460938 30.7778930664062 30.7900791168213 31.0032272338867 31.0223369598389 31.0524120330811 31.1571807861328 31.2255611419678 31.4301490783691 31.091854095459
-9999 -9999 -9999 -9999 -9999 -9999 30.6191329956055 30.8218746185303 30.7817058563232 29.7671051025391 29.2655467987061 26.8094043731689 24.3578300476074 23.0686206817627 18.7881126403809 15.800705909729 8.78925323486328 7.2641167640686 5.91765356063843 5.91779756546021 5.91423511505127 8.74540042877197 8.74376487731934 7.97376775741577 9.55955982208252 10.3718824386597 10.3478879928589 10.3338966369629 11.3195810317993 10.3497505187988 9.54635524749756 12.1997375488281 14.2901210784912 17.4451961517334 15.3811388015747 18.633674621582 19.5017929077148 19.5200901031494 19.5968284606934 20.5379428863525 24.8434734344482 27.2099895477295 29.2637958526611 29.8240203857422 30.1493816375732 30.1438446044922 30.3405914306641 30.4268493652344 30.7732753753662 30.9905433654785 31.0413188934326 31.0480575561523 31.1620292663574 30.7308216094971 31.3045272827148 31.277774810791 31.4610385894775
-9999 -9999 -9999 -9999 -9999 -9999 30.6170120239258 30.5995655059814 30.6051235198975 30.7756767272949 29.8468036651611 28.3926181793213 27.3868637084961 27.2963104248047 24.9935703277588 23.7271461486816 22.4127426147461 20.4890613555908 24.3862953186035 13.5261707305908 8.74872303009033 9.61775493621826 9.61033630371094 7.9813437461853 9.57077980041504 12.2798023223877 12.3238439559937 12.2346954345703 12.2432880401611 12.233696937561 12.2257432937622 14.2651424407959 18.6250820159912 17.4575462341309 22.440710067749 24.7842350006104 24.6797885894775 24.0225429534912 24.0307865142822 27.128080368042 29.7396831512451 29.7759590148926 30.1555709838867 30.3465919494629 30.5470905303955 30.6960124969482 30.6612358093262 30.8950138092041 30.8740234375 30.9840984344482 31.0292949676514 31.0494136810303 31.1318531036377 30.7834568023682 30.9795684814453 31.0076751708984 31.4274024963379
-9999 -9999 -9999 -9999 -9999 -9999 -9999 -9999 30.596363067627 30.5934886932373 30.5630760192871 30.6990184783936 30.7730331420898 30.6571044921875 30.7982368469238 30.4693222045898 26.5251693725586 24.8950595855713 24.3891334533691 22.3952445983887 18.6627349853516 18.627498626709 19.5092868804932 14.4864263534546 15.4789037704468 18.6021785736084 14.3199024200439 16.4085311889648 18.5927982330322 18.6065139770508 16.4256420135498 22.4756469726562 23.8701171875 23.2707366943359 27.9011001586914 30.3256568908691 30.6815624237061 30.5574035644531 30.0727920532227 30.0951080322266 30.1122341156006 30.1362857818604 30.3617420196533 30.8306827545166 30.8558120727539 30.8064193725586 30.8674240112305 30.8944892883301 30.6418151855469 30.6174182891846 30.7474346160889 30.7745609283447 30.834545135498 30.7308883666992 30.7587089538574 30.8690013885498 30.859094619751
-9999 -9999 -9999 -9999 -9999 -9999 -9999 30.5899963378906 30.5947036743164 -9999 30.5852756500244 30.5874004364014 30.5770568847656 30.5889930725098 30.5774574279785 30.5735912322998 30.5696582794189 26.5498752593994 26.5511436462402 25.0765819549561 25.095516204834 24.5118408203125 23.7956104278564 24.4054107666016 22.3642101287842 21.4889965057373 19.4166393280029 19.4187164306641 21.4553756713867 22.4453582763672 23.8481407165527 24.6136074066162 27.7325763702393 25.4201354980469 30.4323539733887 30.4403972625732 30.6946258544922 30.4346923828125 30.3421859741211 30.3447856903076 30.3396549224854 30.5835514068604 30.6476402282715 30.5207901000977 30.4992771148682 30.4819049835205 30.5068950653076 30.5641002655029 30.5696716308594 30.5907611846924 30.6402339935303 30.6639747619629 30.670783996582 30.6890182495117 30.7244129180908 30.820182800293 30.7735862731934
-9999 -9999 -9999 -9999 -9999 -9999 -9999 -9999 -9999 -9999 -9999 -9999 -9999 -9999 -9999 -9999 30.5486392974854 30.5492744445801 25.0990676879883 25.8117752075195 30.7246837615967 30.6806449890137 26.0155506134033 25.9515628814697 25.273624420166 25.2560634613037 24.473201751709 21.4909191131592 23.1834831237793 28.7472953796387 26.7764682769775 28.7707347869873 29.5746231079102 30.6684551239014 30.3917274475098 30.4287357330322 30.1550312042236 30.4915142059326 30.5021877288818 30.4998989105225 30.5326881408691 30.498046875 30.7104473114014 30.8559875488281 30.5142402648926 30.5443782806396 30.5418300628662 30.5449600219727 30.6135692596436 -9999 -9999 -9999 -9999 30.6946392059326 30.7098350524902 30.7520122528076 30.7715110778809
-9999 -9999 -9999 -9999 -9999 -9999 -9999 -9999 -9999 -9999 -9999 -9999 -9999 -9999 -9999 -9999 -9999 30.5459289550781 30.5348587036133 30.5337390899658 30.5368194580078 30.4757823944092 30.0451831817627 27.5636024475098 26.676441192627 27.4481391906738 27.4793300628662 27.5353088378906 28.7101306915283 29.4692974090576 30.6378688812256 30.4342346191406 30.4205112457275 30.3797931671143 30.3816299438477 30.4079418182373 30.342565536499 30.6315650939941 30.5323009490967 30.6480045318604 30.7140522003174 30.7082080841064 30.8288898468018 30.4670028686523 30.4952030181885 -9999 -9999 -9999 -9999 -9999 -9999 -9999 -9999 30.6956443786621 30.7104434967041 30.7646198272705 30.8456974029541
-9999 -9999 -9999 -9999 -9999 -9999 -9999 -9999 -9999 -9999 -9999 -9999 -9999 -9999 -9999 -9999 -9999 -9999 -9999 -9999 30.5328407287598 30.5241775512695 30.5425205230713 30.3308906555176 30.07470703125 30.0181865692139 30.3417835235596 30.4172592163086 30.631872177124 29.9839668273926 30.4389362335205 30.4121208190918 30.4040813446045 29.5976600646973 27.7686367034912 30.1051940917969 30.4495220184326 30.4433517456055 30.4500885009766 30.4600200653076 30.4602470397949 30.4616889953613 30.4784851074219 30.4907207489014 -9999 -9999 -9999 -9999 -9999 -9999 -9999 -9999 -9999 -9999 -9999 30.7521286010742 30.7884082794189
-9999 -9999 -9999 -9999 -9999 -9999 -9999 -9999 -9999 -9999 -9999 -9999 -9999 -9999 -9999 -9999 -9999 -9999 -9999 -9999 -9999 30.5130977630615 30.51220703125 30.622241973877 30.3353080749512 30.3339424133301 30.3767204284668 30.6890754699707 30.4079132080078 30.4437847137451 28.8150234222412 30.6600017547607 30.4397563934326 30.4374504089355 30.4256706237793 30.4235153198242 -9999 -9999 -9999 -9999 30.4593467712402 -9999 -9999 -9999 -9999 -9999 -9999 -9999 -9999 -9999 -9999 -9999 -9999 -9999 -9999 -9999 -9999
-9999 -9999 -9999 -9999 -9999 -9999 -9999 -9999 -9999 -9999 -9999 -9999 -9999 -9999 -9999 -9999 -9999 -9999 -9999 -9999 -9999 -9999 30.5019435882568 30.6102123260498 30.4491653442383 30.3212337493896 30.4538917541504 30.6782684326172 30.4158973693848 30.4583415985107 30.4539451599121 30.4461288452148 30.4290370941162 30.4289169311523 30.4282855987549 -9999 -9999 -9999 -9999 -9999 -9999 -9999 -9999 -9999 -9999 -9999 -9999 -9999 -9999 -9999 -9999 -9999 -9999 -9999 -9999 -9999 -9999
-9999 -9999 -9999 -9999 -9999 -9999 -9999 -9999 -9999 -9999 -9999 -9999 -9999 -9999 -9999 -9999 -9999 -9999 -9999 -9999 -9999 -9999 -9999 30.4856948852539 30.5987739562988 30.4172420501709 30.4623355865479 30.4609375 30.4558925628662 30.4563522338867 -9999 30.4441509246826 -9999 -9999 -9999 -9999 -9999 -9999 -9999 -9999 -9999 -9999 -9999 -9999 -9999 -9999 -9999 -9999 -9999 -9999 -9999 -9999 -9999 -9999 -9999 -9999 -9999
-9999 -9999 -9999 -9999 -9999 -9999 -9999 -9999 -9999 -9999 -9999 -9999 -9999 -9999 -9999 -9999 -9999 -9999 -9999 -9999 -9999 -9999 -9999 -9999 30.4756317138672 30.4711570739746 -9999 -9999 -9999 -9999 -9999 -9999 -9999 -9999 -9999 -9999 -9999 -9999 -9999 -9999 -9999 -9999 -9999 -9999 -9999 -9999 -9999 -9999 -9999 -9999 -9999 -9999 -9999 -9999 -9999 -9999 -9999
-9999 -9999 -9999 -9999 -9999 -9999 -9999 -9999 -9999 -9999 -9999 -9999 -9999 -9999 -9999 -9999 -9999 -9999 -9999 -9999 -9999 -9999 -9999 -9999 -9999 -9999 -9999 -9999 -9999 -9999 -9999 -9999 -9999 -9999 -9999 -9999 -9999 -9999 -9999 -9999 -9999 -9999 -9999 -9999 -9999 -9999 -9999 -9999 -9999 -9999 -9999 -9999 -9999 -9999 -9999 -9999 -9999
-9999 -9999 -9999 -9999 -9999 -9999 -9999 -9999 -9999 -9999 -9999 -9999 -9999 -9999 -9999 -9999 -9999 -9999 -9999 -9999 -9999 -9999 -9999 -9999 -9999 -9999 -9999 -9999 -9999 -9999 -9999 -9999 -9999 -9999 -9999 -9999 -9999 -9999 -9999 -9999 -9999 -9999 -9999 -9999 -9999 -9999 -9999 -9999 -9999 -9999 -9999 -9999 -9999 -9999 -9999 -9999 -9999
