G_variables/Set1/RCP2_2050/Min_tem_max.asc
NCOLS 229 
NROWS 147 
XLLCORNER -101.25 
YLLCORNER 14.3333333333333 
CELLSIZE 0.0833333333333333 
NODATA_value -9999 
[rows 0 to 25 of 147, columns 114 to 170 of 229]
-9999 -9999 -9999 -9999 -9999 -9999 -9999 -9999 -9999 -9999 -9999 -9999 -9999 -9999 -9999 -9999 -9999 -9999 -9999 -9999 -9999 -9999 -9999 -9999 -9999 -9999 -9999 -9999 -9999 -9999 -9999 -9999 -9999 -9999 -9999 -9999 -9999 -9999 -9999 -9999 -9999 -9999 -9999 -9999 -9999 -9999 -9999 -9999 -9999 -9999 -9999 -9999 -9999 -9999 -9999 -9999 -9999
-9999 -9999 -9999 -9999 -9999 -9999 -9999 -9999 -9999 -9999 -9999 -9999 -9999 -9999 -9999 -9999 -9999 -9999 -9999 -9999 -9999 -9999 -9999 -9999 -9999 -9999 -9999 -9999 -9999 -9999 -9999 -9999 -9999 -9999 -9999 -9999 -9999 -9999 -9999 -9999 -9999 -9999 -9999 -9999 -9999 -9999 -9999 -9999 -9999 -9999 -9999 -9999 -9999 -9999 -9999 -9999 -9999
-9999 -9999 -9999 -9999 -9999 -9999 -9999 -9999 -9999 -9999 -9999 -9999 -9999 -9999 -9999 -9999 -9999 -9999 -9999 -9999 -9999 -9999 -9999 -9999 -9999 -9999 -9999 -9999 -9999 -9999 -9999 -9999 -9999 -9999 -9999 -9999 -9999 -9999 -9999 -9999 -9999 -9999 -9999 -9999 -9999 -9999 -9999 -9999 -9999 -9999 -9999 -9999 -9999 -9999 -9999 -9999 3.93616127967834
-9999 -9999 -9999 -9999 -9999 -9999 -9999 -9999 -9999 -9999 -9999 -9999 -9999 -9999 -9999 -9999 -9999 -9999 -9999 -9999 -9999 -9999 -9999 -9999 -9999 -9999 -9999 -9999 -9999 -9999 -9999 -9999 -9999 -9999 -9999 -9999 -9999 -9999 -9999 -9999 -9999 -9999 -9999 -9999 -9999 -9999 -9999 -9999 -9999 -9999 -9999 -9999 -9999 -9999 3.9376814365387 3.93754744529724 3.93685007095337
-9999 -9999 -9999 -9999 -9999 -9999 -9999 -9999 -9999 -9999 -9999 -9999 -9999 -9999 -9999 -9999 -9999 -9999 -9999 -9999 -9999 -9999 -9999 -9999 -9999 -9999 -9999 -9999 -9999 -9999 -9999 -9999 -9999 -9999 -9999 -9999 -9999 -9999 -9999 -9999 -9999 -9999 -9999 -9999 -9999 -9999 -9999 -9999 -9999 -9999 -9999 -9999 -9999 3.93794965744019 3.937828540802 3.93780469894409 3.97086119651794
-9999 -9999 -9999 -9999 -9999 -9999 -9999 -9999 -9999 -9999 -9999 -9999 -9999 -9999 -9999 -9999 -9999 -9999 -9999 -9999 -9999 -9999 -9999 -9999 -9999 -9999 -9999 -9999 -9999 -9999 -9999 -9999 -9999 -9999 -9999 -9999 -9999 -9999 -9999 -9999 -9999 -9999 -9999 -9999 -9999 -9999 -9999 -9999 -9999 -9999 -9999 3.93830466270447 3.93815279006958 3.9714822769165 3.9714822769165 3.97118139266968 3.97106766700745
-9999 -9999 -9999 -9999 -9999 -9999 -9999 -9999 -9999 -9999 -9999 -9999 -9999 -9999 -9999 -9999 -9999 -9999 -9999 -9999 -9999 -9999 -9999 -9999 -9999 -9999 -9999 -9999 -9999 -9999 -9999 -9999 -9999 -9999 -9999 -9999 -9999 -9999 -9999 -9999 -9999 -9999 -9999 -9999 -9999 -9999 -9999 -9999 -9999 -9999 3.93844652175903 3.97200512886047 3.97169208526611 3.97168803215027 3.9715313911438 3.97103643417358 3.97113060951233
-9999 -9999 -9999 -9999 -9999 -9999 -9999 -9999 -9999 -9999 -9999 -9999 -9999 -9999 -9999 -9999 -9999 -9999 -9999 -9999 -9999 -9999 -9999 -9999 -9999 -9999 -9999 -9999 -9999 -9999 -9999 -9999 -9999 -9999 -9999 -9999 -9999 -9999 -9999 -9999 -9999 -9999 -9999 -9999 -9999 -9999 -9999 -9999 3.97309899330139 3.97258400917053 3.97267651557922 3.97196388244629 3.97179174423218 3.97162413597107 3.97140908241272 3.97118544578552 3.97112822532654
-9999 -9999 -9999 -9999 -9999 -9999 -9999 -9999 -9999 -9999 -9999 -9999 -9999 -9999 -9999 -9999 -9999 -9999 -9999 -9999 -9999 -9999 -9999 -9999 -9999 -9999 -9999 -9999 -9999 -9999 -9999 -9999 -9999 -9999 -9999 -9999 -9999 -9999 -9999 -9999 -9999 -9999 -9999 -9999 -9999 -9999 -9999 3.97365927696228 3.97312927246094 3.97297716140747 3.97234320640564 3.97235870361328 3.97199869155884 3.9718177318573 3.9714560508728 3.97107863426208 3.97084450721741
-9999 -9999 -9999 -9999 -9999 -9999 -9999 -9999 -9999 -9999 -9999 -9999 -9999 -9999 -9999 -9999 -9999 -9999 -9999 -9999 -9999 -9999 -9999 -9999 -9999 -9999 -9999 -9999 -9999 -9999 -9999 -9999 -9999 -9999 -9999 -9999 -9999 -9999 -9999 -9999 -9999 -9999 -9999 3.97580647468567 3.97486233711243 3.97400522232056 3.9738883972168 3.97370409965515 3.97299814224243 3.97289276123047 3.97246503829956 3.97195887565613 3.97173261642456 3.97159433364868 3.97042226791382 3.96943688392639 3.96959042549133
3.95127439498901 3.98133373260498 3.98078966140747 3.96912217140198 3.97962856292725 3.98054671287537 -9999 -9999 -9999 -9999 -9999 -9999 -9999 -9999 -9999 -9999 -9999 -9999 -9999 -9999 -9999 -9999 -9999 -9999 -9999 -9999 -9999 -9999 -9999 -9999 -9999 -9999 -9999 -9999 -9999 -9999 -9999 -9999 -9999 3.97815632820129 3.97809934616089 3.97759437561035 3.9764096736908 3.97645258903503 3.97586441040039 3.97454476356506 3.97454500198364 3.97390842437744 3.97335910797119 3.97222661972046 3.97138381004333 3.96487259864807 3.96506714820862 3.96752452850342 3.97241950035095 3.97206878662109 3.96713542938232
3.98124527931213 3.98108601570129 3.97985529899597 3.97187256813049 3.9789571762085 3.98043918609619 3.98090195655823 3.98078775405884 3.98070073127747 3.98311328887939 3.98320817947388 3.98049020767212 3.98316979408264 3.98282814025879 -9999 -9999 -9999 -9999 -9999 -9999 -9999 -9999 -9999 -9999 -9999 -9999 -9999 -9999 -9999 -9999 -9999 -9999 -9999 -9999 -9999 -9999 3.97866010665894 3.97842121124268 3.97910237312317 3.97890377044678 3.97828459739685 3.97722339630127 3.97705507278442 3.9770975112915 3.97563886642456 3.97544026374817 3.97550201416016 3.97336030006409 3.97144412994385 3.97160840034485 3.97314119338989 3.9732301235199 3.97292494773865 3.97297692298889 3.97276401519775 3.97266149520874 3.97210788726807
3.98112630844116 3.98088717460632 3.97221779823303 3.9753589630127 3.980628490448 3.98121643066406 3.98122406005859 3.98215270042419 3.98111271858215 3.98311352729797 3.99740600585938 3.99727654457092 3.99736547470093 3.99702429771423 3.99739956855774 3.99739241600037 3.98082900047302 -9999 3.9817328453064 3.98068308830261 3.98049926757812 3.98030543327332 3.98036551475525 3.97992014884949 3.98028087615967 3.98049354553223 3.98049926757812 3.98043346405029 3.98011183738708 3.98052763938904 3.98041772842407 3.98083591461182 3.98087954521179 3.98065161705017 3.97924828529358 3.97047781944275 3.97785496711731 3.9763035774231 3.97663259506226 3.9773473739624 3.97709774971008 3.97723364830017 3.96969819068909 3.97112154960632 3.9731171131134 3.97290635108948 3.97174715995789 3.97229075431824 3.97429990768433 3.96960163116455 3.97359561920166 3.97385025024414 3.97326493263245 3.97306180000305 3.97269248962402 3.97251462936401 3.97251033782959
3.98158884048462 3.97546720504761 3.96385359764099 3.98013043403625 3.98200869560242 3.98199677467346 3.98243427276611 3.98228549957275 3.98162770271301 3.99770569801331 3.99740505218506 3.99778842926025 3.99755930900574 3.9974000453949 3.99764394760132 3.99759769439697 3.99742317199707 3.98098635673523 3.98085165023804 3.9812650680542 3.9810836315155 3.98145961761475 3.98122763633728 3.98166012763977 3.98124432563782 3.9819324016571 3.98217821121216 3.98188185691833 3.98206973075867 3.98165082931519 3.98145818710327 3.98246550559998 3.98109316825867 3.98093390464783 3.98125195503235 3.98014879226685 3.98020076751709 3.97981572151184 3.97982263565063 3.97942709922791 3.9786262512207 3.97789692878723 3.97756814956665 3.97707414627075 3.97571587562561 3.97476601600647 3.97472977638245 3.97484493255615 3.97493100166321 3.97404956817627 3.97394418716431 3.97327899932861 3.97333216667175 3.97311568260193 3.97289848327637 3.97252011299133 3.97234034538269
3.97565937042236 3.97638821601868 3.98241019248962 3.98354530334473 3.98257970809937 3.98213911056519 3.98270201683044 3.98226308822632 3.98346614837646 3.99770426750183 3.99808740615845 3.99778842926025 3.99756026268005 3.99772644042969 3.99769377708435 3.99553942680359 3.99770069122314 3.99755954742432 3.98364734649658 3.9815776348114 3.9823317527771 3.98225116729736 3.98188161849976 3.98266696929932 3.98198056221008 3.98207855224609 3.98261642456055 3.9822404384613 3.98225402832031 3.9823579788208 3.9823796749115 3.98253154754639 3.98198986053467 3.98181343078613 3.98183560371399 3.98037433624268 3.98035430908203 3.97997689247131 3.98092603683472 3.97962284088135 3.9790415763855 3.97883367538452 3.97759032249451 3.97850203514099 3.97661066055298 3.97626161575317 3.97600913047791 3.97503972053528 3.97509098052979 3.97408008575439 3.97411155700684 3.9739465713501 3.97314214706421 3.9731559753418 3.97268152236938 3.97254800796509 3.97232246398926
3.98239588737488 3.98361659049988 3.98389744758606 3.98428177833557 3.9844172000885 3.98498249053955 3.98520302772522 3.98507165908813 3.99817967414856 3.99824380874634 3.99862766265869 3.99778914451599 3.99784469604492 3.99221277236938 3.99234461784363 3.99239921569824 3.99219250679016 3.9978244304657 3.99784350395203 3.9975528717041 3.99819135665894 3.99807929992676 3.99787449836731 3.98381495475769 3.98377203941345 3.98383116722107 3.98315811157227 3.98302578926086 3.98297262191772 3.98297524452209 3.98264622688293 3.98270869255066 3.98270440101624 3.98180389404297 3.98237371444702 3.98153948783875 3.98150992393494 3.98179817199707 3.98078107833862 3.98077297210693 3.97996473312378 3.97996211051941 3.97961449623108 3.97887706756592 3.97755122184753 3.97696042060852 3.97627377510071 3.97515273094177 3.97547841072083 3.97454452514648 3.97412133216858 3.97396349906921 3.97329831123352 3.97320795059204 3.97253656387329 3.97233486175537 3.97231793403625
3.98480844497681 3.98524355888367 3.98649144172668 3.98520445823669 3.9850549697876 3.98532700538635 3.98555707931519 3.9842643737793 3.99840664863586 3.99846911430359 3.99831414222717 3.99846076965332 3.99233245849609 3.99318218231201 3.99338388442993 3.99371290206909 3.99356508255005 3.99711346626282 3.9924168586731 3.99805521965027 3.99819302558899 3.99808144569397 3.99787449836731 3.99839115142822 3.99843382835388 3.99874591827393 3.99957013130188 3.98465967178345 3.98481750488281 3.98366713523865 3.98353886604309 3.9851553440094 4.00006484985352 3.98314762115479 3.98515439033508 3.98515462875366 3.98515748977661 3.98256039619446 4.0005259513855 4.0005259513855 4.00031852722168 4.0001106262207 3.98575329780579 3.97839832305908 3.9783947467804 3.9765260219574 3.97620534896851 3.97611308097839 3.97523713111877 3.97462177276611 3.9746298789978 3.97375345230103 3.97381687164307 3.97300791740417 3.97253942489624 3.97231960296631 3.97236084938049
3.9856173992157 3.98569893836975 3.98552823066711 3.9865550994873 3.99856686592102 3.9986572265625 3.99872136116028 3.99854707717896 3.9986367225647 3.99877643585205 3.99848461151123 3.9984610080719 3.99286222457886 3.99310493469238 3.99334955215454 3.99343514442444 3.99336552619934 3.99740195274353 3.99389600753784 3.99931573867798 3.99943709373474 3.99955725669861 3.99953627586365 3.99964618682861 3.99972105026245 3.99872231483459 3.99883413314819 3.99973011016846 3.99972987174988 3.99972820281982 4.00018167495728 4.00019121170044 4.00019121170044 4.00019073486328 3.98431038856506 4.00073575973511 4.00073528289795 4.00052738189697 4.00052738189697 4.00107288360596 4.00086450576782 3.98575377464294 3.97934079170227 3.98553872108459 3.97819328308105 3.97748184204102 3.97699093818665 3.97614979743958 3.97593712806702 3.97503924369812 3.97446537017822 3.97388911247253 3.9738073348999 3.97348785400391 3.97252011299133 3.97236585617065 3.9723813533783
3.99868154525757 3.99870800971985 3.99866700172424 3.99838995933533 3.99874758720398 3.99854516983032 3.99885702133179 3.99933052062988 3.99903607368469 3.99906492233276 3.99357271194458 3.99336171150208 3.99359035491943 3.99429965019226 3.9940242767334 3.99430418014526 3.99402928352356 3.99397301673889 3.99393725395203 3.9948103427887 3.99414324760437 3.99468898773193 3.99489092826843 4.00035810470581 3.99484729766846 4.00076866149902 4.00039958953857 4.00048446655273 4.0009822845459 4.00098276138306 4.00130128860474 4.00163125991821 4.0001916885376 4.00019216537476 3.9858226776123 4.00128221511841 4.00128221511841 4.00107383728027 4.00107383728027 4.00086688995361 4.00086498260498 4.00065612792969 4.00065517425537 3.98554229736328 3.97891974449158 3.97785902023315 3.97698974609375 3.97589588165283 3.96713423728943 3.94523286819458 3.9747633934021 3.97374320030212 3.97406148910522 3.97352576255798 3.97232484817505 3.97238492965698 3.97211027145386
3.99900126457214 3.99942970275879 3.99891495704651 3.99891638755798 3.99926424026489 3.99899458885193 3.99907970428467 3.9943630695343 3.99352169036865 3.99400544166565 3.99420070648193 3.99396061897278 3.99422359466553 3.9941930770874 3.99409484863281 3.99469208717346 3.994873046875 3.99443888664246 3.99431180953979 4.00086545944214 4.00096988677979 3.99523329734802 3.99028921127319 3.98989057540894 4.00099277496338 3.99523305892944 3.99925708770752 4.00140333175659 4.00140285491943 4.00168037414551 4.00168037414551 4.00195407867432 4.00222492218018 4.00223445892334 4.00218725204468 4.00218677520752 4.00218629837036 4.00197744369507 4.00107383728027 4.0008659362793 4.00065517425537 3.95249462127686 3.98017120361328 3.95484185218811 3.98009896278381 3.9614155292511 3.96705770492554 3.96615433692932 3.97587203979492 3.97411751747131 3.96523189544678 3.97506356239319 3.97390604019165 3.97371768951416 3.97262358665466 3.97234320640564 3.97214698791504
3.9938759803772 3.99417948722839 3.99439072608948 3.99446558952332 3.99468970298767 3.99427247047424 3.99440455436707 3.99470400810242 3.99448728561401 3.9946813583374 3.99494504928589 3.99848818778992 3.99782490730286 3.99550032615662 3.9957754611969 3.99638319015503 3.99574303627014 3.9956259727478 3.99567556381226 4.00111055374146 4.00118446350098 3.9957582950592 3.99133634567261 3.99155449867249 4.00104379653931 3.9958975315094 3.99636435508728 3.99625039100647 3.99641370773315 3.99644446372986 3.99671387672424 4.00222301483154 4.00222206115723 4.0022349357605 4.0022349357605 4.0022349357605 4.00122022628784 4.00121927261353 4.00121831893921 3.98878312110901 3.99940609931946 4.01194381713867 4.00392770767212 3.97198462486267 3.99895620346069 3.9933078289032 3.99120950698853 4.00760221481323 4.0071907043457 4.00342130661011 3.98622345924377 3.99490833282471 3.96137666702271 3.96018433570862 3.97258377075195 3.97229886054993 3.97210454940796
3.9947783946991 3.99472880363464 3.99500918388367 3.99514937400818 3.9950065612793 3.99544525146484 3.99531626701355 3.99527835845947 3.995281457901 3.9985179901123 3.99776172637939 3.99834752082825 3.99808430671692 3.99774694442749 3.99787974357605 3.99904680252075 4.00187015533447 3.99627208709717 3.99626159667969 3.99983692169189 3.99656200408936 3.99648904800415 4.00210762023926 4.00165748596191 3.99986863136292 3.99986362457275 3.99576139450073 3.99577832221985 3.99597930908203 3.99597644805908 3.99597096443176 4.00146865844727 4.00146865844727 3.99674725532532 3.99593782424927 4.00142955780029 4.00122117996216 4.00121974945068 4.00101041793823 3.99292254447937 4.01306009292603 4.09067010879517 4.06572532653809 4.02236032485962 4.01121616363525 4.00863122940063 4.02959728240967 4.06578731536865 4.06572580337524 4.02941656112671 4.02932453155518 4.00712203979492 4.00238990783691 3.99323868751526 3.99255633354187 3.94839286804199 3.94727277755737
3.99502491950989 3.99678134918213 3.99609589576721 3.99607372283936 3.99635815620422 3.99693918228149 3.99598026275635 3.99582839012146 3.9990565776825 3.99775671958923 3.99787354469299 3.99817419052124 3.99828362464905 3.9981575012207 2.84610319137573 3.99812602996826 3.99890446662903 3.99649524688721 3.99654459953308 3.9962272644043 3.99702978134155 3.99692416191101 3.99694919586182 3.99667191505432 3.99641013145447 3.99631929397583 3.99610757827759 3.99613070487976 3.99598574638367 3.99597692489624 3.99597144126892 3.99597263336182 3.99598169326782 3.99599528312683 3.99600887298584 3.9961051940918 4.00127363204956 4.00127172470093 3.98760271072388 4.01481008529663 4.08003616333008 4.09008455276489 4.08997631072998 4.06592273712158 4.03082180023193 4.03077363967896 4.0794825553894 4.14781045913696 4.08024883270264 4.03031206130981 4.05622959136963 4.05643081665039 4.05251836776733 4.02941083908081 4.00381517410278 4.00350618362427 4.00618410110474
3.99471569061279 3.99501729011536 3.99516320228577 3.99527549743652 3.99969410896301 3.99759292602539 3.99836611747742 3.99812006950378 3.99672508239746 3.99668884277344 3.99679493904114 3.99776744842529 3.99803590774536 3.99805569648743 3.96260809898376 3.99837589263916 3.99735355377197 3.99767184257507 3.99776601791382 3.99691796302795 3.99740719795227 3.99973773956299 3.99683427810669 3.99683094024658 3.99691414833069 3.99674296379089 3.9964234828949 3.99645471572876 3.99627590179443 3.9997296333313 3.9962751865387 3.99641942977905 3.99649238586426 3.99656891822815 3.9964771270752 3.99645471572876 3.9963207244873 4.001380443573 4.05341196060181 4.09051704406738 4.1465482711792 4.20889520645142 4.20805072784424 4.06661033630371 4.14545154571533 4.42077922821045 4.2268853187561 4.21313047409058 4.14856052398682 4.14957666397095 4.1516752243042 4.09204721450806 4.08220243453979 4.06851768493652 4.02850961685181 4.05592012405396 4.06841993331909
3.99483323097229 3.99521493911743 3.99499464035034 3.99458837509155 3.99547863006592 3.99541354179382 3.9956111907959 3.99602770805359 3.99626708030701 3.99701547622681 3.99743580818176 3.99751687049866 3.99751758575439 3.99765491485596 3.99771070480347 3.99841260910034 3.99948835372925 3.99832653999329 3.99842095375061 3.99882841110229 3.99860548973083 3.99895811080933 3.99793219566345 3.99763798713684 3.99707746505737 3.99684453010559 3.99676322937012 3.99702215194702 4.00213861465454 4.00213575363159 4.00213861465454 3.99676203727722 3.99676322937012 3.99954342842102 3.99738502502441 3.99699997901917 3.99680948257446 4.00173282623291 4.05333662033081 4.14636087417603 4.24008703231812 4.23979759216309 5.75520706176758 6.70338487625122 5.80295038223267 4.25680923461914 4.42480421066284 4.42675924301147 4.43584728240967 4.26301193237305 4.2558012008667 4.16673374176025 4.15486621856689 4.09295845031738 4.09295797348022 4.09351062774658 4.11549139022827
3.99510669708252 3.99532461166382 3.99518156051636 3.99528074264526 3.99560809135437 3.99550342559814 3.99571943283081 3.9961314201355 3.996253490448 3.99662566184998 3.99680161476135 3.99752974510193 3.99766087532043 3.99766826629639 3.9976909160614 3.9979522228241 3.99958086013794 3.99937319755554 3.99922108650208 4.000159740448 4.00085163116455 3.99887657165527 3.99908924102783 3.99801707267761 3.9978015422821 3.99764347076416 3.99718689918518 3.99724245071411 3.99699854850769 4.00213384628296 3.99707341194153 3.99708604812622 3.99699425697327 3.99716544151306 3.99735927581787 4.00019121170044 3.99768304824829 3.99709272384644 4.03199625015259 4.14450454711914 4.23674011230469 4.23922777175903 4.15944814682007 5.76730632781982 6.65535974502563 6.69394636154175 6.69408369064331 6.83043575286865 5.24513721466064 5.21789836883545 4.68142604827881 4.4615650177002 4.42380237579346 4.27084445953369 4.23533058166504 4.15913581848145 4.16036939620972
