G_variables/Set1/RCP2_2050/Sur_sal_min.asc
NCOLS 229 
NROWS 147 
XLLCORNER -101.25 
YLLCORNER 14.3333333333333 
CELLSIZE 0.0833333333333333 
NODATA_value -9999 
[rows 52 to 77 of 147, columns 114 to 170 of 229]
35.6448745727539 35.7695121765137 35.827033996582 35.8912467956543 35.9908866882324 36.0386962890625 36.0896072387695 36.1447296142578 36.1698837280273 36.1826934814453 36.1796875 36.1755065917969 36.1676826477051 36.1665420532227 36.1601371765137 36.1599922180176 36.1544380187988 36.1599655151367 36.1510047912598 36.1307334899902 36.1222305297852 36.1127433776855 36.1074676513672 36.1100921630859 36.1034164428711 36.0953483581543 36.0951271057129 36.0979652404785 36.0870666503906 36.0895309448242 36.0890693664551 36.0856895446777 36.0900421142578 36.0819473266602 36.0478477478027 36.022575378418 36.0039215087891 35.98095703125 35.9623908996582 35.9619789123535 35.9422798156738 35.9258079528809 35.908374786377 35.8873863220215 35.8655738830566 35.8618240356445 35.8626441955566 35.8642387390137 35.8648452758789 35.8605041503906 35.8618354797363 35.8636627197266 35.8491096496582 35.8450241088867 35.8432960510254 35.8220672607422 35.8208618164062
35.6297645568848 35.7259750366211 35.834789276123 35.8640670776367 35.9570007324219 36.0503959655762 36.0743446350098 36.1223831176758 36.1757507324219 36.1801795959473 36.1856880187988 36.1915130615234 36.1941299438477 36.1850204467773 36.1745948791504 36.176586151123 36.1673316955566 36.1601867675781 36.1593475341797 36.1440963745117 36.1283645629883 36.1205940246582 36.1152877807617 36.1090087890625 36.1006050109863 36.0968284606934 36.0875091552734 36.0862579345703 36.0888175964355 36.0800857543945 36.0812187194824 36.0773391723633 36.0664901733398 36.0607109069824 36.0311889648438 36.0012474060059 35.9924163818359 35.970645904541 35.9482612609863 35.9402198791504 35.930793762207 35.905933380127 35.8936157226562 35.8817481994629 35.8588180541992 35.8610076904297 35.8619232177734 35.8498954772949 35.8525810241699 35.8532295227051 35.8413581848145 35.842342376709 35.8439712524414 35.8323402404785 35.8323516845703 35.8263168334961 35.8124694824219
35.6666374206543 35.7495307922363 35.829517364502 35.8942565917969 35.9931907653809 36.0664596557617 36.1140823364258 36.1682739257812 36.1962585449219 36.200511932373 36.2043991088867 36.2025566101074 36.204704284668 36.191219329834 36.1876029968262 36.1833572387695 36.1660079956055 36.1595687866211 36.1597595214844 36.1387252807617 36.127799987793 36.1171875 36.0987777709961 36.0889892578125 36.0865249633789 36.0704193115234 36.073112487793 36.0689010620117 36.0529861450195 36.0609397888184 36.0585403442383 36.0429534912109 36.0374450683594 36.0307540893555 35.9952278137207 35.9818267822266 35.9668502807617 35.9352531433105 35.9221534729004 35.9076652526855 35.8797340393066 35.8774299621582 35.8642654418945 35.8473930358887 35.8448677062988 35.8452262878418 35.8311767578125 35.8293075561523 35.8278694152832 35.817325592041 35.8174629211426 35.8147735595703 35.8108978271484 35.8139038085938 35.8093681335449 35.7968978881836 35.7994003295898
35.6844902038574 35.7580184936523 35.8441429138184 35.9062118530273 35.999153137207 36.0828704833984 36.1191062927246 36.1699905395508 36.2020645141602 36.2083892822266 36.210578918457 36.2057342529297 36.1988563537598 36.1907348632812 36.1888427734375 36.1848602294922 36.1649894714355 36.1595687866211 36.1533393859863 36.1381607055664 36.1254272460938 36.1122436523438 36.093921661377 36.0865707397461 36.0731658935547 36.063591003418 36.0576438903809 36.0523414611816 36.043758392334 36.0405921936035 36.0350952148438 36.0266914367676 36.0157241821289 36.0037689208984 35.9823608398438 35.9611854553223 35.9438552856445 35.9260902404785 35.8985939025879 35.8836631774902 35.8656768798828 35.8575668334961 35.8493957519531 35.8419952392578 35.8404235839844 35.8361282348633 35.8286361694336 35.8166275024414 35.8205108642578 35.8162879943848 35.8019752502441 35.7970886230469 35.801628112793 35.7935752868652 35.7914657592773 35.7854347229004 35.7785491943359
35.6933860778809 35.7870407104492 35.8856353759766 35.9148635864258 36.0043563842773 36.0927391052246 36.1079597473145 36.1540298461914 36.1947746276855 36.200267791748 36.2016868591309 36.197624206543 36.194766998291 36.1879005432129 36.179141998291 36.1805801391602 36.1726493835449 36.1474571228027 36.141845703125 36.1303977966309 36.1080322265625 36.0950317382812 36.0865440368652 36.0630950927734 36.0587005615234 36.0517387390137 36.0274467468262 36.022533416748 36.0210227966309 36.00244140625 36.005012512207 35.9998359680176 35.9678993225098 35.9679870605469 35.9521751403809 35.913459777832 35.9134140014648 35.8975944519043 35.8614120483398 35.852165222168 35.8468971252441 35.8212776184082 35.8250503540039 35.8332481384277 35.8160400390625 35.8124771118164 35.8109741210938 35.8024139404297 35.800952911377 35.7973670959473 35.7801933288574 35.7802772521973 35.7784194946289 35.7635078430176 35.762336730957 35.7640342712402 35.7538528442383
35.7060127258301 35.7798118591309 35.8852615356445 35.9404220581055 36.0276489257812 36.1084785461426 36.1492385864258 36.1795120239258 36.1904411315918 36.2017860412598 36.1912231445312 36.1831092834473 36.1797027587891 36.1618843078613 36.1565704345703 36.1653022766113 36.1370124816895 36.1297760009766 36.1198577880859 36.0847358703613 36.080379486084 36.0704879760742 36.0348815917969 36.0263061523438 36.0176010131836 35.9904556274414 35.9868927001953 35.9810523986816 35.9609298706055 35.9640884399414 35.9576683044434 35.9431838989258 35.9322967529297 35.9265365600586 35.8988990783691 35.8836288452148 35.8637847900391 35.8610496520996 35.8381462097168 35.832950592041 35.815990447998 35.8058013916016 35.8005523681641 35.8109550476074 35.8029708862305 35.8017234802246 35.7909240722656 35.7920532226562 35.7904663085938 35.7749290466309 35.7662696838379 35.7677574157715 35.7547225952148 35.7445030212402 35.7432174682617 35.7419586181641 35.7371368408203
35.7059211730957 35.778076171875 35.8789749145508 35.9454154968262 36.0300369262695 36.1121826171875 36.1493835449219 36.1786117553711 36.1924934387207 36.1853866577148 36.1776580810547 36.1692237854004 36.1620979309082 36.1560440063477 36.1454200744629 36.140998840332 36.1244087219238 36.1119155883789 36.0984916687012 36.0742721557617 36.0600090026855 36.0492172241211 36.0239562988281 36.0010032653809 35.9855079650879 35.9726600646973 35.9556121826172 35.951244354248 35.9451637268066 35.9327354431152 35.9275894165039 35.9226570129395 35.8995704650879 35.8987121582031 35.8810768127441 35.8484725952148 35.8464851379395 35.8522148132324 35.8280639648438 35.8162994384766 35.8129577636719 35.8036270141602 35.8104629516602 35.8003959655762 35.8024787902832 35.800952911377 35.7931327819824 35.7875671386719 35.785701751709 35.7688522338867 35.7608795166016 35.7625465393066 35.7474670410156 35.7368927001953 35.7409973144531 35.7368698120117 35.7265548706055
35.6585960388184 35.7829284667969 35.8899993896484 35.9156799316406 36.0202026367188 36.099739074707 36.1172103881836 36.1568374633789 36.1726608276367 36.167407989502 36.1601486206055 36.1401481628418 36.1434631347656 36.1354675292969 36.1149673461914 36.1068572998047 36.099925994873 36.069263458252 36.0628395080566 36.0456924438477 36.0088348388672 36.004467010498 35.9887084960938 35.9484367370605 35.9391250610352 35.9336318969727 35.9035186767578 35.9004211425781 35.9068908691406 35.8846130371094 35.8821907043457 35.874828338623 35.8554878234863 35.8563804626465 35.8455276489258 35.8403701782227 35.8406753540039 35.821159362793 35.8347358703613 35.823169708252 35.8085594177246 35.8255004882812 35.8057479858398 35.8022956848145 35.808723449707 35.7939147949219 35.7951545715332 35.7921676635742 35.7755584716797 35.771411895752 35.7665367126465 35.7546730041504 35.7496757507324 35.7439842224121 35.7364807128906 35.7268524169922 35.7292137145996
35.6228408813477 35.7353134155273 35.8567276000977 35.9157524108887 36.0236701965332 36.1053009033203 36.1431159973145 36.1690635681152 36.1662330627441 36.1607131958008 36.1454811096191 36.1304130554199 36.1220817565918 36.104907989502 36.0843544006348 36.072940826416 36.050708770752 36.0318641662598 36.0175743103027 36.0038223266602 35.9792556762695 35.9666023254395 35.9430656433105 35.9118499755859 35.9017372131348 35.8874664306641 35.8735466003418 35.8717002868652 35.8602447509766 35.8577194213867 35.851318359375 35.8415985107422 35.8358497619629 35.8385009765625 35.838752746582 35.8153266906738 35.8254890441895 35.8184356689453 35.818058013916 35.8147163391113 35.8253288269043 35.8180351257324 -9999 -9999 35.802619934082 35.7989387512207 35.7969970703125 35.794677734375 35.7766952514648 35.7728958129883 35.770133972168 35.7558670043945 35.751636505127 35.7513389587402 35.7272529602051 35.7135429382324 35.7165145874023
35.6058578491211 35.7255821228027 35.83349609375 35.9106903076172 36.0213584899902 36.0983467102051 36.1352882385254 36.1678161621094 36.1632804870605 36.1539688110352 36.1434440612793 36.1253623962402 36.1035194396973 36.0923347473145 36.0712051391602 36.0551528930664 36.0421676635742 36.0130386352539 36.001579284668 35.9947662353516 35.9601058959961 35.9518890380859 35.9353675842285 35.9064559936523 35.8873710632324 35.8798522949219 35.8686141967773 35.8654441833496 35.8516387939453 35.8470230102539 35.8460693359375 35.8370742797852 35.8356666564941 35.834285736084 35.8356781005859 35.8137168884277 35.8135719299316 35.8176231384277 -9999 -9999 -9999 -9999 -9999 -9999 -9999 -9999 -9999 -9999 -9999 -9999 35.775691986084 35.7558746337891 35.754150390625 35.738338470459 35.717700958252 35.7133445739746 -9999
35.5556411743164 35.7018623352051 35.8343124389648 35.8673934936523 35.9818458557129 36.0735054016113 36.092414855957 36.1290283203125 36.1462593078613 36.1404571533203 36.1247215270996 36.1028594970703 36.0872688293457 36.0654182434082 36.0378837585449 36.0361328125 36.0163459777832 35.9939498901367 35.9877662658691 35.9651374816895 35.9592628479004 35.9521064758301 35.923469543457 35.9262161254883 35.9109725952148 35.8803176879883 35.8791694641113 35.8560066223145 35.8534088134766 35.8471298217773 35.8378982543945 35.8392372131348 35.8425140380859 35.840747833252 35.8244857788086 -9999 -9999 -9999 -9999 -9999 -9999 -9999 -9999 -9999 -9999 -9999 -9999 -9999 -9999 -9999 -9999 -9999 -9999 -9999 -9999 -9999 -9999
35.5394401550293 35.6724586486816 35.804859161377 35.8811492919922 35.9958686828613 36.0774078369141 36.1163864135742 36.148193359375 36.1453018188477 36.1384239196777 36.1182327270508 36.0949630737305 36.0719337463379 36.0457916259766 36.0228004455566 36.0137214660645 36.0081214904785 35.9883308410645 35.9809989929199 35.9635696411133 35.9584121704102 35.9619369506836 35.932804107666 35.9260177612305 35.9042625427246 35.890739440918 35.8715438842773 35.8581428527832 -9999 -9999 -9999 -9999 -9999 -9999 -9999 -9999 -9999 -9999 -9999 -9999 -9999 -9999 -9999 -9999 -9999 -9999 -9999 -9999 -9999 -9999 -9999 -9999 -9999 -9999 -9999 -9999 -9999
35.5319900512695 35.6673431396484 35.793285369873 35.8724670410156 35.9922180175781 36.0708122253418 36.1149864196777 36.1463203430176 36.139404296875 36.134765625 36.1188774108887 36.0830459594727 36.0619506835938 36.042049407959 36.0144309997559 36.0181503295898 36.0079879760742 35.9872817993164 35.9779968261719 35.9771919250488 35.9680328369141 35.9684028625488 35.9440841674805 -9999 -9999 -9999 -9999 -9999 -9999 -9999 -9999 -9999 -9999 -9999 -9999 -9999 -9999 -9999 -9999 -9999 -9999 -9999 -9999 -9999 -9999 -9999 -9999 -9999 -9999 -9999 -9999 -9999 -9999 -9999 -9999 -9999 -9999
35.4829940795898 35.6556434631348 35.7972297668457 35.8336906433105 35.951587677002 36.0500984191895 36.0688629150391 36.1051788330078 36.1264381408691 36.123649597168 36.1037826538086 36.0667877197266 36.0629539489746 36.0368690490723 36.002799987793 35.996696472168 36.0022850036621 35.9993476867676 35.9804458618164 35.9793319702148 35.978687286377 -9999 -9999 -9999 -9999 -9999 -9999 -9999 -9999 -9999 -9999 -9999 -9999 -9999 -9999 -9999 -9999 -9999 -9999 -9999 -9999 -9999 -9999 -9999 -9999 -9999 -9999 -9999 -9999 -9999 -9999 -9999 -9999 -9999 -9999 -9999 -9999
35.4721031188965 35.6227722167969 35.7745933532715 35.8677558898926 35.9617004394531 36.0454406738281 36.083251953125 36.1119728088379 36.1254692077637 36.1201057434082 36.0965881347656 36.0600051879883 36.0480308532715 36.0070381164551 35.9913101196289 35.9861755371094 35.9877510070801 35.9835891723633 -9999 -9999 -9999 -9999 -9999 -9999 -9999 -9999 -9999 -9999 -9999 -9999 -9999 -9999 -9999 -9999 -9999 -9999 -9999 -9999 -9999 -9999 -9999 -9999 -9999 -9999 -9999 -9999 -9999 -9999 -9999 -9999 -9999 -9999 -9999 -9999 -9999 -9999 -9999
35.4560813903809 35.6127395629883 35.7548828125 35.8526954650879 35.9690628051758 36.0401458740234 36.0783157348633 36.1123275756836 36.110897064209 36.1084823608398 36.0802154541016 36.0497436523438 36.0327529907227 36.0002021789551 35.985050201416 35.972728729248 35.9716911315918 -9999 -9999 -9999 -9999 -9999 -9999 -9999 -9999 -9999 -9999 -9999 -9999 -9999 -9999 -9999 -9999 -9999 -9999 -9999 -9999 -9999 -9999 -9999 -9999 -9999 -9999 -9999 -9999 -9999 -9999 -9999 -9999 -9999 -9999 -9999 -9999 -9999 -9999 -9999 -9999
35.3399314880371 35.5669898986816 35.7381744384766 35.7861404418945 35.9207611083984 36.0037002563477 36.0232810974121 36.0659446716309 36.0833129882812 36.0843238830566 36.0630073547363 36.0225028991699 36.0113716125488 35.9969062805176 35.9438056945801 35.9375801086426 35.9570770263672 -9999 -9999 -9999 -9999 -9999 -9999 -9999 -9999 -9999 -9999 -9999 -9999 -9999 -9999 -9999 -9999 -9999 -9999 -9999 -9999 -9999 -9999 -9999 -9999 -9999 -9999 -9999 -9999 -9999 -9999 -9999 -9999 -9999 -9999 -9999 -9999 -9999 -9999 -9999 -9999
35.2842597961426 35.4903450012207 35.6968765258789 35.7910499572754 35.8941116333008 35.9799957275391 36.0121040344238 36.0430335998535 36.064868927002 36.0646858215332 36.0307884216309 35.9994964599609 35.9752235412598 35.9298133850098 35.910530090332 35.896614074707 35.900089263916 -9999 -9999 -9999 -9999 -9999 -9999 -9999 -9999 -9999 -9999 -9999 -9999 -9999 -9999 -9999 -9999 -9999 -9999 -9999 -9999 -9999 -9999 -9999 -9999 -9999 -9999 -9999 -9999 -9999 -9999 -9999 -9999 -9999 -9999 -9999 -9999 -9999 -9999 -9999 -9999
35.2429504394531 35.4647521972656 35.6370849609375 35.7591934204102 35.8825988769531 35.9539451599121 35.9990005493164 36.0312919616699 36.0377616882324 36.0303573608398 36.02099609375 35.9783477783203 35.9502754211426 35.9170112609863 35.8926391601562 35.8860092163086 -9999 -9999 -9999 -9999 -9999 -9999 -9999 -9999 -9999 -9999 -9999 -9999 -9999 -9999 -9999 -9999 -9999 -9999 -9999 -9999 -9999 -9999 -9999 -9999 -9999 -9999 -9999 -9999 -9999 -9999 -9999 -9999 -9999 -9999 -9999 -9999 -9999 -9999 -9999 -9999 35.5024032592773
35.0907402038574 35.3584747314453 35.5746231079102 35.6330490112305 35.7979927062988 35.9025573730469 35.923900604248 35.9782066345215 35.990062713623 35.9898834228516 35.9766311645508 35.934024810791 35.923583984375 35.896858215332 35.8369255065918 35.829719543457 -9999 -9999 -9999 -9999 -9999 -9999 -9999 -9999 -9999 -9999 -9999 -9999 -9999 -9999 -9999 -9999 -9999 -9999 -9999 -9999 -9999 -9999 -9999 -9999 -9999 -9999 -9999 -9999 -9999 -9999 -9999 -9999 -9999 -9999 -9999 -9999 -9999 -9999 -9999 35.4870758056641 35.4934768676758
34.9999809265137 35.2381591796875 35.5004234313965 35.6126403808594 35.7283515930176 35.8410263061523 35.8824157714844 35.9348983764648 35.9711303710938 35.9703216552734 35.944450378418 35.9101524353027 35.8776588439941 35.8239669799805 35.7931709289551 -9999 -9999 -9999 -9999 -9999 -9999 -9999 -9999 -9999 -9999 -9999 -9999 -9999 -9999 -9999 -9999 -9999 -9999 -9999 -9999 -9999 -9999 -9999 -9999 -9999 -9999 -9999 -9999 -9999 -9999 -9999 -9999 -9999 -9999 -9999 -9999 -9999 -9999 -9999 35.4509735107422 35.4618530273438 35.4743156433105
34.9216117858887 35.195987701416 35.4138259887695 35.5573425292969 35.6991310119629 35.7772979736328 35.8541259765625 35.9186782836914 35.9314346313477 35.9517135620117 35.9293098449707 35.8869857788086 35.8556289672852 35.8107070922852 35.7817764282227 35.7727317810059 -9999 -9999 -9999 -9999 -9999 -9999 -9999 -9999 -9999 -9999 -9999 -9999 -9999 -9999 -9999 -9999 -9999 -9999 -9999 -9999 -9999 -9999 -9999 -9999 -9999 -9999 -9999 -9999 -9999 -9999 -9999 -9999 -9999 -9999 -9999 -9999 -9999 35.4332847595215 35.4347991943359 35.4556770324707 35.4707565307617
34.7572326660156 35.0502815246582 35.2900276184082 35.3607635498047 35.5696792602539 35.7124786376953 35.7436866760254 35.8365516662598 35.8767395019531 35.8691329956055 35.8802223205566 35.8393821716309 35.8232650756836 35.7935562133789 35.7321319580078 -9999 -9999 -9999 -9999 -9999 -9999 -9999 -9999 -9999 -9999 -9999 -9999 -9999 -9999 -9999 -9999 -9999 -9999 -9999 -9999 -9999 -9999 -9999 -9999 -9999 -9999 -9999 -9999 -9999 -9999 -9999 -9999 -9999 -9999 -9999 -9999 -9999 -9999 35.4203681945801 35.4250640869141 35.4291610717773 35.4365119934082
34.6391181945801 34.8732414245605 35.1509056091309 35.2876052856445 35.4488792419434 35.6152420043945 35.6669616699219 35.7594223022461 35.8519134521484 35.8489303588867 35.849235534668 35.8223457336426 35.7933731079102 35.7285118103027 35.6864395141602 -9999 -9999 -9999 -9999 -9999 -9999 -9999 -9999 -9999 -9999 -9999 -9999 -9999 -9999 -9999 -9999 -9999 -9999 -9999 -9999 -9999 -9999 -9999 -9999 -9999 -9999 -9999 -9999 -9999 -9999 -9999 -9999 -9999 -9999 -9999 -9999 35.4075355529785 35.4063339233398 35.4022903442383 35.4058265686035 35.4004821777344 35.411994934082
34.5350303649902 34.8227996826172 35.0509643554688 35.210823059082 35.4072875976562 35.5119972229004 35.6203575134277 35.7341957092285 35.7798690795898 35.8255615234375 35.835147857666 35.7996635437012 35.76708984375 35.7169075012207 35.6764831542969 -9999 -9999 -9999 -9999 -9999 -9999 -9999 -9999 -9999 -9999 -9999 -9999 -9999 -9999 -9999 -9999 -9999 -9999 -9999 -9999 -9999 -9999 -9999 -9999 -9999 -9999 -9999 -9999 -9999 -9999 -9999 -9999 -9999 -9999 -9999 -9999 35.4063529968262 35.4050598144531 35.4024772644043 35.4055290222168 35.4037017822266 35.3972129821777
34.4017372131348 34.6786994934082 34.912166595459 34.9911880493164 35.238655090332 35.4194030761719 35.4709358215332 35.6206512451172 35.6970405578613 35.7158546447754 35.7550659179688 35.743278503418 35.7194786071777 35.6929779052734 35.6758117675781 -9999 -9999 -9999 -9999 -9999 -9999 -9999 -9999 -9999 -9999 -9999 -9999 -9999 -9999 -9999 -9999 -9999 -9999 -9999 -9999 -9999 -9999 -9999 -9999 -9999 -9999 -9999 -9999 -9999 -9999 -9999 -9999 -9999 -9999 -9999 -9999 35.4059028625488 35.4052658081055 35.4107475280762 35.4094734191895 35.398509979248 35.3953018188477
