G_variables/Set1/RCP2_2050/Sur_sal_min.asc
NCOLS 229 
NROWS 147 
XLLCORNER -101.25 
YLLCORNER 14.3333333333333 
CELLSIZE 0.0833333333333333 
NODATA_value -9999 
[rows 0 to 25 of 147, columns 114 to 170 of 229]
-9999 -9999 -9999 -9999 -9999 -9999 -9999 -9999 -9999 -9999 -9999 -9999 -9999 -9999 -9999 -9999 -9999 -9999 -9999 -9999 -9999 -9999 -9999 -9999 -9999 -9999 -9999 -9999 -9999 -9999 -9999 -9999 -9999 -9999 -9999 -9999 -9999 -9999 -9999 -9999 -9999 -9999 -9999 -9999 -9999 -9999 -9999 -9999 -9999 -9999 -9999 -9999 -9999 -9999 -9999 -9999 -9999
-9999 -9999 -9999 -9999 -9999 -9999 -9999 -9999 -9999 -9999 -9999 -9999 -9999 -9999 -9999 -9999 -9999 -9999 -9999 -9999 -9999 -9999 -9999 -9999 -9999 -9999 -9999 -9999 -9999 -9999 -9999 -9999 -9999 -9999 -9999 -9999 -9999 -9999 -9999 -9999 -9999 -9999 -9999 -9999 -9999 -9999 -9999 -9999 -9999 -9999 -9999 -9999 -9999 -9999 -9999 -9999 -9999
-9999 -9999 -9999 -9999 -9999 -9999 -9999 -9999 -9999 -9999 -9999 -9999 -9999 -9999 -9999 -9999 -9999 -9999 -9999 -9999 -9999 -9999 -9999 -9999 -9999 -9999 -9999 -9999 -9999 -9999 -9999 -9999 -9999 -9999 -9999 -9999 -9999 -9999 -9999 -9999 -9999 -9999 -9999 -9999 -9999 -9999 -9999 -9999 -9999 -9999 -9999 -9999 -9999 -9999 -9999 -9999 34.8046951293945
-9999 -9999 -9999 -9999 -9999 -9999 -9999 -9999 -9999 -9999 -9999 -9999 -9999 -9999 -9999 -9999 -9999 -9999 -9999 -9999 -9999 -9999 -9999 -9999 -9999 -9999 -9999 -9999 -9999 -9999 -9999 -9999 -9999 -9999 -9999 -9999 -9999 -9999 -9999 -9999 -9999 -9999 -9999 -9999 -9999 -9999 -9999 -9999 -9999 -9999 -9999 -9999 -9999 -9999 34.6604194641113 34.7643508911133 34.8309936523438
-9999 -9999 -9999 -9999 -9999 -9999 -9999 -9999 -9999 -9999 -9999 -9999 -9999 -9999 -9999 -9999 -9999 -9999 -9999 -9999 -9999 -9999 -9999 -9999 -9999 -9999 -9999 -9999 -9999 -9999 -9999 -9999 -9999 -9999 -9999 -9999 -9999 -9999 -9999 -9999 -9999 -9999 -9999 -9999 -9999 -9999 -9999 -9999 -9999 -9999 -9999 -9999 -9999 34.5982513427734 34.6794204711914 34.7777137756348 34.8529624938965
-9999 -9999 -9999 -9999 -9999 -9999 -9999 -9999 -9999 -9999 -9999 -9999 -9999 -9999 -9999 -9999 -9999 -9999 -9999 -9999 -9999 -9999 -9999 -9999 -9999 -9999 -9999 -9999 -9999 -9999 -9999 -9999 -9999 -9999 -9999 -9999 -9999 -9999 -9999 -9999 -9999 -9999 -9999 -9999 -9999 -9999 -9999 -9999 -9999 -9999 -9999 34.2978477478027 34.4457015991211 34.6396026611328 34.6813812255859 34.7708435058594 34.8915214538574
-9999 -9999 -9999 -9999 -9999 -9999 -9999 -9999 -9999 -9999 -9999 -9999 -9999 -9999 -9999 -9999 -9999 -9999 -9999 -9999 -9999 -9999 -9999 -9999 -9999 -9999 -9999 -9999 -9999 -9999 -9999 -9999 -9999 -9999 -9999 -9999 -9999 -9999 -9999 -9999 -9999 -9999 -9999 -9999 -9999 -9999 -9999 -9999 -9999 -9999 34.2886924743652 34.4252052307129 34.5728759765625 34.6895217895508 34.7753067016602 34.8601493835449 34.9109992980957
-9999 -9999 -9999 -9999 -9999 -9999 -9999 -9999 -9999 -9999 -9999 -9999 -9999 -9999 -9999 -9999 -9999 -9999 -9999 -9999 -9999 -9999 -9999 -9999 -9999 -9999 -9999 -9999 -9999 -9999 -9999 -9999 -9999 -9999 -9999 -9999 -9999 -9999 -9999 -9999 -9999 -9999 -9999 -9999 -9999 -9999 -9999 -9999 34.0599784851074 34.1616744995117 34.340705871582 34.4533500671387 34.5858612060547 34.7271690368652 34.787540435791 34.8745613098145 34.9428558349609
-9999 -9999 -9999 -9999 -9999 -9999 -9999 -9999 -9999 -9999 -9999 -9999 -9999 -9999 -9999 -9999 -9999 -9999 -9999 -9999 -9999 -9999 -9999 -9999 -9999 -9999 -9999 -9999 -9999 -9999 -9999 -9999 -9999 -9999 -9999 -9999 -9999 -9999 -9999 -9999 -9999 -9999 -9999 -9999 -9999 -9999 -9999 34.0794067382812 34.1038589477539 34.2386894226074 34.4161911010742 34.4666900634766 34.6184234619141 34.7658424377441 34.7877731323242 34.887321472168 34.9802322387695
-9999 -9999 -9999 -9999 -9999 -9999 -9999 -9999 -9999 -9999 -9999 -9999 -9999 -9999 -9999 -9999 -9999 -9999 -9999 -9999 -9999 -9999 -9999 -9999 -9999 -9999 -9999 -9999 -9999 -9999 -9999 -9999 -9999 -9999 -9999 -9999 -9999 -9999 -9999 -9999 -9999 -9999 -9999 34.1785621643066 34.040210723877 34.0034294128418 33.9787750244141 34.0328559875488 34.120979309082 34.238941192627 34.3957633972168 34.496223449707 34.6861991882324 34.8368530273438 34.9092102050781 34.9511070251465 34.9727783203125
34.839427947998 34.6039390563965 34.3828506469727 34.2707481384277 33.9663619995117 33.7175178527832 -9999 -9999 -9999 -9999 -9999 -9999 -9999 -9999 -9999 -9999 -9999 -9999 -9999 -9999 -9999 -9999 -9999 -9999 -9999 -9999 -9999 -9999 -9999 -9999 -9999 -9999 -9999 -9999 -9999 -9999 -9999 -9999 -9999 34.7722206115723 34.7263526916504 34.5305671691895 34.399040222168 34.2035179138184 34.0843696594238 34.0071907043457 33.9856834411621 34.0777359008789 34.1132431030273 34.2332000732422 34.3896942138672 34.529727935791 34.7000999450684 34.8552551269531 34.9370994567871 34.9845504760742 35.0206718444824
34.8642349243164 34.6249923706055 34.432933807373 34.3737411499023 34.109619140625 33.8866119384766 33.8041114807129 33.5537796020508 33.3840408325195 33.3385925292969 33.1967277526855 33.2018013000488 33.2105484008789 33.1360168457031 -9999 -9999 -9999 -9999 -9999 -9999 -9999 -9999 -9999 -9999 -9999 -9999 -9999 -9999 -9999 -9999 -9999 -9999 -9999 -9999 -9999 -9999 34.7642097473145 34.769947052002 34.8086204528809 34.7994842529297 34.6602516174316 34.5549049377441 34.4905967712402 34.3022422790527 34.1662940979004 34.1277618408203 34.0997543334961 34.1200485229492 34.1470260620117 34.288459777832 34.4573402404785 34.5182342529297 34.7169303894043 34.875846862793 34.9028244018555 34.9806747436523 35.0449295043945
34.8509712219238 34.7203941345215 34.5642356872559 34.4108810424805 34.3118209838867 34.1380462646484 33.9643898010254 33.8330497741699 33.6243782043457 33.5327186584473 33.5024871826172 33.4107971191406 33.4277763366699 33.5672187805176 33.5648536682129 33.5386047363281 33.6273002624512 -9999 33.3710594177246 33.3057899475098 33.0683364868164 33.0127449035645 32.9910125732422 32.8396148681641 32.8634719848633 32.9317054748535 32.9199905395508 33.0295753479004 33.4488868713379 33.7333564758301 33.9672050476074 34.3938293457031 34.5552139282227 34.7308235168457 34.9175758361816 34.9330291748047 35.0024299621582 35.0750770568848 35.0196113586426 35.021125793457 34.8797187805176 34.6539840698242 34.5338668823242 34.3294715881348 34.1658477783203 34.1184883117676 34.0624504089355 34.0861892700195 34.1468887329102 34.2863426208496 34.4415397644043 34.5817680358887 34.8103332519531 34.9575729370117 35.0304679870605 35.0584754943848 35.0304641723633
34.8831634521484 34.7412414550781 34.591251373291 34.5261116027832 34.3518562316895 34.2049217224121 34.1478500366211 33.9204864501953 33.7780723571777 33.7225189208984 33.6030044555664 33.6058235168457 33.6209373474121 33.6589736938477 33.7527656555176 33.811092376709 33.7517509460449 33.7043762207031 33.656078338623 33.4536666870117 33.3498611450195 33.2426261901855 33.1190414428711 33.0984687805176 33.0551376342773 33.0317649841309 33.1250534057617 33.2946014404297 33.5738372802734 33.9454231262207 34.1790428161621 34.5144653320312 34.8178939819336 34.8975448608398 35.0048370361328 35.1101913452148 35.1022186279297 35.1385765075684 35.1736793518066 35.0652465820312 34.9071006774902 34.7193603515625 34.5572090148926 34.3377418518066 34.1903228759766 34.1135902404785 34.0561943054199 34.0927124023438 34.1501350402832 34.2825508117676 34.4631195068359 34.5927810668945 34.8208961486816 34.9781074523926 35.0356330871582 35.069408416748 35.0535125732422
34.9475860595703 34.7861137390137 34.6642646789551 34.6314430236816 34.4500045776367 34.3694496154785 34.3349456787109 34.1634407043457 34.0944442749023 34.0607795715332 33.9377021789551 33.9615211486816 33.9705047607422 33.9174537658691 34.0676155090332 34.0894660949707 33.9870262145996 34.0653305053711 34.0357322692871 33.8194999694824 33.7717819213867 33.7219047546387 33.4839057922363 33.4704971313477 33.4464912414551 33.398998260498 33.6491584777832 33.7254905700684 33.9595069885254 34.392879486084 34.5192756652832 34.7378883361816 35.0906677246094 35.1376800537109 35.1626625061035 35.320987701416 35.3274307250977 35.232536315918 35.2013740539551 35.1530342102051 34.9197311401367 34.742504119873 34.6628570556641 34.4441413879395 34.2648620605469 34.2245559692383 34.1732711791992 34.1814956665039 34.211742401123 34.3639221191406 34.5503273010254 34.6026649475098 34.7842559814453 34.963680267334 34.9941101074219 35.0557975769043 35.0969161987305
34.9969329833984 34.9202880859375 34.7829055786133 34.7043228149414 34.6962699890137 34.6120948791504 34.5229835510254 34.5536041259766 34.4444236755371 34.3585624694824 34.3853569030762 34.2941780090332 34.3057518005371 34.4386901855469 34.4413871765137 34.4793586730957 34.5903968811035 34.5265846252441 34.4616241455078 34.3906173706055 34.199291229248 34.0994110107422 33.9983787536621 33.8506469726562 33.8031387329102 33.868537902832 33.951057434082 34.0979843139648 34.4498138427734 34.7752990722656 35.0314750671387 35.1985397338867 35.3304138183594 35.4464912414551 35.4609794616699 35.4974021911621 35.5290260314941 35.4756240844727 35.3662223815918 35.2868576049805 35.0837631225586 34.8232574462891 34.6757888793945 34.4586982727051 34.2822685241699 34.2057685852051 34.1544227600098 34.1657562255859 34.2236366271973 34.386905670166 34.5597534179688 34.6918792724609 34.908618927002 35.0277633666992 35.1138381958008 35.1251983642578 35.0835571289062
35.0766754150391 34.9592895507812 34.8544120788574 34.8349266052246 34.7566871643066 34.7151374816895 34.7495765686035 34.6635055541992 34.627613067627 34.6295280456543 34.5244522094727 34.5541687011719 34.5628280639648 34.571216583252 34.7057495117188 34.7266883850098 34.7173500061035 34.7761573791504 34.7267036437988 34.5227584838867 34.4513893127441 34.3607940673828 34.1320991516113 34.1174697875977 34.1142959594727 34.0180473327637 34.2265014648438 34.3373718261719 34.5849380493164 35.0698204040527 35.1562042236328 35.2738952636719 35.5053825378418 35.5372123718262 35.5069313049316 35.5907592773438 35.5904960632324 35.5113410949707 35.4459190368652 35.3288269042969 35.1000442504883 34.8647613525391 34.7040023803711 34.4731903076172 34.313404083252 34.2392959594727 34.1670799255371 34.1979484558105 34.2689971923828 34.4101104736328 34.6080627441406 34.7126693725586 34.9275588989258 35.0751724243164 35.1148643493652 35.1347465515137 35.1009178161621
35.1633911132812 35.0625267028809 35.0318603515625 35.0216789245605 34.9244041442871 34.9813079833984 34.9873542785645 34.920654296875 35.0080299377441 35.0043525695801 34.9146347045898 35.0024185180664 35.0041923522949 34.9455757141113 35.0701217651367 35.088680267334 34.9880676269531 35.0661811828613 35.042610168457 34.8280487060547 34.796070098877 34.7499961853027 34.5402145385742 34.5609588623047 34.5512580871582 34.5796012878418 34.7508277893066 34.8130493164062 34.9830284118652 35.2442359924316 35.3071441650391 35.3831329345703 35.5761871337891 35.5948295593262 35.6082000732422 35.6449279785156 35.6417999267578 35.544017791748 35.4355087280273 35.372428894043 35.128963470459 34.9061546325684 34.8189735412598 34.5723915100098 34.3937568664551 34.3552474975586 34.316032409668 34.3526496887207 34.3882369995117 34.5365676879883 34.7193870544434 34.7663497924805 34.9049873352051 35.0588226318359 35.0793380737305 35.0908622741699 35.1229209899902
35.27783203125 35.2555465698242 35.1958618164062 35.1506118774414 35.179759979248 35.2259635925293 35.2175598144531 35.277473449707 35.3441772460938 35.3234939575195 35.298999786377 35.3278198242188 35.3379554748535 35.3304405212402 35.3890724182129 35.4324111938477 35.3941116333008 35.3683204650879 35.3255424499512 35.226978302002 35.118579864502 35.0138626098633 34.9280891418457 34.8732757568359 34.8443717956543 34.9090270996094 35.0321731567383 35.1894264221191 35.2595977783203 35.3389778137207 35.5086059570312 35.5489768981934 35.5836372375488 35.6242408752441 35.6703872680664 35.6926422119141 35.6804542541504 35.6746559143066 35.5782890319824 35.4658889770508 35.2755088806152 35.0050010681152 34.8336753845215 34.6158905029297 34.4348449707031 34.3543701171875 34.3432235717773 34.3916130065918 34.4567527770996 34.6251449584961 34.7836074829102 34.9290466308594 35.0737991333008 35.1225509643555 35.1684646606445 35.1531677246094 35.1086235046387
35.3864555358887 35.3026847839355 35.2788429260254 35.2815742492676 35.243522644043 35.3411331176758 35.3786926269531 35.3514251708984 35.4783325195312 35.4959907531738 35.3856315612793 35.4996490478516 35.5009841918945 35.418830871582 35.5692749023438 35.5653343200684 35.4652709960938 35.5133361816406 35.4883041381836 35.3055877685547 35.2590065002441 35.2252044677734 35.0335731506348 35.0667953491211 35.0581550598145 35.0213317871094 35.254207611084 35.2710227966309 35.3261070251465 35.5146293640137 35.5229759216309 35.5602798461914 35.61083984375 35.6368751525879 35.6710357666016 35.6958084106445 35.7114753723145 35.682243347168 35.59130859375 35.5164642333984 35.3004455566406 35.0574684143066 34.8841590881348 34.6462440490723 34.4965400695801 34.4381675720215 34.3812675476074 34.4519233703613 34.5297317504883 34.6620292663574 34.8609466552734 34.9541397094727 35.0923728942871 35.1854553222656 35.1729545593262 35.1537017822266 35.1073265075684
35.444580078125 35.4319305419922 35.4597930908203 35.4587821960449 35.4606475830078 35.5164070129395 35.5410232543945 35.5549011230469 35.6352310180664 35.6454391479492 35.6444206237793 35.6864967346191 35.6892166137695 35.670524597168 35.6941528320312 35.6932945251465 35.6307525634766 35.6370735168457 35.6166305541992 35.508731842041 35.4822578430176 35.4566917419434 35.3950080871582 35.383430480957 35.3811836242676 35.3825645446777 35.4464340209961 35.4655952453613 35.4745445251465 35.5591125488281 35.5622177124023 35.5856323242188 35.636905670166 35.6429100036621 35.6683769226074 35.7074966430664 35.7117080688477 35.6391830444336 35.5703239440918 35.5325508117676 35.3153381347656 35.1049995422363 35.0144996643066 34.7889404296875 34.6346549987793 34.6037635803223 34.5750999450684 34.6217041015625 34.6623649597168 34.7816505432129 34.9358100891113 34.988899230957 35.0646591186523 35.1563339233398 35.1527633666992 35.1351661682129 35.1207389831543
35.5337181091309 35.5368690490723 35.5586090087891 35.5535926818848 35.5479202270508 35.6014747619629 35.6480979919434 35.6619567871094 35.7119789123535 35.729190826416 35.7210273742676 35.7436218261719 35.7542266845703 35.7301139831543 35.7400932312012 35.741138458252 35.7160148620605 35.7180671691895 35.6766929626465 35.6520385742188 35.658016204834 35.5907783508301 35.5547027587891 35.5531272888184 35.5606842041016 35.5375938415527 35.5344543457031 35.5944061279297 35.588005065918 35.5813598632812 35.6040000915527 35.634765625 35.6526527404785 35.6713333129883 35.7188911437988 35.7390213012695 35.7436561584473 35.7540435791016 35.6917762756348 35.6031608581543 35.461742401123 35.2371940612793 35.0758247375488 34.8905639648438 34.7052803039551 34.6394882202148 34.6604652404785 34.7036170959473 34.7716445922852 34.89404296875 34.9907875061035 35.0988731384277 35.1873893737793 35.2126007080078 35.2408180236816 35.2112503051758 35.1196060180664
35.5824584960938 35.5579948425293 35.5918960571289 35.6028785705566 35.5780410766602 35.6641006469727 35.6743469238281 35.6789894104004 35.747257232666 35.7577056884766 35.7341423034668 35.7659530639648 35.7638702392578 35.7345771789551 35.7584838867188 35.7536659240723 35.7184791564941 35.7305030822754 35.7376136779785 35.6764755249023 35.6965789794922 35.7042999267578 35.6054954528809 35.6428565979004 35.6292762756348 35.5789413452148 35.6358489990234 35.6231803894043 35.6071090698242 35.6228637695312 35.6271171569824 35.6475868225098 35.6736030578613 35.6919746398926 35.7280921936035 35.7571334838867 35.7616958618164 35.7621765136719 35.7050628662109 35.664665222168 35.4881973266602 35.2807006835938 35.1609077453613 34.9358787536621 34.7997398376465 34.7424087524414 34.7102355957031 34.7935943603516 34.8283615112305 34.9290924072266 35.0693893432617 35.1186637878418 35.2027893066406 35.2561149597168 35.2501182556152 35.2219161987305 35.1636199951172
35.5815696716309 35.6045837402344 35.6413040161133 35.6504058837891 35.6803092956543 35.6960830688477 35.6992378234863 35.7234497070312 35.7448196411133 35.7511520385742 35.7655181884766 35.7685852050781 35.7671318054199 35.7670288085938 35.7535209655762 35.7492065429688 35.7472229003906 35.746150970459 35.7478256225586 35.7491683959961 35.7640838623047 35.7621803283691 35.7559204101562 35.7490348815918 35.7438888549805 35.7136268615723 35.7041206359863 35.6941299438477 35.6623649597168 35.6664733886719 35.6686782836914 35.6798896789551 35.7113876342773 35.7210159301758 35.7372169494629 35.7685737609863 35.7703552246094 35.7113838195801 35.6975784301758 35.6667175292969 35.4969024658203 35.3526039123535 35.2901840209961 35.1090316772461 34.9838447570801 34.9527740478516 34.9101028442383 34.9396820068359 34.9595375061035 35.0215072631836 35.1460418701172 35.1598243713379 35.1945610046387 35.2492065429688 35.2474327087402 35.2190780639648 35.1839752197266
35.601749420166 35.6370658874512 35.6454849243164 35.6617698669434 35.6867332458496 35.6850128173828 35.7029571533203 35.7205696105957 35.723762512207 35.7388343811035 35.7500877380371 35.7529182434082 35.7498779296875 35.7514343261719 35.7407341003418 35.7351875305176 35.7473449707031 35.7445068359375 35.7443885803223 35.7860298156738 35.8034248352051 35.8011093139648 35.8201179504395 35.8166961669922 35.804859161377 35.7910690307617 35.7619857788086 35.741138458252 35.7282295227051 35.7068481445312 35.7121429443359 35.7386589050293 35.7523803710938 35.7790374755859 35.7992057800293 35.7996711730957 35.8062400817871 35.8231353759766 35.7861633300781 35.7222480773926 35.6515579223633 35.5183143615723 35.3747749328613 35.2519874572754 35.1110916137695 35.062084197998 35.0498199462891 35.0436096191406 35.0994644165039 35.1521911621094 35.1935653686523 35.25390625 35.3148956298828 35.3299179077148 35.3230819702148 35.2905197143555 35.2110061645508
35.6206588745117 35.6425323486328 35.6506805419922 35.6725997924805 35.6890907287598 35.6975288391113 35.6920318603516 35.7197074890137 35.7279777526855 35.7262191772461 35.7433815002441 35.7376861572266 35.7430191040039 35.7411651611328 35.7248039245605 35.7366027832031 35.7429809570312 35.7402725219727 35.7610168457031 35.7912101745605 35.8186225891113 35.822021484375 35.8294410705566 35.8376121520996 35.833812713623 35.7998275756836 35.7852058410645 35.7704429626465 35.7399826049805 35.7439422607422 35.7456398010254 35.7570915222168 35.7966690063477 35.7996025085449 35.8117332458496 35.8272819519043 35.8269882202148 35.8267784118652 35.7981109619141 35.7796440124512 35.6735496520996 35.5478744506836 35.492992401123 35.3076248168945 35.2151679992676 35.1588020324707 35.1043281555176 35.1603507995605 35.1457366943359 35.1738891601562 35.2528419494629 35.2812423706055 35.3279991149902 35.3572044372559 35.3522109985352 35.3087272644043 35.256721496582
