G_variables/Set1/RCP2_2050/Sur_tem_max.asc
NCOLS 229 
NROWS 147 
XLLCORNER -101.25 
YLLCORNER 14.3333333333333 
CELLSIZE 0.0833333333333333 
NODATA_value -9999 
[rows 26 to 51 of 147, columns 57 to 113 of 229]
-9999 -9999 -9999 -9999 -9999 -9999 -9999 -9999 -9999 -9999 -9999 -9999 -9999 -9999 -9999 -9999 -9999 -9999 -9999 -9999 -9999 -9999 -9999 -9999 -9999 -9999 -9999 -9999 -9999 31.1313133239746 31.1281509399414 31.1261596679688 31.1276988983154 31.1393089294434 31.1378707885742 31.1433448791504 31.1465015411377 31.1489677429199 31.139066696167 31.1438961029053 31.141393661499 31.1325206756592 31.1270027160645 31.1127185821533 31.1107139587402 31.1210422515869 31.1171340942383 31.1286563873291 31.1358375549316 31.1439609527588 31.1528091430664 31.1494655609131 31.1595211029053 31.1740894317627 31.1791496276855 31.1867866516113 31.1879367828369
-9999 -9999 -9999 -9999 -9999 -9999 -9999 -9999 -9999 -9999 -9999 -9999 -9999 -9999 -9999 -9999 -9999 -9999 -9999 -9999 -9999 -9999 -9999 -9999 -9999 -9999 -9999 -9999 31.1409492492676 31.1336193084717 31.142032623291 31.1376628875732 31.1273174285889 31.1514186859131 31.149284362793 31.1435737609863 31.1576976776123 31.1537685394287 31.1483764648438 31.1482677459717 31.1437244415283 31.1392765045166 31.1248340606689 31.1237487792969 31.1161708831787 31.1201305389404 31.1250915527344 31.1291828155518 31.1373996734619 31.1438522338867 31.1500682830811 31.1607933044434 31.1702156066895 31.1763648986816 31.1875133514404 31.1871719360352 31.186466217041
-9999 -9999 -9999 -9999 -9999 -9999 -9999 -9999 -9999 -9999 -9999 -9999 -9999 -9999 -9999 -9999 -9999 -9999 -9999 -9999 -9999 -9999 -9999 -9999 -9999 -9999 -9999 -9999 31.1343021392822 31.1515159606934 31.1516132354736 31.1456642150879 31.1406135559082 31.1481285095215 31.1648864746094 31.1616802215576 31.1722221374512 31.1716213226318 31.172550201416 31.1615238189697 31.1512355804443 31.1431121826172 31.1328105926514 31.1287403106689 31.1203956604004 31.1161212921143 31.122730255127 31.1213817596436 31.1328029632568 31.1384677886963 31.1469745635986 31.1537094116211 31.1658420562744 31.1813049316406 31.1873207092285 31.1815090179443 31.180570602417
-9999 -9999 -9999 -9999 -9999 -9999 -9999 -9999 -9999 -9999 -9999 -9999 -9999 -9999 -9999 -9999 -9999 -9999 -9999 -9999 -9999 -9999 -9999 -9999 -9999 -9999 -9999 31.1167449951172 31.0992031097412 31.1593780517578 31.1681022644043 31.1458187103271 31.1528053283691 31.1583003997803 31.1969108581543 31.1733474731445 31.1841640472412 31.2090320587158 31.1796073913574 31.1663684844971 31.1724071502686 31.1393203735352 31.1315517425537 31.1387786865234 31.1328582763672 31.1182231903076 31.1145458221436 31.124828338623 31.1338787078857 31.1334934234619 31.1418552398682 31.151782989502 31.1655139923096 31.1932106018066 31.1917686462402 31.1753826141357 31.177698135376
-9999 -9999 -9999 -9999 -9999 -9999 -9999 -9999 -9999 -9999 -9999 -9999 -9999 -9999 -9999 -9999 -9999 -9999 -9999 -9999 -9999 -9999 -9999 -9999 -9999 -9999 -9999 31.1150588989258 31.1255798339844 31.1352157592773 31.1615524291992 31.1563854217529 31.1503200531006 31.1872787475586 31.1906585693359 31.1783828735352 31.1970729827881 31.194673538208 31.1875991821289 31.1778392791748 31.1687660217285 31.1541976928711 31.1413307189941 31.1413383483887 31.1385707855225 31.137716293335 31.1373901367188 31.1331882476807 31.1392288208008 31.1439380645752 31.140172958374 31.1500854492188 31.1606597900391 31.170295715332 31.1691455841064 31.1653652191162 31.1730442047119
30.8505458831787 30.8571605682373 30.8597965240479 30.8835563659668 -9999 -9999 -9999 -9999 -9999 -9999 -9999 -9999 -9999 -9999 -9999 -9999 -9999 -9999 -9999 -9999 -9999 -9999 -9999 -9999 -9999 -9999 31.0775947570801 31.1148242950439 31.1190605163574 31.1302127838135 31.158374786377 31.1614322662354 31.1567878723145 31.1945133209229 31.1958408355713 31.1833076477051 31.2014026641846 31.199462890625 31.1915225982666 31.1830825805664 31.1782531738281 31.1690940856934 31.1483707427979 31.1435165405273 31.1378593444824 31.1331825256348 31.1326217651367 31.123592376709 31.1246204376221 31.1261329650879 31.1165180206299 31.1270446777344 31.1310882568359 31.1356506347656 31.146369934082 31.1469497680664 31.1515731811523
30.8534374237061 30.8672676086426 30.8810482025146 30.8927135467529 30.9174556732178 30.909366607666 30.9174137115479 30.9472732543945 30.9394397735596 -9999 -9999 -9999 -9999 -9999 -9999 -9999 -9999 -9999 -9999 -9999 -9999 -9999 -9999 -9999 -9999 -9999 31.0869884490967 31.1125736236572 31.1262702941895 31.1374111175537 31.1471366882324 31.1647682189941 31.1774139404297 31.1892318725586 31.2125453948975 31.2024230957031 31.2028350830078 31.2208099365234 31.1951427459717 31.1904354095459 31.1971435546875 31.1699066162109 31.1612224578857 31.1582794189453 31.1367206573486 31.1399936676025 31.132194519043 31.1213798522949 31.1239891052246 31.1148471832275 31.1264038085938 31.1202392578125 31.1254405975342 31.1329021453857 31.1380157470703 31.1525096893311 31.1524276733398
30.8450145721436 30.8647956848145 30.8738918304443 30.8962726593018 30.9002990722656 30.9085788726807 30.9182186126709 30.9296474456787 30.9316482543945 30.9431476593018 30.946683883667 30.9465370178223 30.9380912780762 -9999 -9999 -9999 -9999 -9999 -9999 -9999 -9999 -9999 -9999 -9999 -9999 31.0787048339844 31.0982608795166 31.1269626617432 31.13303565979 31.1360263824463 31.1650409698486 31.1678943634033 31.1744232177734 31.188138961792 31.2015361785889 31.1924571990967 31.2051773071289 31.2043075561523 31.1989555358887 31.1863422393799 31.1827182769775 31.1730651855469 31.1569156646729 31.1535625457764 31.1388320922852 31.1224708557129 31.1290855407715 31.1203327178955 31.1189079284668 31.1210441589355 31.1225738525391 31.1162071228027 31.1215705871582 31.1236133575439 31.1374530792236 31.1404113769531 31.1447467803955
30.8582077026367 30.8730583190918 30.8757991790771 30.8966007232666 30.9007225036621 30.9024124145508 30.9116687774658 30.9181861877441 30.9198875427246 30.9276542663574 30.9278163909912 30.9342975616455 30.9232349395752 30.9090232849121 30.914436340332 30.9242763519287 30.9380683898926 30.9529685974121 -9999 -9999 -9999 -9999 -9999 -9999 -9999 31.1037902832031 31.1150493621826 31.142557144165 31.1493530273438 31.1522846221924 31.1718444824219 31.1739845275879 31.167631149292 31.1700477600098 31.1702499389648 31.1714630126953 31.182861328125 31.1829948425293 31.1783218383789 31.162561416626 31.1583118438721 31.1531524658203 31.1374797821045 31.1328868865967 31.1299133300781 31.1103534698486 31.1080551147461 31.110013961792 31.109167098999 31.1102542877197 31.1050796508789 31.1086750030518 31.110179901123 31.1092624664307 31.1218891143799 31.1234588623047 31.1247806549072
30.8681926727295 30.8709468841553 30.8892269134521 30.8945217132568 30.902250289917 30.913459777832 30.9001483917236 30.9142951965332 30.9176921844482 30.9213218688965 30.9279251098633 30.9265918731689 30.9248294830322 30.8987426757812 30.9166660308838 30.9227199554443 30.929859161377 30.9602451324463 30.9740371704102 30.9818286895752 31.0075206756592 31.0229473114014 31.0479717254639 -9999 -9999 31.1230735778809 31.1287059783936 31.1389007568359 31.1649360656738 31.1611728668213 31.1728038787842 31.1828460693359 31.1612243652344 31.1617012023926 31.1751308441162 31.1702899932861 31.1822605133057 31.1901206970215 31.176061630249 31.1667747497559 31.1615447998047 31.14768409729 31.1399784088135 31.1278858184814 31.1227588653564 31.1181602478027 31.1049575805664 31.1003646850586 31.0985622406006 31.0945911407471 31.1014919281006 31.1021728515625 31.0968341827393 31.1118335723877 31.1220989227295 31.1186141967773 31.124475479126
30.8764419555664 30.8860492706299 30.8858013153076 30.8979587554932 30.8990211486816 30.9028396606445 30.8988475799561 30.9054565429688 30.9069309234619 30.9252834320068 30.9237861633301 30.9213256835938 30.9308376312256 30.9334964752197 30.914623260498 30.9394283294678 30.9463710784912 30.9537982940674 30.9861240386963 30.9925861358643 31.0031623840332 31.0373592376709 31.0596122741699 31.0688533782959 31.1046829223633 31.1133785247803 31.125301361084 31.1458187103271 31.1515140533447 31.1596488952637 31.1730995178223 31.1782283782959 31.1604537963867 31.1570892333984 31.1697998046875 31.1671371459961 31.1730651855469 31.1714153289795 31.1727161407471 31.1585083007812 31.1547336578369 31.1436080932617 31.1317405700684 31.1235389709473 31.1213397979736 31.1135845184326 31.1130867004395 31.0930709838867 31.0980701446533 31.097728729248 31.0997562408447 31.10422706604 31.1052112579346 31.1106719970703 31.1189422607422 31.1186962127686 31.1223621368408
30.8800811767578 30.8872680664062 30.8846225738525 30.8924541473389 30.8839359283447 30.8862495422363 30.9038677215576 30.9059715270996 30.9015808105469 30.91526222229 30.9181995391846 30.9199085235596 30.9305229187012 30.9397087097168 30.9448585510254 30.9438419342041 30.9614334106445 30.972017288208 30.9971408843994 31.0143890380859 31.0168514251709 31.0570507049561 31.0670890808105 31.0790195465088 31.1139392852783 31.1220645904541 31.1269798278809 31.1460514068604 31.1513137817383 31.1502094268799 31.1571311950684 31.1563129425049 31.1443138122559 31.1376361846924 31.1348972320557 31.1321964263916 31.1376171112061 31.1344470977783 31.1329345703125 31.1236248016357 31.1227321624756 31.1206035614014 31.1112575531006 31.1094284057617 31.1075096130371 31.1055889129639 31.107141494751 31.0859470367432 31.0919914245605 31.0949592590332 31.0970249176025 31.1029243469238 31.1103229522705 31.1125259399414 31.1201038360596 31.1190757751465 31.1194763183594
30.8628349304199 30.8784732818604 30.8747291564941 30.8724231719971 30.8704967498779 30.8903427124023 30.8969078063965 30.8988227844238 30.9177551269531 30.911413192749 30.9073181152344 30.9214820861816 30.9360580444336 30.9454956054688 30.9521083831787 30.9500865936279 30.9682502746582 30.982120513916 30.9919662475586 31.0127086639404 31.0365791320801 31.0520839691162 31.0779876708984 31.0921840667725 31.1119766235352 31.14208984375 31.1340293884277 31.1415996551514 31.1636142730713 31.1525630950928 31.1502265930176 31.143928527832 31.1301727294922 31.1373081207275 31.116849899292 31.1202220916748 31.1308631896973 31.1199760437012 31.12131690979 31.1195316314697 31.106746673584 31.1075172424316 31.1051063537598 31.1014919281006 31.1017475128174 31.1040515899658 31.0977172851562 31.0957202911377 31.0913467407227 31.0861492156982 31.0981731414795 31.10959815979 31.1171550750732 31.1165885925293 31.1206684112549 31.1195182800293 31.1191234588623
30.8665447235107 30.8687057495117 30.8684978485107 30.8754291534424 30.8816223144531 30.8825645446777 30.9016571044922 30.9097633361816 30.9192123413086 30.9231796264648 30.9179019927979 30.9180183410645 30.9315071105957 30.9430694580078 30.9451789855957 30.9577751159668 30.9643726348877 30.9720993041992 30.999698638916 31.0166416168213 31.0312652587891 31.0614128112793 31.0798873901367 31.0890216827393 31.1166820526123 31.1232013702393 31.1333904266357 31.1417064666748 31.1451530456543 31.148904800415 31.142894744873 31.1278800964355 31.1253089904785 31.1276340484619 31.1254749298096 31.11741065979 31.1249599456787 31.12180519104 31.120418548584 31.1211528778076 31.114444732666 31.1013698577881 31.0993041992188 31.1003131866455 31.1007080078125 31.1050853729248 31.1044731140137 31.0962352752686 31.1082611083984 31.0997619628906 31.1046333312988 31.1170406341553 31.1233539581299 31.1250705718994 31.1300067901611 31.1284027099609 31.1247711181641
30.8569984436035 30.8629608154297 30.8612957000732 30.8739738464355 30.8789329528809 30.87327003479 30.8962745666504 30.9222545623779 30.9308757781982 30.936897277832 30.9200458526611 30.918851852417 30.9317779541016 30.9438323974609 30.9389934539795 30.9610767364502 30.9713706970215 30.9714336395264 30.9990139007568 31.0176696777344 31.0325412750244 31.0630645751953 31.0749626159668 31.084680557251 31.1087093353271 31.1116809844971 31.1143074035645 31.1193332672119 31.1215686798096 31.1247653961182 31.1177158355713 31.0999927520752 31.0963478088379 31.086311340332 31.0986976623535 31.0932025909424 31.1013717651367 31.1009044647217 31.107048034668 31.1016445159912 31.0926399230957 31.0805015563965 31.0783081054688 31.0843544006348 31.0888519287109 31.094762802124 31.0990295410156 31.0939960479736 31.1070785522461 31.1115989685059 31.1141185760498 31.1299018859863 31.1373424530029 31.1446571350098 31.1431159973145 31.1335563659668 31.1241760253906
30.8501949310303 30.8460941314697 30.8588447570801 30.8704490661621 30.8872566223145 30.8806629180908 30.8946151733398 30.9315128326416 30.947509765625 30.9356536865234 30.9294815063477 30.9297046661377 30.9262752532959 30.946195602417 30.9478130340576 30.9563961029053 30.9751739501953 30.9821662902832 30.9946727752686 31.0257320404053 31.0399360656738 31.0564002990723 31.0964756011963 31.1013050079346 31.103307723999 31.1119956970215 31.1092185974121 31.1091003417969 31.1139106750488 31.1112251281738 31.1067142486572 31.0810718536377 31.0834197998047 31.0804882049561 31.0729751586914 31.0800476074219 31.0941581726074 31.0869884490967 31.1095523834229 31.1050052642822 31.0869941711426 31.0835018157959 31.0802021026611 31.0776653289795 31.0882472991943 31.093318939209 31.1031398773193 31.0960807800293 31.1035690307617 31.113208770752 31.1259384155273 31.1336116790771 31.1426086425781 31.1475009918213 31.1452369689941 31.139347076416 31.1299324035645
30.8515720367432 30.8490924835205 30.849178314209 30.8752536773682 30.8798904418945 30.8791275024414 30.905424118042 30.9203758239746 30.9251842498779 30.9315872192383 30.9264278411865 30.9260768890381 30.9306888580322 30.9460353851318 30.9480037689209 30.9599800109863 30.9726905822754 30.9777698516846 31.0067710876465 31.0161323547363 31.0318336486816 31.0616245269775 31.0827102661133 31.0981903076172 31.0984706878662 31.1001262664795 31.0984382629395 31.0995235443115 31.1006278991699 31.1003322601318 31.0967216491699 31.0832099914551 31.0795078277588 31.0854091644287 31.0795097351074 31.0802783966064 31.0945796966553 31.1019992828369 31.1120147705078 31.1172409057617 31.1013698577881 31.0916366577148 31.0912189483643 31.0868377685547 31.0883693695068 31.0991668701172 31.0923900604248 31.0947246551514 31.1091365814209 31.1095428466797 31.1171169281006 31.136402130127 31.1420078277588 31.1472015380859 31.146671295166 31.1415328979492 31.1346607208252
30.8335475921631 30.8328437805176 30.8390293121338 30.8591709136963 30.8743705749512 30.8757057189941 30.9012355804443 30.9082412719727 30.9155883789062 30.9250202178955 30.9208755493164 30.9227695465088 30.9263935089111 30.9406318664551 30.943904876709 30.955738067627 30.9644927978516 30.9741039276123 30.997444152832 31.0097904205322 31.0200653076172 31.0468730926514 31.0573196411133 31.0650234222412 31.0709381103516 31.0697002410889 31.0696220397949 31.070369720459 31.0664176940918 31.0672760009766 31.0661373138428 31.063793182373 31.0642986297607 31.072639465332 31.0651626586914 31.0682563781738 31.0835781097412 31.0928058624268 31.1089153289795 31.1120853424072 31.0958385467529 31.0857582092285 31.0851459503174 31.0843048095703 31.0818710327148 31.0921192169189 31.0854072570801 31.0917854309082 31.1069240570068 31.111967086792 31.1164226531982 31.1356410980225 31.1425437927246 31.1500053405762 31.1494674682617 31.1404457092285 31.1331481933594
30.8167362213135 30.8225612640381 30.8374252319336 30.8442649841309 30.8606357574463 30.8796920776367 30.8828601837158 30.9089660644531 30.9068717956543 30.9091396331787 30.9219837188721 30.9253883361816 30.9275150299072 30.9318218231201 30.9221477508545 30.931791305542 30.9509544372559 30.9626560211182 30.982816696167 31.0037155151367 31.0139389038086 31.0231628417969 31.0487213134766 31.0533771514893 31.0559463500977 31.0564060211182 31.0636043548584 31.0626792907715 31.0475616455078 31.0599403381348 31.0649223327637 31.0580673217773 31.0630474090576 31.0656070709229 31.0669784545898 31.0654983520508 31.0814113616943 31.0823841094971 31.0902347564697 31.08815574646 31.0776119232178 31.0743274688721 31.0760383605957 31.0698680877686 31.0741195678711 31.0772228240967 31.0949096679688 31.1016464233398 31.1107730865479 31.1123580932617 31.1201972961426 31.1282386779785 31.1481838226318 31.1450939178467 31.1532535552979 31.1471939086914 31.1358280181885
30.8180484771729 30.8184585571289 30.8239803314209 30.8479175567627 30.8511619567871 30.8608818054199 30.8834037780762 30.8910751342773 30.8920974731445 30.9071292877197 30.9102649688721 30.9157333374023 30.9278659820557 30.9066047668457 30.9112873077393 30.9317226409912 30.9405689239502 30.9510402679443 30.9808177947998 30.9917984008789 31.0028781890869 31.0157585144043 31.0215835571289 31.0423851013184 31.0470561981201 31.052095413208 31.0553359985352 31.0532512664795 31.052188873291 31.0541973114014 31.0620021820068 31.0575141906738 31.0593566894531 31.0626792907715 31.054536819458 31.0606098175049 31.075798034668 31.0782070159912 31.0790557861328 31.07688331604 31.0727596282959 31.0685157775879 31.0746726989746 31.067268371582 31.0690402984619 31.079174041748 31.0832614898682 31.0964641571045 31.1134166717529 31.1130619049072 31.1175270080566 31.1273384094238 31.1331939697266 31.1355075836182 31.1437110900879 31.1394176483154 31.1344261169434
30.8239994049072 30.8264827728271 30.8275451660156 30.8502082824707 30.8569011688232 30.8602924346924 30.8533821105957 30.8567008972168 30.8735122680664 30.888973236084 30.8883419036865 30.8921051025391 30.8860759735107 30.8969249725342 30.9025897979736 30.9225215911865 30.931079864502 30.9377193450928 30.969425201416 30.9746627807617 30.9815521240234 30.99338722229 30.9951095581055 31.0020179748535 31.0183525085449 31.0254650115967 31.0260944366455 31.0297737121582 31.0322513580322 31.0381126403809 31.0517864227295 31.0493240356445 31.0493640899658 31.0520763397217 31.0528812408447 31.0405406951904 31.061164855957 31.0613269805908 31.0595417022705 31.0572319030762 31.0541496276855 31.0516300201416 31.0563697814941 31.0504322052002 31.0506649017334 31.0609321594238 31.0650081634521 31.0688228607178 31.10227394104 31.1074275970459 31.1010055541992 31.109827041626 31.114315032959 31.1154136657715 31.1192741394043 31.1179943084717 31.1115264892578
30.813497543335 30.8192691802979 30.8309516906738 30.8362522125244 30.8473777770996 30.8589286804199 30.8362255096436 30.8545703887939 30.8713722229004 30.8755550384521 30.882152557373 30.9019222259521 30.8915901184082 30.8825454711914 30.9019737243652 30.9139709472656 30.9328632354736 30.9446353912354 30.9546756744385 30.9706516265869 30.9745826721191 30.9812393188477 30.9932670593262 30.9944744110107 31.00168800354 31.0091133117676 31.020544052124 31.0271759033203 31.0291881561279 31.0386066436768 31.0503826141357 31.0468254089355 31.0490188598633 31.0563716888428 31.0614528656006 31.0524101257324 31.0612010955811 31.0547142028809 31.0514163970947 31.0486831665039 31.049201965332 31.053503036499 31.0555782318115 31.0418930053711 31.0500984191895 31.0538177490234 31.0620288848877 31.0748710632324 31.0872764587402 31.1122055053711 31.0971641540527 31.1020126342773 31.1171092987061 31.1067771911621 31.1116523742676 31.1225814819336 31.1036167144775
30.8248844146729 30.8234176635742 30.8271656036377 30.8451652526855 30.8459186553955 30.8470020294189 30.8705768585205 30.8470058441162 30.8570022583008 30.8769950866699 30.889928817749 30.8892135620117 30.8911209106445 30.8915939331055 30.8809661865234 30.9079971313477 30.9253025054932 30.9314250946045 30.9455623626709 30.950777053833 30.9599018096924 30.9722633361816 30.9833335876465 30.9829692840576 30.9988136291504 31.0042819976807 31.0147914886475 31.0288162231445 31.0344104766846 31.0321445465088 31.0385608673096 31.0485000610352 31.0555095672607 31.052417755127 31.0504856109619 31.0479698181152 31.0529441833496 31.051700592041 31.0479469299316 31.0444774627686 31.0443134307861 31.0470008850098 31.0494384765625 31.0505714416504 31.0390377044678 31.04714012146 31.0615711212158 31.0650386810303 31.0807800292969 31.0918579101562 31.1006278991699 31.1070098876953 31.1088123321533 31.0886306762695 31.08567237854 31.1075572967529 31.1047286987305
30.8106517791748 30.8113594055176 30.8089466094971 30.8246288299561 30.8292007446289 30.8317470550537 30.8555202484131 30.8636722564697 30.8675060272217 30.8730583190918 30.8774223327637 30.8759822845459 30.8761405944824 30.8751049041748 30.8735218048096 30.8788452148438 30.8901882171631 30.889217376709 30.9026699066162 30.9127998352051 30.9210948944092 30.9384288787842 30.952112197876 30.9611568450928 30.9789276123047 30.9914608001709 31.0018768310547 31.0168170928955 31.0266723632812 31.0353031158447 31.0402183532715 31.0405311584473 31.0349464416504 31.0408039093018 31.036449432373 31.0290260314941 31.0328578948975 31.0307331085205 31.0183906555176 31.0265693664551 31.0266017913818 31.024938583374 31.0282917022705 31.0295276641846 31.0315704345703 31.031135559082 31.0364570617676 31.0424575805664 31.0562324523926 31.0596141815186 31.0570240020752 31.0637054443359 31.0667037963867 31.0615139007568 31.0543632507324 31.0542449951172 31.0464630126953
30.7988166809082 30.8011112213135 30.8117198944092 30.8109340667725 30.8070755004883 30.8313217163086 30.8401775360107 30.8488807678223 30.8684749603271 30.8773155212402 30.8821811676025 30.8766841888428 30.8625202178955 30.8647708892822 30.8482303619385 30.8619537353516 30.8708229064941 30.8715591430664 30.8768501281738 30.8963375091553 30.9095592498779 30.922981262207 30.9459648132324 30.9693660736084 30.982816696167 30.9951858520508 31.0136775970459 31.0309047698975 31.0616054534912 31.0619010925293 31.0573196411133 31.0605735778809 31.0351581573486 31.0238475799561 31.027515411377 31.0204963684082 31.0254364013672 31.0204124450684 31.038122177124 31.0362586975098 31.0158824920654 31.0141887664795 31.0156650543213 31.0242347717285 31.0250644683838 31.0304832458496 31.0431385040283 31.0382289886475 31.0452213287354 31.0544109344482 31.0497303009033 31.052360534668 31.0690994262695 31.0452575683594 31.0434722900391 31.054723739624 31.0312938690186
30.80299949646 30.8030605316162 30.7991123199463 30.8142852783203 30.8105163574219 30.8116760253906 30.8380546569824 30.8454780578613 30.8554706573486 30.8784027099609 30.8664703369141 30.8641014099121 30.8508911132812 30.846752166748 30.8358573913574 30.8480072021484 30.8388748168945 30.824857711792 30.8459529876709 30.8695545196533 30.8883972167969 30.9120216369629 30.9270572662354 30.9518299102783 30.9795932769775 30.9922561645508 31.003080368042 31.0308628082275 31.0518169403076 31.0675468444824 31.0713977813721 31.0490303039551 31.0321578979492 31.0141258239746 31.019926071167 31.0139694213867 31.012170791626 31.0091171264648 31.0264701843262 31.0240459442139 31.0190467834473 31.0117568969727 31.0148811340332 31.0247669219971 31.0319576263428 31.040340423584 31.0369052886963 31.0381317138672 31.0399417877197 31.0442924499512 31.0456447601318 31.0406627655029 31.0426654815674 31.0409908294678 31.0150356292725 31.0124969482422 31.008472442627
