G_variables/Set1/RCP2_2050/Sur_tem_min.asc
NCOLS 229 
NROWS 147 
XLLCORNER -101.25 
YLLCORNER 14.3333333333333 
CELLSIZE 0.0833333333333333 
NODATA_value -9999 
[rows 78 to 103 of 147, columns 57 to 113 of 229]
22.517749786377 22.5372886657715 22.5813484191895 22.6670265197754 22.6969127655029 22.715482711792 22.7966365814209 22.8099002838135 22.8184394836426 22.8897190093994 22.8949718475342 22.8989810943604 22.9364433288574 22.9387607574463 22.9295520782471 22.933557510376 22.9397296905518 22.9415531158447 22.9616928100586 22.9606800079346 22.9691925048828 22.9967861175537 23.0106391906738 23.0153560638428 23.0253486633301 23.0276794433594 23.0340423583984 23.0590019226074 23.066032409668 23.0724029541016 23.108362197876 23.122745513916 23.1255283355713 23.1578998565674 23.1561756134033 23.1410007476807 23.1574954986572 23.1369037628174 23.1410045623779 23.1582069396973 23.1459331512451 23.1416397094727 23.1409702301025 23.1396732330322 23.132287979126 23.1379241943359 23.1299591064453 23.089376449585 23.0635395050049 23.015682220459 23.0127239227295 23.0211906433105 23.0124568939209 23.0010147094727 22.9903793334961 22.9782810211182 22.9453449249268
22.4969120025635 22.487964630127 22.5077095031738 22.5879459381104 22.6224937438965 22.6480312347412 22.7402496337891 22.7582244873047 22.8127784729004 22.8769798278809 22.8887786865234 22.9122219085693 22.9560775756836 22.9599456787109 22.9536552429199 22.9439067840576 22.9345417022705 22.9371128082275 22.9520721435547 22.9406261444092 22.9482269287109 22.9730072021484 22.9827461242676 22.9825057983398 22.9972858428955 23.0098171234131 23.016077041626 23.046272277832 23.0740947723389 23.0826663970947 23.1126518249512 23.1225986480713 23.1454563140869 23.1799259185791 23.1693801879883 23.1773147583008 23.1580104827881 23.1565341949463 23.1591644287109 23.1772899627686 23.1568012237549 23.1587524414062 23.1484069824219 23.1412448883057 23.1432304382324 23.1520557403564 23.1578216552734 23.1550273895264 23.0682353973389 23.0633964538574 23.0727920532227 23.0833911895752 23.0738010406494 23.0757617950439 23.0672340393066 23.0502662658691 23.0347099304199
22.4697246551514 22.4418029785156 22.5167140960693 22.5453910827637 22.5570640563965 22.657247543335 22.701681137085 22.779426574707 22.8266906738281 22.8582401275635 22.9383735656738 22.9238357543945 22.9557018280029 22.9993476867676 22.9628448486328 22.9527816772461 22.9442005157471 22.9411029815674 22.9423389434814 22.9363250732422 22.9453220367432 22.9582958221436 22.9836101531982 22.988224029541 22.9850406646729 22.9869537353516 23.0128307342529 23.0310611724854 23.059741973877 23.0913105010986 23.1008052825928 23.1361789703369 23.1595153808594 23.1716632843018 23.1863250732422 23.1744956970215 23.163402557373 23.1504688262939 23.168249130249 23.1727848052979 23.1854114532471 23.1698188781738 23.1449718475342 23.1378650665283 23.1538639068604 23.1521339416504 23.14084815979 23.1368999481201 23.0979080200195 23.0839195251465 23.0957431793213 23.0867347717285 23.0954437255859 23.0977172851562 23.0858116149902 23.0914688110352 23.0438823699951
22.4531879425049 22.4790706634521 22.51708984375 22.5547256469727 22.5950603485107 22.61865234375 22.7200412750244 22.7590885162354 22.7861862182617 22.8759231567383 22.897611618042 22.9240264892578 22.9534435272217 22.9664287567139 22.9637680053711 22.9515609741211 22.949857711792 22.9389152526855 22.9317398071289 22.9406337738037 22.945125579834 22.9444770812988 22.9594669342041 22.9630813598633 22.9802265167236 22.9866161346436 22.9866561889648 23.0368804931641 23.0497512817383 23.0623912811279 23.1254920959473 23.1381549835205 23.1438007354736 23.1880531311035 23.1726760864258 23.1685619354248 23.180549621582 23.1756744384766 23.168270111084 23.1845169067383 23.1805419921875 23.1508483886719 23.1687183380127 23.1560821533203 23.1524715423584 23.1783027648926 23.1409301757812 23.1369171142578 23.1336555480957 23.1278343200684 23.0980052947998 23.1202640533447 23.1103401184082 23.1045093536377 23.1098880767822 23.0981597900391 23.0849418640137
-9999 22.4561214447021 22.4732341766357 22.5209712982178 22.5379104614258 22.5678539276123 22.6756744384766 22.7186393737793 22.7387065887451 22.8350849151611 22.8758487701416 22.9111175537109 22.9444808959961 22.9714088439941 22.9648666381836 22.9499168395996 22.9373073577881 22.9361743927002 22.9205169677734 22.9169731140137 22.9194107055664 22.9317302703857 22.9242153167725 22.9287853240967 22.9441833496094 22.9457855224609 22.9608459472656 23.0144348144531 23.0295581817627 23.0707111358643 23.1408672332764 23.1516284942627 23.175407409668 23.2201728820801 23.2096977233887 23.1957359313965 23.2097091674805 23.2071342468262 23.176887512207 23.1951656341553 23.1976184844971 23.1971282958984 23.2010974884033 23.2069187164307 23.2013912200928 23.2292251586914 23.2014446258545 23.1984424591064 23.1989841461182 23.2096099853516 23.1989669799805 23.2004489898682 23.1932926177979 23.1816139221191 23.1908073425293 23.1788463592529 23.1653499603271
-9999 22.4240169525146 22.4756565093994 22.5162754058838 22.4960975646973 22.6060047149658 22.6453914642334 22.6827526092529 22.7538623809814 22.8172245025635 22.9167499542236 22.9162521362305 22.9346237182617 22.9966335296631 22.9602317810059 22.9428405761719 22.8992824554443 22.9301872253418 22.9244728088379 22.8808879852295 22.9129295349121 22.9166030883789 22.8996772766113 22.9269714355469 22.921501159668 22.8838596343994 22.9617137908936 22.9912757873535 23.0038986206055 23.0965042114258 23.1324348449707 23.1783180236816 23.1969890594482 23.2091255187988 23.2227783203125 23.2170314788818 23.2035598754883 23.2030925750732 23.1941947937012 23.1966972351074 23.1959762573242 23.2202777862549 23.209114074707 23.2056159973145 23.2292652130127 23.2315101623535 23.1905708312988 23.2318019866943 23.204610824585 23.2203407287598 23.2357006072998 23.2261085510254 23.2273483276367 23.2041301727295 23.2025604248047 23.2285766601562 23.1745834350586
-9999 22.4559364318848 22.487024307251 22.5145454406738 22.5528030395508 22.58473777771 22.662670135498 22.6696853637695 22.7172985076904 22.8204193115234 22.8585681915283 22.8843040466309 22.9428577423096 22.9503784179688 22.9487400054932 22.9478549957275 22.9371700286865 22.9442481994629 22.9292469024658 22.9204196929932 22.9152641296387 22.9186534881592 22.916202545166 22.917387008667 22.9300403594971 22.9328269958496 22.9490566253662 23.0190906524658 23.0536918640137 23.0978221893311 23.1851196289062 23.1783103942871 23.1876831054688 23.2385005950928 23.2223777770996 23.2135200500488 23.2156639099121 23.2167148590088 23.1991729736328 23.2179203033447 23.216251373291 23.2310085296631 23.2465877532959 23.2332668304443 23.2281742095947 23.269172668457 23.214038848877 23.2202072143555 23.2473850250244 23.2543754577637 23.2436103820801 23.2625102996826 23.2452564239502 23.2108764648438 23.2153739929199 23.2219848632812 23.2119407653809
-9999 -9999 22.4934368133545 22.5094375610352 22.5187816619873 22.5409450531006 22.6173362731934 22.6459884643555 22.6655311584473 22.7835006713867 22.8271236419678 22.8477592468262 22.9146175384521 22.9459323883057 22.9465255737305 22.9538059234619 22.9558525085449 22.9563045501709 22.9429626464844 22.9353065490723 22.92946434021 22.9324703216553 22.933198928833 22.9193058013916 22.9465160369873 22.9655857086182 22.9774303436279 23.048469543457 23.0906944274902 23.1216850280762 23.208366394043 23.2141456604004 23.2332401275635 23.2860164642334 23.2725887298584 23.2691287994385 23.267822265625 23.2679786682129 23.2516078948975 23.2704830169678 23.2788314819336 23.2818069458008 23.3148136138916 23.2901821136475 23.3017349243164 23.3471946716309 23.3106136322021 23.3099002838135 23.3634243011475 23.3363494873047 23.3277740478516 23.3579521179199 23.3431072235107 23.3261203765869 23.3108882904053 23.293966293335 23.2768478393555
-9999 -9999 22.4956951141357 22.5003871917725 22.4728679656982 22.5493240356445 22.5735626220703 22.5834369659424 22.6793746948242 22.737211227417 22.7895908355713 22.8537731170654 22.891918182373 22.9743728637695 22.9490737915039 22.9518508911133 22.9571723937988 22.9570274353027 22.9486751556396 22.9232177734375 22.9434280395508 22.9389266967773 22.9243850708008 22.9482231140137 22.9424362182617 22.9180202484131 23.0008373260498 23.0354652404785 23.0592155456543 23.1453819274902 23.1801776885986 23.2213230133057 23.2631320953369 23.2797183990479 23.2874526977539 23.2964000701904 23.2686958312988 23.2634963989258 23.2736339569092 23.275785446167 23.2657928466797 23.3058032989502 23.3130760192871 23.2830562591553 23.3397254943848 23.3526821136475 23.3088340759277 23.3558006286621 23.3698539733887 23.3727474212646 23.3741092681885 23.3729801177979 23.3943290710449 23.3688049316406 23.3572559356689 23.3595581054688 23.2828922271729
-9999 -9999 22.4970054626465 22.5041236877441 22.5128974914551 22.5468158721924 22.5830535888672 22.5957870483398 22.6593647003174 22.7590370178223 22.7797451019287 22.8220291137695 22.9114513397217 22.9306583404541 22.934591293335 22.9683208465576 22.9723491668701 22.9626617431641 22.9635848999023 22.9601631164551 22.9530391693115 22.9616222381592 22.9487247467041 22.9557189941406 22.9811267852783 22.9852905273438 23.0105762481689 23.0803890228271 23.1161575317383 23.1372585296631 23.2232398986816 23.2553157806396 23.2655258178711 23.3013134002686 23.3103275299072 23.3095302581787 23.3111324310303 23.3008003234863 23.3025894165039 23.3127002716064 23.3079509735107 23.3165950775146 23.3571186065674 23.3455028533936 23.3574199676514 23.358003616333 23.3691024780273 23.3707275390625 23.4242000579834 23.4364261627197 23.4001045227051 23.4176807403564 23.4066696166992 23.4052600860596 23.3836631774902 23.3660526275635 23.3237838745117
-9999 -9999 -9999 -9999 22.5287494659424 22.5452919006348 22.5943565368652 22.6143665313721 22.6520500183105 22.7492561340332 22.7673225402832 22.8089065551758 22.9016647338867 22.9193267822266 22.9479713439941 22.9898815155029 23.0082473754883 23.006534576416 23.0103359222412 23.008321762085 23.0062999725342 23.0026111602783 23.0084285736084 23.0232830047607 23.0657653808594 23.0728607177734 23.0896663665771 23.1599578857422 23.1985511779785 23.2150897979736 23.2992172241211 23.338623046875 23.3496112823486 23.3865776062012 23.4077377319336 23.4098682403564 23.4092636108398 23.4174346923828 23.4073829650879 23.4141120910645 23.4095344543457 23.4252490997314 23.4687728881836 23.4753341674805 23.4819011688232 23.4929256439209 23.4926223754883 23.4930057525635 23.5458965301514 23.5329933166504 23.5113372802734 23.5069732666016 23.4843654632568 23.4630069732666 23.4363384246826 23.4039402008057 23.3933963775635
-9999 -9999 -9999 -9999 22.4840297698975 22.559196472168 22.6017684936523 22.5802326202393 22.6796836853027 22.7158336639404 22.7440910339355 22.8337917327881 22.8773250579834 22.9404048919678 22.9650859832764 22.989709854126 23.0315074920654 23.0208835601807 23.0196170806885 23.0167999267578 23.0271091461182 23.0198535919189 23.030445098877 23.0592918395996 23.0732135772705 23.0742435455322 23.1353321075439 23.1639347076416 23.2242279052734 23.2678871154785 23.2978630065918 23.3572902679443 23.3982677459717 23.3971195220947 23.4286632537842 23.4542655944824 23.4272365570068 23.4246559143066 23.4536209106445 23.4338531494141 23.4093608856201 23.4729862213135 23.4875068664551 23.4733905792236 23.5388698577881 23.5100135803223 23.5298748016357 23.5616436004639 23.5621280670166 23.5768585205078 23.5568428039551 23.5236206054688 23.5589504241943 23.4817905426025 23.479642868042 23.5065269470215 23.3930015563965
-9999 -9999 -9999 -9999 -9999 22.5783138275146 22.6190395355225 22.6436939239502 22.6942157745361 22.7563610076904 22.7726268768311 22.8217716217041 22.9129486083984 22.941930770874 22.9550876617432 23.0129203796387 23.0190410614014 23.0165901184082 23.0407752990723 23.0406951904297 23.0228061676025 23.0510063171387 23.0554637908936 23.0640411376953 23.1149463653564 23.1390056610107 23.1371650695801 23.2164478302002 23.2496147155762 23.2658729553223 23.3559131622314 23.3925094604492 23.3843002319336 23.4548683166504 23.4715404510498 23.4761619567871 23.4819049835205 23.4810581207275 23.4806308746338 23.5127849578857 23.5001029968262 23.5062198638916 23.5582504272461 23.5621528625488 23.5249576568604 23.579231262207 23.5793609619141 23.595142364502 23.6059989929199 23.5985832214355 23.5932083129883 23.5576572418213 23.5387687683105 23.5134563446045 23.4575481414795 23.4357719421387 23.4079494476318
-9999 -9999 -9999 -9999 -9999 -9999 22.6636180877686 22.6789436340332 22.7233982086182 22.7903747558594 22.8197174072266 22.8388633728027 22.9271430969238 22.9458999633789 22.9761409759521 23.0355224609375 23.0443801879883 23.0629482269287 23.0908279418945 23.1073780059814 23.0924587249756 23.1219062805176 23.1275577545166 23.1484260559082 23.2013034820557 23.2167701721191 23.2455348968506 23.3065528869629 23.3437156677246 23.3622226715088 23.4554271697998 23.4546718597412 23.4982795715332 23.5751171112061 23.6020069122314 23.6051216125488 23.6118316650391 23.6111946105957 23.6131725311279 23.6464099884033 23.6409606933594 23.6422080993652 23.6968116760254 23.6965847015381 23.6533584594727 23.7049388885498 23.7016468048096 23.6877861022949 23.6886959075928 23.6809406280518 23.6467533111572 23.6019096374512 23.5442333221436 23.5154132843018 23.4529075622559 23.431079864502 23.4126091003418
-9999 -9999 -9999 -9999 -9999 -9999 22.6838340759277 22.7240505218506 22.7565784454346 22.8131046295166 22.824239730835 22.8778896331787 22.9131774902344 22.9830722808838 23.0071544647217 23.0289859771729 23.0844974517822 23.0854473114014 23.0929889678955 23.1097106933594 23.1206016540527 23.1336555480957 23.1469841003418 23.1862869262695 23.2046165466309 23.2328071594238 23.2936744689941 23.3057594299316 23.3467807769775 23.418924331665 23.4567108154297 23.4925155639648 23.5581226348877 23.5937614440918 23.6664180755615 23.6463203430176 23.6339263916016 23.6800308227539 23.6745796203613 23.6792125701904 23.7057113647461 23.7074146270752 23.7287654876709 23.7894725799561 23.7223854064941 23.7348556518555 23.8355369567871 23.7349758148193 23.7100620269775 23.7810878753662 23.661642074585 23.6122131347656 23.5583000183105 23.5032806396484 23.4611835479736 23.4029769897461 23.3959217071533
-9999 -9999 -9999 -9999 -9999 -9999 -9999 -9999 22.7739715576172 22.821626663208 22.8342971801758 22.885555267334 22.9412403106689 22.958833694458 22.990421295166 23.0555324554443 23.0693836212158 23.0722579956055 23.1218814849854 23.1243419647217 23.1244316101074 23.1708335876465 23.1802558898926 23.193790435791 23.2517738342285 23.2647724151611 23.2960624694824 23.3812866210938 23.3780612945557 23.4131813049316 23.5072917938232 23.5297012329102 23.5656814575195 23.6582717895508 23.6527709960938 23.6562328338623 23.6879768371582 23.6848907470703 23.6928195953369 23.7248649597168 23.7231864929199 23.7308559417725 23.7549076080322 23.7214126586914 23.731481552124 23.7453346252441 23.7596569061279 23.7289257049561 23.6943855285645 23.6907253265381 23.6578197479248 23.5841178894043 23.5478820800781 23.4953460693359 23.4389667510986 23.4238967895508 23.4176940917969
-9999 -9999 -9999 -9999 -9999 -9999 -9999 22.7743034362793 22.7892379760742 -9999 22.8475189208984 22.9068698883057 22.943473815918 22.9786586761475 23.0060081481934 23.0541725158691 23.0939292907715 23.1176528930664 23.1490230560303 23.1843032836914 23.1963863372803 23.2408676147461 23.2543163299561 23.2661361694336 23.3244380950928 23.336353302002 23.3636341094971 23.4484481811523 23.4622764587402 23.479190826416 23.592565536499 23.6224460601807 23.6607646942139 23.7360343933105 23.7482471466064 23.753885269165 23.7855625152588 23.7935981750488 23.7857608795166 23.8171005249023 23.8139038085938 23.8044586181641 23.8302307128906 23.7990627288818 23.7837009429932 23.7876148223877 23.7574100494385 23.7200126647949 23.7015476226807 23.6634864807129 23.6323757171631 23.5668449401855 23.5171012878418 23.4584674835205 23.4114227294922 23.4283199310303 23.4377574920654
-9999 -9999 -9999 -9999 -9999 -9999 -9999 -9999 -9999 -9999 -9999 -9999 -9999 -9999 -9999 -9999 23.1147861480713 23.1267051696777 23.166841506958 23.2034797668457 23.2329711914062 23.2484664916992 23.3077983856201 23.3121566772461 23.3293056488037 23.3798313140869 23.4189643859863 23.4480762481689 23.5041255950928 23.5567417144775 23.5928211212158 23.7188510894775 23.7095375061035 23.738302230835 23.8526191711426 23.8089561462402 23.8023052215576 23.8660335540771 23.8319244384766 23.8276042938232 23.8628120422363 23.8338966369629 23.8371429443359 23.8624897003174 23.791130065918 23.7841701507568 23.7440795898438 23.7283229827881 23.6911449432373 -9999 -9999 -9999 -9999 23.4425926208496 23.444694519043 23.4240169525146 23.4408512115479
-9999 -9999 -9999 -9999 -9999 -9999 -9999 -9999 -9999 -9999 -9999 -9999 -9999 -9999 -9999 -9999 -9999 23.175365447998 23.185510635376 23.2127475738525 23.2462329864502 23.2837696075439 23.2983341217041 23.304292678833 23.360237121582 23.3704986572266 23.3979721069336 23.4878826141357 23.4867572784424 23.5288181304932 23.6454257965088 23.6698455810547 23.6802577972412 23.7694129943848 23.8016681671143 23.7939586639404 23.8247261047363 23.8285579681396 23.8275928497314 23.8412437438965 23.835880279541 23.8441333770752 23.8367958068848 23.8079414367676 23.7937698364258 -9999 -9999 -9999 -9999 -9999 -9999 -9999 -9999 23.5047569274902 23.4764995574951 23.462760925293 23.4595508575439
-9999 -9999 -9999 -9999 -9999 -9999 -9999 -9999 -9999 -9999 -9999 -9999 -9999 -9999 -9999 -9999 -9999 -9999 -9999 -9999 23.2856559753418 23.3228950500488 23.3464736938477 23.3550720214844 23.4086494445801 23.4212017059326 23.438419342041 23.5303916931152 23.5445041656494 23.5696868896484 23.6681652069092 23.6915969848633 23.7168407440186 23.7735824584961 23.7975578308105 23.8098049163818 23.8337745666504 23.8431358337402 23.8466701507568 23.8544521331787 23.8525829315186 23.8487129211426 23.8213348388672 23.8134765625 -9999 -9999 -9999 -9999 -9999 -9999 -9999 -9999 -9999 -9999 -9999 23.4908428192139 23.4980411529541
-9999 -9999 -9999 -9999 -9999 -9999 -9999 -9999 -9999 -9999 -9999 -9999 -9999 -9999 -9999 -9999 -9999 -9999 -9999 -9999 -9999 23.3539772033691 23.3388862609863 23.3836708068848 23.3949356079102 23.3817863464355 23.4715633392334 23.4803371429443 23.5197143554688 23.6046543121338 23.6329555511475 23.7210903167725 23.7141075134277 23.772008895874 23.8206329345703 23.8111610412598 -9999 -9999 -9999 -9999 23.8640975952148 -9999 -9999 -9999 -9999 -9999 -9999 -9999 -9999 -9999 -9999 -9999 -9999 -9999 -9999 -9999 -9999
-9999 -9999 -9999 -9999 -9999 -9999 -9999 -9999 -9999 -9999 -9999 -9999 -9999 -9999 -9999 -9999 -9999 -9999 -9999 -9999 -9999 -9999 23.3750534057617 23.3971347808838 23.4283962249756 23.4468116760254 23.4377765655518 23.5171489715576 23.5595836639404 23.5831356048584 23.6260852813721 23.6849193572998 23.7285251617432 23.7324352264404 23.7773723602295 -9999 -9999 -9999 -9999 -9999 -9999 -9999 -9999 -9999 -9999 -9999 -9999 -9999 -9999 -9999 -9999 -9999 -9999 -9999 -9999 -9999 -9999
-9999 -9999 -9999 -9999 -9999 -9999 -9999 -9999 -9999 -9999 -9999 -9999 -9999 -9999 -9999 -9999 -9999 -9999 -9999 -9999 -9999 -9999 -9999 23.4305305480957 23.4446125030518 23.467658996582 23.4699001312256 23.5316753387451 23.5666027069092 23.5967540740967 -9999 23.6827869415283 -9999 -9999 -9999 -9999 -9999 -9999 -9999 -9999 -9999 -9999 -9999 -9999 -9999 -9999 -9999 -9999 -9999 -9999 -9999 -9999 -9999 -9999 -9999 -9999 -9999
-9999 -9999 -9999 -9999 -9999 -9999 -9999 -9999 -9999 -9999 -9999 -9999 -9999 -9999 -9999 -9999 -9999 -9999 -9999 -9999 -9999 -9999 -9999 -9999 23.4573383331299 23.4672794342041 -9999 -9999 -9999 -9999 -9999 -9999 -9999 -9999 -9999 -9999 -9999 -9999 -9999 -9999 -9999 -9999 -9999 -9999 -9999 -9999 -9999 -9999 -9999 -9999 -9999 -9999 -9999 -9999 -9999 -9999 -9999
-9999 -9999 -9999 -9999 -9999 -9999 -9999 -9999 -9999 -9999 -9999 -9999 -9999 -9999 -9999 -9999 -9999 -9999 -9999 -9999 -9999 -9999 -9999 -9999 -9999 -9999 -9999 -9999 -9999 -9999 -9999 -9999 -9999 -9999 -9999 -9999 -9999 -9999 -9999 -9999 -9999 -9999 -9999 -9999 -9999 -9999 -9999 -9999 -9999 -9999 -9999 -9999 -9999 -9999 -9999 -9999 -9999
-9999 -9999 -9999 -9999 -9999 -9999 -9999 -9999 -9999 -9999 -9999 -9999 -9999 -9999 -9999 -9999 -9999 -9999 -9999 -9999 -9999 -9999 -9999 -9999 -9999 -9999 -9999 -9999 -9999 -9999 -9999 -9999 -9999 -9999 -9999 -9999 -9999 -9999 -9999 -9999 -9999 -9999 -9999 -9999 -9999 -9999 -9999 -9999 -9999 -9999 -9999 -9999 -9999 -9999 -9999 -9999 -9999
