G_variables/Set1/RCP2_2050/Sur_tem_min.asc
NCOLS 229 
NROWS 147 
XLLCORNER -101.25 
YLLCORNER 14.3333333333333 
CELLSIZE 0.0833333333333333 
NODATA_value -9999 
[rows 78 to 103 of 147, columns 171 to 227 of 229]
26.5024375915527 26.5191230773926 26.5430107116699 26.5672779083252 26.5706081390381 26.5745086669922 26.5762615203857 26.583776473999 26.5780582427979 26.5416393280029 26.5352191925049 26.5202236175537 26.4790534973145 26.4590091705322 26.4521808624268 26.4148120880127 26.4029903411865 26.4003124237061 26.3574676513672 26.3426856994629 26.3281574249268 26.3071613311768 26.2924861907959 26.2827167510986 -9999 -9999 -9999 -9999 -9999 -9999 -9999 -9999 -9999 -9999 -9999 -9999 -9999 -9999 -9999 -9999 -9999 -9999 -9999 -9999 -9999 -9999 -9999 -9999 -9999 -9999 -9999 -9999 -9999 -9999 -9999 -9999 -9999
26.5191898345947 26.5399951934814 26.5450382232666 26.5889415740967 26.588436126709 26.5908527374268 26.598237991333 26.5966663360596 26.5872020721436 26.550163269043 26.542797088623 26.5317802429199 26.4969463348389 26.4884452819824 26.4767208099365 26.441234588623 26.4366970062256 26.4201641082764 26.3908882141113 26.3770065307617 26.3589191436768 26.3383522033691 26.326904296875 26.3180618286133 26.2864894866943 -9999 -9999 -9999 -9999 -9999 -9999 -9999 -9999 -9999 -9999 -9999 -9999 -9999 -9999 -9999 -9999 -9999 -9999 -9999 -9999 -9999 -9999 -9999 -9999 -9999 -9999 -9999 -9999 -9999 -9999 -9999 -9999
26.5140571594238 26.5649242401123 26.5754489898682 26.5904655456543 26.6116027832031 26.5975761413574 26.6060905456543 26.608491897583 26.5942134857178 26.5819778442383 26.5605983734131 26.5400485992432 26.5180969238281 26.4826030731201 26.4732398986816 26.4666004180908 26.4449329376221 26.4194984436035 26.4106121063232 26.3803367614746 26.3742828369141 26.3643455505371 26.3432025909424 26.3411312103271 26.3334865570068 26.2967662811279 -9999 -9999 -9999 -9999 -9999 -9999 -9999 -9999 -9999 -9999 -9999 -9999 -9999 -9999 -9999 -9999 -9999 -9999 -9999 -9999 -9999 -9999 -9999 -9999 -9999 -9999 -9999 -9999 -9999 -9999 -9999
26.5511741638184 26.5677871704102 26.5765228271484 26.5977058410645 26.6094779968262 26.6111488342285 26.6104640960693 26.6128787994385 26.6108646392822 26.5801601409912 26.5637226104736 26.562328338623 26.5266208648682 26.5133228302002 26.4984683990479 26.4731426239014 26.4675827026367 26.4558753967285 26.4172420501709 26.4057922363281 26.3937129974365 26.3774261474609 26.3669052124023 26.3608570098877 26.3522968292236 26.3381156921387 26.3308773040771 -9999 -9999 -9999 -9999 -9999 -9999 -9999 -9999 -9999 -9999 -9999 -9999 -9999 -9999 -9999 -9999 -9999 -9999 -9999 -9999 -9999 -9999 -9999 -9999 -9999 -9999 -9999 -9999 -9999 -9999
26.5766201019287 26.5912055969238 26.5948829650879 26.6198997497559 26.6217288970947 26.6368560791016 26.6385135650635 26.6350688934326 26.6336479187012 26.6036033630371 26.5970935821533 26.5887603759766 26.5549907684326 26.5395164489746 26.532112121582 26.5050029754639 26.5019378662109 26.4990043640137 26.4745903015137 26.4540424346924 26.4401779174805 26.4190921783447 26.4162216186523 26.4107761383057 26.4033222198486 26.3976383209229 26.3945560455322 -9999 -9999 -9999 -9999 -9999 -9999 -9999 -9999 -9999 -9999 -9999 -9999 -9999 -9999 -9999 -9999 -9999 -9999 -9999 -9999 -9999 -9999 -9999 -9999 -9999 -9999 -9999 -9999 -9999 -9999
26.5802593231201 26.621036529541 26.6203708648682 26.6309566497803 26.6593475341797 26.6389636993408 26.653392791748 26.6509170532227 26.6342334747314 26.6235618591309 26.6030445098877 26.5874538421631 26.5759677886963 26.5556888580322 26.5505313873291 26.5447807312012 26.516206741333 26.5103321075439 26.5000667572021 26.4838542938232 26.4494972229004 26.4452953338623 26.4309921264648 26.4297771453857 26.4255256652832 26.4175148010254 26.4182910919189 26.4160022735596 -9999 -9999 -9999 -9999 -9999 -9999 -9999 -9999 -9999 -9999 -9999 -9999 -9999 -9999 -9999 -9999 -9999 -9999 -9999 -9999 -9999 -9999 -9999 -9999 -9999 -9999 -9999 -9999 -9999
26.6217098236084 26.6299877166748 26.6292839050293 26.6523132324219 26.6523418426514 26.6480464935303 26.6640453338623 26.6568031311035 26.6533107757568 26.6293449401855 26.6139030456543 26.608434677124 26.5818939208984 26.5850315093994 26.5766258239746 26.556001663208 26.5594806671143 26.5530910491943 26.5366706848145 26.5264205932617 26.5006561279297 26.4721164703369 26.4646854400635 26.4603023529053 26.456090927124 26.4521427154541 26.4496955871582 26.4496154785156 26.453556060791 26.4512348175049 26.4464263916016 26.4435596466064 -9999 -9999 -9999 -9999 -9999 -9999 -9999 -9999 -9999 -9999 -9999 -9999 -9999 -9999 -9999 -9999 -9999 -9999 -9999 -9999 -9999 -9999 -9999 -9999 -9999
26.6332855224609 26.6400451660156 26.6498279571533 26.6682186126709 26.6741123199463 26.6675243377686 26.6632881164551 26.6857109069824 26.6793422698975 26.6570949554443 26.6528034210205 26.6476364135742 26.6232318878174 26.6254405975342 26.6208248138428 26.6032009124756 26.6008987426758 26.5995750427246 26.590259552002 26.5797023773193 26.5551166534424 26.5407657623291 26.5233249664307 26.520751953125 26.5184059143066 26.5103607177734 26.5084762573242 26.5089683532715 26.5133361816406 26.5115776062012 26.5063705444336 26.5044136047363 26.4907703399658 26.4943370819092 26.5081825256348 26.4999504089355 26.4893074035645 26.4898300170898 26.4905872344971 -9999 -9999 -9999 -9999 -9999 -9999 -9999 -9999 -9999 -9999 -9999 -9999 -9999 -9999 -9999 -9999 -9999 -9999
26.6155128479004 26.6489086151123 26.6642780303955 26.6700801849365 26.6900329589844 26.6772651672363 26.6914234161377 26.6945705413818 26.6805267333984 26.6777782440186 26.6761245727539 26.6659297943115 26.6594715118408 26.6475410461426 26.6366214752197 26.6303119659424 26.625 26.6174411773682 26.6118297576904 26.5941829681396 26.5773525238037 26.5627708435059 26.5478572845459 26.5409679412842 26.5408477783203 26.5328063964844 26.5337924957275 26.5351543426514 26.5417327880859 26.5397510528564 26.531494140625 26.5255813598633 26.5259838104248 26.5306129455566 26.5361156463623 26.5271320343018 26.5299263000488 26.5254306793213 26.5225715637207 26.5210227966309 26.5307502746582 26.5354042053223 26.5228652954102 -9999 -9999 -9999 -9999 -9999 -9999 -9999 -9999 -9999 -9999 -9999 -9999 -9999 -9999
26.6299438476562 26.645975112915 26.6607551574707 26.6771907806396 26.6828498840332 26.6845226287842 26.6996440887451 26.6983985900879 26.6978168487549 26.6913375854492 26.6832523345947 26.684383392334 26.6734809875488 26.67160987854 26.6632061004639 26.647008895874 26.6446647644043 26.6408405303955 26.6247177124023 26.6225852966309 26.6034927368164 26.5887184143066 26.5837860107422 26.5826396942139 26.5815029144287 26.5807056427002 26.5812740325928 26.5845584869385 26.5827541351318 26.5777931213379 26.5614051818848 26.5575466156006 26.5637588500977 26.5692882537842 26.5711154937744 26.56321144104 26.5597801208496 26.5628032684326 26.5477237701416 26.5592460632324 26.5630893707275 26.5873851776123 26.5734310150146 26.5791702270508 -9999 -9999 -9999 -9999 -9999 -9999 -9999 -9999 -9999 -9999 -9999 -9999 -9999
26.6446895599365 26.6564846038818 26.6673336029053 26.6899261474609 26.6964015960693 26.6976318359375 26.7195777893066 26.7218952178955 26.7285575866699 26.7172355651855 26.7185764312744 26.7188739776611 26.7100391387939 26.7088184356689 26.7038879394531 26.6852722167969 26.6853866577148 26.6902465820312 26.6724700927734 26.6676445007324 26.6475486755371 26.6375579833984 26.6353302001953 26.6379318237305 26.6340751647949 26.6345500946045 26.6357345581055 26.6397838592529 26.63840675354 26.6282577514648 26.6393547058105 26.6357612609863 26.6227931976318 26.6256046295166 26.6285190582275 26.6198463439941 26.6160316467285 26.6205997467041 26.6218509674072 26.6376934051514 26.6451721191406 26.6475658416748 26.6561164855957 26.6421413421631 26.643985748291 -9999 -9999 -9999 -9999 -9999 -9999 -9999 -9999 -9999 -9999 -9999 -9999
26.6366653442383 26.6586666107178 26.6792335510254 26.6923084259033 26.7130603790283 26.7053375244141 26.7298336029053 26.7459259033203 26.744457244873 26.7438278198242 26.7370796203613 26.7295989990234 26.7356624603271 26.7308330535889 26.7134037017822 26.7087173461914 26.7022323608398 26.7033805847168 26.6963195800781 26.6798858642578 26.6648178100586 26.6611671447754 26.6582660675049 26.664493560791 26.6616744995117 26.6619243621826 26.6674194335938 26.6698303222656 26.6734523773193 26.6599388122559 26.6659336090088 26.6663875579834 26.6520481109619 26.6481971740723 26.6513977050781 26.647611618042 26.638219833374 26.6471347808838 26.6679439544678 26.6751041412354 26.6892910003662 26.6793060302734 26.6811027526855 26.6875762939453 26.6781673431396 26.6725196838379 -9999 -9999 -9999 -9999 -9999 -9999 -9999 -9999 -9999 -9999 -9999
26.641134262085 26.6638488769531 26.6772899627686 26.7005577087402 26.7078018188477 26.7226734161377 26.7570209503174 26.7598705291748 26.7537517547607 26.7473983764648 26.7451782226562 26.7518539428711 26.7434329986572 26.7383117675781 26.7283535003662 26.7155132293701 26.7091026306152 26.7091178894043 26.7023468017578 26.6955699920654 26.6825389862061 26.6766052246094 26.6756687164307 26.6801280975342 26.684383392334 26.6817932128906 26.6877613067627 26.6980648040771 26.6907367706299 26.683048248291 26.6753177642822 26.6721096038818 26.663761138916 26.667444229126 26.6649150848389 26.6593112945557 26.6690807342529 26.6743354797363 26.681453704834 26.6972484588623 26.7053508758545 26.7165813446045 26.7022514343262 26.7002334594727 26.695255279541 26.689037322998 -9999 -9999 -9999 -9999 -9999 -9999 -9999 -9999 -9999 -9999 -9999
26.6464138031006 26.6556148529053 26.678129196167 26.7036209106445 26.7180080413818 26.7369804382324 26.7468967437744 26.7706756591797 26.7711334228516 26.7651042938232 26.7663993835449 26.7701091766357 26.7578659057617 26.7570343017578 26.7535133361816 26.742166519165 26.7413635253906 26.7381649017334 26.7277545928955 26.7343006134033 26.7367630004883 26.7325038909912 26.7337989807129 26.7239360809326 26.7275466918945 26.7263374328613 26.7297611236572 26.737907409668 26.7307586669922 26.7164344787598 26.7237949371338 26.7153949737549 26.7123794555664 26.7172527313232 26.7182903289795 26.71852684021 26.7127342224121 26.7228126525879 26.7274513244629 26.7439079284668 26.7568664550781 26.7598915100098 26.7816715240479 26.7516937255859 26.7455997467041 26.7389602661133 26.7328395843506 -9999 -9999 -9999 -9999 -9999 -9999 -9999 -9999 -9999 -9999
26.6373023986816 26.6662006378174 26.6846446990967 26.6961803436279 26.731803894043 26.7455081939697 26.7510852813721 26.7666435241699 26.773021697998 26.7749538421631 26.7756977081299 26.7724342346191 26.7713661193848 26.7669467926025 26.7612247467041 26.7570209503174 26.7550163269043 26.7465953826904 26.7434844970703 26.7431468963623 26.7509021759033 26.7463722229004 26.7537231445312 26.7396945953369 26.7405395507812 26.7425155639648 26.7437019348145 26.7482471466064 26.7398147583008 26.7316017150879 26.7350120544434 26.7314605712891 26.7294673919678 26.7346000671387 26.740837097168 26.7450218200684 26.748872756958 26.7600059509277 26.7566814422607 26.7587280273438 26.7630805969238 26.776798248291 26.7803554534912 26.7804336547852 26.760082244873 26.7599964141846 26.755765914917 26.7545356750488 -9999 -9999 -9999 -9999 -9999 -9999 -9999 -9999 -9999
26.6413803100586 26.6644611358643 26.6778564453125 26.7073669433594 26.7178478240967 26.7423934936523 26.7536468505859 26.7609519958496 26.7791919708252 26.7762775421143 26.7753238677979 26.7783279418945 26.7724018096924 26.772575378418 26.7688369750977 26.7630615234375 26.7555446624756 26.7563781738281 26.7515811920166 26.7524890899658 26.7562484741211 26.7582416534424 26.7633380889893 26.7563228607178 26.7600879669189 26.7557258605957 26.7526836395264 26.7545051574707 26.7477626800537 26.7402496337891 26.7507038116455 26.7504978179932 26.745641708374 26.7496795654297 26.7478656768799 26.7479228973389 26.7602157592773 26.7670574188232 26.7637996673584 26.7823085784912 26.7751197814941 26.7800273895264 26.7921714782715 26.7882804870605 26.7767181396484 26.7765712738037 26.7676391601562 26.7687034606934 26.7667274475098 -9999 -9999 -9999 -9999 -9999 -9999 -9999 -9999
26.644115447998 26.6578025817871 26.6852607727051 26.712574005127 26.7228755950928 26.7449989318848 26.7610988616943 26.76784324646 26.7950096130371 26.7928848266602 26.7947826385498 26.7941112518311 26.7884712219238 26.7866687774658 26.7869758605957 26.7810516357422 26.7726936340332 26.7793159484863 26.774206161499 26.7757225036621 26.7847347259521 26.7879581451416 26.7975997924805 26.8114910125732 26.8052864074707 26.790584564209 26.7869319915771 26.7876567840576 26.7807483673096 26.780818939209 26.7912940979004 26.7900562286377 26.7890014648438 26.7929821014404 26.7874622344971 26.7784023284912 26.790958404541 26.8050212860107 26.805700302124 26.8247127532959 26.8180522918701 26.821268081665 26.8325595855713 26.834602355957 26.8233890533447 26.8241920471191 26.8233299255371 26.8100109100342 26.8077354431152 -9999 -9999 -9999 -9999 -9999 -9999 -9999 -9999
26.6390209197998 26.6567726135254 26.6797733306885 26.7103862762451 26.7357330322266 26.7509918212891 26.7673511505127 26.7755126953125 26.796215057373 26.7980079650879 26.7969951629639 26.8020286560059 26.792839050293 26.7894248962402 26.7873916625977 26.78835105896 26.7824058532715 26.7830772399902 26.7802124023438 26.779296875 26.7917423248291 26.7957534790039 26.8000450134277 26.8184909820557 26.8221530914307 26.8157730102539 26.8107852935791 26.7956943511963 26.7930145263672 26.797945022583 26.8006153106689 26.7985706329346 26.805492401123 26.8031921386719 26.8000679016113 26.799409866333 26.8034553527832 26.8178462982178 26.8394737243652 26.8492431640625 26.8325614929199 26.8406753540039 26.8396167755127 26.8502826690674 26.8415069580078 26.8387470245361 26.851583480835 26.8302173614502 26.8265190124512 26.8415012359619 -9999 -9999 -9999 -9999 -9999 -9999 -9999
26.6550197601318 26.6653614044189 26.6815013885498 26.7030506134033 26.733118057251 26.7561092376709 26.773832321167 26.7775421142578 26.8027210235596 26.8041915893555 26.8064022064209 26.8066558837891 26.7946166992188 26.7932929992676 26.7940845489502 26.7920436859131 26.7901477813721 26.7893047332764 26.7819938659668 26.7868366241455 26.7981777191162 26.8025646209717 26.8073024749756 26.8129806518555 26.8224048614502 26.819995880127 26.8172378540039 26.8186130523682 26.8088417053223 26.806812286377 26.8188171386719 26.8143768310547 26.8112983703613 26.8244495391846 26.8232040405273 26.824125289917 26.8363189697266 26.8473949432373 26.8528137207031 26.8702697753906 26.8639221191406 26.86647605896 26.8711833953857 26.8716049194336 26.8699817657471 26.8689403533936 26.8640670776367 26.8520622253418 26.8489799499512 26.8488693237305 26.8431377410889 -9999 -9999 -9999 -9999 -9999 -9999
26.6756763458252 26.6848602294922 26.6955623626709 26.7157230377197 26.7349166870117 26.7605056762695 26.7746276855469 26.8056907653809 26.8093109130859 26.810754776001 26.8131790161133 26.8153495788574 26.8065090179443 26.8066215515137 26.8077850341797 26.8075504302979 26.8084659576416 26.8011608123779 26.8030052185059 26.811975479126 26.8176364898682 26.8227710723877 26.8254814147949 26.8315086364746 26.8422031402588 26.8478374481201 26.8476657867432 26.8504695892334 26.8547172546387 26.8483657836914 26.8562107086182 26.857271194458 26.854513168335 26.8632373809814 26.8649730682373 26.8664016723633 26.8868751525879 26.893461227417 26.896427154541 26.9132995605469 26.916971206665 26.9044494628906 26.9196338653564 26.9139003753662 26.9103813171387 26.9127197265625 26.9089889526367 26.9046249389648 26.8938884735107 26.8913593292236 26.8862075805664 -9999 -9999 -9999 -9999 -9999 -9999
26.6793613433838 26.6938076019287 26.7112712860107 26.7254791259766 26.7382202148438 26.7637634277344 26.7963619232178 26.8084526062012 26.8128261566162 26.8156089782715 26.8171634674072 26.8212890625 26.8249607086182 26.822114944458 26.8238658905029 26.8247470855713 26.8201198577881 26.8222141265869 26.8264675140381 26.8320407867432 26.8265342712402 26.8280506134033 26.8249912261963 26.8405094146729 26.8467655181885 26.8535747528076 26.8626918792725 26.8727416992188 26.8810176849365 26.88844871521 26.8847808837891 26.8938732147217 26.8950824737549 26.8968067169189 26.8880500793457 26.8931446075439 26.9019603729248 26.9112682342529 26.9193592071533 26.9248485565186 26.9308090209961 26.9434070587158 26.9279460906982 26.9434490203857 26.9294128417969 26.9260101318359 26.930814743042 26.9225826263428 26.9181690216064 26.9012794494629 26.9045753479004 26.9012088775635 -9999 -9999 -9999 -9999 -9999
26.6978168487549 26.7132015228271 26.7239818572998 26.7379894256592 26.7511882781982 26.770845413208 26.8048095703125 26.8161106109619 26.8189735412598 26.822208404541 26.8241291046143 26.8284282684326 26.8303699493408 26.8298530578613 26.8312473297119 26.8306922912598 26.8310050964355 26.8294944763184 26.8401317596436 26.8407287597656 26.8433208465576 26.8380393981934 26.8397254943848 26.8445606231689 26.8597679138184 26.8638744354248 26.8663654327393 26.8906059265137 26.8938446044922 26.895658493042 26.9040718078613 26.906063079834 26.9051742553711 26.9165496826172 26.935848236084 26.917200088501 26.9343280792236 26.936466217041 26.941333770752 26.9547634124756 26.9612121582031 26.9653854370117 26.9601821899414 26.9624481201172 26.959436416626 26.9596672058105 26.959753036499 26.9573249816895 26.9534130096436 26.9606552124023 26.9394702911377 26.9348526000977 -9999 -9999 -9999 -9999 -9999
26.7292747497559 26.73996925354 26.7460327148438 26.757287979126 26.7676620483398 26.8022651672363 26.8184223175049 26.8246994018555 26.828857421875 26.8321590423584 26.837818145752 26.842845916748 26.8461837768555 26.8479499816895 26.8512840270996 26.8507785797119 26.8541927337646 26.8705291748047 26.864278793335 26.8650894165039 26.8677272796631 26.8737983703613 26.8663234710693 26.870080947876 26.8850078582764 26.891637802124 26.8952159881592 26.9210872650146 26.9283466339111 26.9272937774658 26.9466648101807 26.9401683807373 26.9579963684082 26.9698715209961 26.9724636077881 26.9719257354736 26.9708042144775 26.9733142852783 26.9767417907715 26.9904975891113 26.9940338134766 26.9967594146729 27.0040321350098 26.9889793395996 26.9867668151855 26.9878330230713 26.9857368469238 26.986400604248 26.9983959197998 26.9928150177002 26.9911708831787 26.9701118469238 26.9651737213135 -9999 -9999 -9999 -9999
26.7366943359375 26.7665843963623 26.7664966583252 26.7686939239502 26.7814292907715 26.7930335998535 26.8278942108154 26.8405342102051 26.8422241210938 26.8445014953613 26.8507194519043 26.8483963012695 26.8532180786133 26.8518810272217 26.8546485900879 26.8593978881836 26.8691596984863 26.8725719451904 26.8699054718018 26.8723583221436 26.8779602050781 26.8795108795166 26.8767986297607 26.8844547271729 26.9043369293213 26.910888671875 26.9264163970947 26.9349060058594 26.9540901184082 26.9548797607422 26.9483451843262 26.9765892028809 26.9756641387939 26.978494644165 26.9879169464111 26.99001121521 26.9962882995605 26.9919395446777 26.995548248291 27.0019702911377 27.0222644805908 27.0292320251465 27.010721206665 27.0069751739502 27.0027179718018 27.0012149810791 27.0015487670898 27.0142250061035 27.014310836792 27.014554977417 27.0070838928223 27.0031986236572 26.9859027862549 26.9787330627441 -9999 -9999 -9999
26.748908996582 26.7627258300781 26.7770500183105 26.7843647003174 26.7953567504883 26.8012161254883 26.83034324646 26.8412780761719 26.8469161987305 26.8505115509033 26.8544387817383 26.8557739257812 26.8564205169678 26.855863571167 26.8605079650879 26.8662261962891 26.8764953613281 26.8797569274902 26.8857574462891 26.8824577331543 26.8849544525146 26.8915939331055 26.8935432434082 26.9038047790527 26.9196491241455 26.9270820617676 26.9313468933105 26.9510688781738 26.9534549713135 26.9586544036865 26.9695453643799 26.9799518585205 26.9794025421143 26.9921073913574 26.996919631958 26.9977474212646 27.0102863311768 27.0159168243408 27.0192642211914 27.0289630889893 27.0325889587402 27.034200668335 27.0180511474609 27.0215549468994 27.0226345062256 27.0130672454834 27.0209522247314 27.0215225219727 27.0240058898926 27.0174102783203 27.0192165374756 27.0187683105469 26.9993782043457 26.980447769165 -9999 -9999 -9999
26.7853031158447 26.7879753112793 26.7900505065918 26.793586730957 26.8182907104492 26.8209266662598 26.8487300872803 26.8549270629883 26.8634586334229 26.8667488098145 26.8690509796143 26.8757457733154 26.8762798309326 26.8772468566895 26.8789405822754 26.8830947875977 26.8976078033447 26.9044761657715 26.9106197357178 26.9161586761475 26.912036895752 26.9203643798828 26.9287624359131 26.9358806610107 26.9516582489014 26.9536933898926 26.9594783782959 26.977653503418 26.9801578521729 26.9830322265625 26.9933109283447 26.9987869262695 27.005392074585 27.0183544158936 27.0179119110107 27.0184879302979 27.031286239624 27.0358257293701 27.0406303405762 27.0497951507568 27.0496311187744 27.0498332977295 27.0339488983154 27.0329608917236 27.0301933288574 27.0346355438232 27.0421905517578 27.0465526580811 27.0503787994385 27.0464687347412 27.0402965545654 27.0395660400391 27.0301399230957 27.0235538482666 27.0141944885254 -9999 -9999
