G_variables/Set1/RCP2_2050/Sur_tem_max.asc
NCOLS 229 
NROWS 147 
XLLCORNER -101.25 
YLLCORNER 14.3333333333333 
CELLSIZE 0.0833333333333333 
NODATA_value -9999 
[rows 52 to 77 of 147, columns 114 to 170 of 229]
30.9050025939941 30.9029369354248 30.9067306518555 30.8972549438477 30.8896255493164 30.8870677947998 30.8831253051758 30.8823909759521 30.8865394592285 30.8832035064697 30.8758296966553 30.8629283905029 30.8504695892334 30.8394412994385 30.8213043212891 30.7906322479248 30.7651405334473 30.7570285797119 30.7156352996826 30.6930046081543 30.6820201873779 30.6520919799805 30.6442222595215 30.6398658752441 30.6090431213379 30.6110553741455 30.6013717651367 30.5621871948242 30.5687656402588 30.5466232299805 30.5002479553223 30.5024185180664 30.4822463989258 30.4225063323975 30.3804149627686 30.3600082397461 30.2892417907715 30.2768039703369 30.2267360687256 30.1603374481201 30.1345863342285 30.1256294250488 30.1044864654541 30.1158580780029 30.1378650665283 30.1337909698486 30.1197299957275 30.1043529510498 30.0864009857178 30.0830402374268 30.0798454284668 30.0988330841064 30.1022567749023 30.141300201416 30.2357654571533 30.2636547088623 30.3231391906738
30.892707824707 30.8829231262207 30.8719329833984 30.8759174346924 30.8678550720215 30.8506813049316 30.8535385131836 30.853666305542 30.8446884155273 30.8422737121582 30.8453273773193 30.8236522674561 30.8214836120605 30.8342227935791 30.7726364135742 30.7585678100586 30.7623329162598 30.6977939605713 30.6821613311768 30.6650199890137 30.6136531829834 30.6013832092285 30.6082973480225 30.5671844482422 30.5768775939941 30.6160793304443 30.5397872924805 30.5295429229736 30.5569744110107 30.4755210876465 30.4610538482666 30.4900531768799 30.3984603881836 30.3732471466064 30.3995780944824 30.2737312316895 30.2413005828857 30.2551689147949 30.1318664550781 30.0949993133545 30.0818901062012 30.0292301177979 30.0241374969482 30.0274505615234 30.0223331451416 30.0281181335449 30.0762901306152 30.0104675292969 29.995138168335 30.0151462554932 29.9970531463623 29.9924030303955 29.9616756439209 30.0770740509033 30.12819480896 30.1984062194824 30.2836017608643
30.8487434387207 30.8453464508057 30.8452415466309 30.8311233520508 30.8281364440918 30.8158283233643 30.8070507049561 30.8075771331787 30.8074359893799 30.7891941070557 30.7879066467285 30.7837467193604 30.7589588165283 30.75168800354 30.7403335571289 30.6780071258545 30.6633777618408 30.6492290496826 30.5886650085449 30.5781784057617 30.5564079284668 30.5048446655273 30.4965171813965 30.497142791748 30.4769420623779 30.4778079986572 30.4583225250244 30.4248065948486 30.4095878601074 30.3968696594238 30.344295501709 30.3407135009766 30.3197212219238 30.2425899505615 30.2286014556885 30.2025585174561 30.0967617034912 30.0686111450195 30.0418281555176 29.9489765167236 29.9296131134033 29.9264240264893 29.888744354248 29.8936920166016 29.8942070007324 29.8924312591553 29.8984336853027 29.888952255249 29.8886184692383 29.888427734375 29.8824214935303 29.9164085388184 29.9295959472656 29.943042755127 30.0606288909912 30.0929431915283 30.147310256958
30.7562484741211 30.7281970977783 30.7313060760498 30.7169761657715 30.7145462036133 30.7119693756104 30.688591003418 30.6701526641846 30.6635894775391 30.6473999023438 30.6219539642334 30.6115989685059 30.5830001831055 30.575647354126 30.5373001098633 30.478967666626 30.4267444610596 30.4045124053955 30.3369884490967 30.3011302947998 30.2823715209961 30.2337245941162 30.2294864654541 30.2092552185059 30.184268951416 30.1742725372314 30.1685657501221 30.1311416625977 30.1253128051758 30.1194744110107 30.0650100708008 30.0511493682861 30.0396327972412 29.9673118591309 29.9482154846191 29.9110717773438 29.8060207366943 29.7761497497559 29.729398727417 29.6401596069336 29.6103343963623 29.6118030548096 29.5764560699463 29.5733680725098 29.581449508667 29.5841026306152 29.5885639190674 29.5910243988037 29.5934944152832 29.5878658294678 29.6269550323486 29.6726455688477 29.7176723480225 29.7472629547119 29.863582611084 29.9253826141357 29.9734973907471
30.7279205322266 30.7043857574463 30.6923370361328 30.6909275054932 30.6883659362793 30.6716995239258 30.6542568206787 30.6502685546875 30.616735458374 30.6079425811768 30.6144618988037 30.5588645935059 30.5425777435303 30.5541191101074 30.4611473083496 30.4311962127686 30.4303245544434 30.3141765594482 30.2739562988281 30.2357559204102 30.1817493438721 30.1588611602783 30.1342525482178 30.106315612793 30.0990295410156 30.1210422515869 30.0547428131104 30.0420303344727 30.0482349395752 29.9963645935059 29.9759330749512 29.9537048339844 29.9121131896973 29.8808498382568 29.8313407897949 29.7663249969482 29.7161731719971 29.6097660064697 29.5915985107422 29.5439491271973 29.3932456970215 29.470365524292 29.4658069610596 29.3582611083984 29.4541034698486 29.4684047698975 29.429292678833 29.4820575714111 29.4784717559814 29.403263092041 29.5377426147461 29.5568714141846 29.5054302215576 29.6995048522949 29.7475471496582 29.6961288452148 29.949987411499
30.6914310455322 30.6872997283936 30.6851577758789 30.6504669189453 30.64306640625 30.6367282867432 30.5874996185303 30.5792293548584 30.5702953338623 30.5252799987793 30.5212326049805 30.509838104248 30.439266204834 30.4265403747559 30.3995933532715 30.3120346069336 30.2877082824707 30.2600746154785 30.1556835174561 30.1210613250732 30.1037578582764 30.0290985107422 30.0168304443359 30.0027828216553 29.96120262146 29.9587211608887 29.9457702636719 29.912935256958 29.9093132019043 29.8914165496826 29.8503189086914 29.8430595397949 29.8270320892334 29.7544212341309 29.7371482849121 29.7001323699951 29.5952587127686 29.5741996765137 29.5307064056396 29.4456024169922 29.4072666168213 29.4069442749023 29.383472442627 29.3741416931152 29.3864593505859 29.4073104858398 29.4068698883057 29.4052391052246 29.4527168273926 29.4492263793945 29.4699859619141 29.5647373199463 29.5837097167969 29.6331081390381 29.795618057251 29.8108139038086 29.8943653106689
30.6153316497803 30.5916137695312 30.5827732086182 30.5406513214111 30.5183181762695 30.5082263946533 30.4592761993408 30.4318294525146 30.3920059204102 30.3416042327881 30.3329010009766 30.2919311523438 30.2085552215576 30.1837577819824 30.1394634246826 30.0446186065674 30.0203094482422 29.9856967926025 29.8821086883545 29.8422203063965 29.8192749023438 29.7513771057129 29.708459854126 29.6977691650391 29.6510620117188 29.6240997314453 29.628137588501 29.5991382598877 29.5999889373779 29.6067924499512 29.5762729644775 29.5709400177002 29.5874824523926 29.5183238983154 29.49609375 29.4854621887207 29.3877143859863 29.3564605712891 29.3256855010986 29.2642154693604 29.2876567840576 29.2386341094971 29.232328414917 29.2515716552734 29.2318344116211 29.2375469207764 29.2718296051025 29.2510223388672 29.2731018066406 29.3467998504639 29.3783779144287 29.5059967041016 29.5329074859619 29.6755714416504 29.8470268249512 29.8769035339355 29.9693813323975
30.6039161682129 30.5537624359131 30.5401878356934 30.5247821807861 30.4899425506592 30.4574756622314 30.4308471679688 30.3829040527344 30.320333480835 30.2940273284912 30.24147605896 30.1894989013672 30.1478061676025 30.0717830657959 30.0224227905273 29.9849033355713 29.8809032440186 29.8532390594482 29.8031539916992 29.6474857330322 29.6801490783691 29.6572761535645 29.5317611694336 29.5702171325684 29.5465526580811 29.4214115142822 29.5000228881836 29.4953784942627 29.4029407501221 29.4848937988281 29.4886741638184 29.4320049285889 29.4741954803467 29.453218460083 29.3451747894287 29.3792171478271 29.3442726135254 29.1817436218262 29.2870826721191 29.2289276123047 29.0609092712402 29.1894149780273 29.1974430084229 29.0932369232178 29.1990547180176 29.1918830871582 29.107515335083 29.2178020477295 29.2436351776123 29.1639308929443 29.3901653289795 29.4692459106445 29.5121574401855 29.7424964904785 29.8201026916504 29.8405055999756 30.0431652069092
30.5670356750488 30.5563850402832 30.5438270568848 30.4764862060547 30.4643039703369 30.4464359283447 30.3677158355713 30.3415870666504 30.322208404541 30.2050514221191 30.1832313537598 30.1620693206787 30.0456256866455 30.0160045623779 29.9935970306396 29.8841953277588 29.8575744628906 29.8172016143799 29.7197456359863 29.6686000823975 29.6553440093994 29.5744075775146 29.5541839599609 29.5279903411865 29.4766445159912 29.4535827636719 29.4539127349854 29.4440422058105 29.4391689300537 29.4402618408203 29.4634227752686 29.4473285675049 29.4508399963379 29.4325199127197 29.4198112487793 29.3916797637939 29.3459033966064 29.3178462982178 29.264045715332 29.2433795928955 29.191764831543 29.1922931671143 -9999 -9999 29.1808090209961 29.1782913208008 29.2050743103027 29.276439666748 29.2908325195312 29.3339748382568 29.4174289703369 29.6073760986328 29.6622333526611 29.7376403808594 30.0011520385742 30.068941116333 30.1165714263916
30.5314826965332 30.5202541351318 30.4932231903076 30.4193592071533 30.3742942810059 30.3565311431885 30.258617401123 30.2091522216797 30.1861553192139 30.0639724731445 30.0021362304688 29.9776496887207 29.8618907928467 29.8279933929443 29.804027557373 29.7014293670654 29.6611061096191 29.643856048584 29.5464553833008 29.4967803955078 29.4772663116455 29.3960628509521 29.3836002349854 29.3645973205566 29.3154430389404 29.3495140075684 29.3620052337646 29.347448348999 29.3362808227539 29.3653678894043 29.3748817443848 29.3906135559082 29.391471862793 29.3673400878906 29.3727340698242 29.3539485931396 29.3203353881836 29.3303337097168 -9999 -9999 -9999 -9999 -9999 -9999 -9999 -9999 -9999 -9999 -9999 -9999 29.5158576965332 29.6518135070801 29.8519802093506 29.9059295654297 30.0827007293701 30.2502918243408 -9999
30.54123878479 30.4957141876221 30.4558391571045 30.4244842529297 30.3610668182373 30.3021869659424 30.2590465545654 30.1683769226074 30.1090793609619 30.0537986755371 29.9269752502441 29.8887348175049 29.8367023468018 29.6665210723877 29.7046718597412 29.6824989318848 29.563627243042 29.5627346038818 29.5261459350586 29.4232177734375 29.3947486877441 29.3644714355469 29.3022422790527 29.3396873474121 29.3049926757812 29.1949768066406 29.2778644561768 29.2891788482666 29.1570167541504 29.2968215942383 29.3364925384521 29.3642349243164 29.333589553833 29.3402767181396 29.4074363708496 -9999 -9999 -9999 -9999 -9999 -9999 -9999 -9999 -9999 -9999 -9999 -9999 -9999 -9999 -9999 -9999 -9999 -9999 -9999 -9999 -9999 -9999
30.5189571380615 30.5132598876953 30.4900016784668 30.3852577209473 30.3649578094482 30.3321151733398 30.2072410583496 30.1696529388428 30.1415691375732 29.9957714080811 29.9534568786621 29.9040584564209 29.7901916503906 29.7347564697266 29.720911026001 29.6410388946533 29.5912208557129 29.5748767852783 29.4910449981689 29.4609355926514 29.4074726104736 29.3591117858887 29.3457107543945 29.3181915283203 29.3078651428223 29.2854709625244 29.2868995666504 29.2800750732422 -9999 -9999 -9999 -9999 -9999 -9999 -9999 -9999 -9999 -9999 -9999 -9999 -9999 -9999 -9999 -9999 -9999 -9999 -9999 -9999 -9999 -9999 -9999 -9999 -9999 -9999 -9999 -9999 -9999
30.5193176269531 30.4897060394287 30.4733791351318 30.367561340332 30.3445358276367 30.2906455993652 30.1647109985352 30.1334552764893 30.0815105438232 29.9401626586914 29.8979263305664 29.8646831512451 29.7510051727295 29.7185230255127 29.705099105835 29.6268444061279 29.6063537597656 29.5432834625244 29.4851455688477 29.4562873840332 29.3926620483398 29.3568077087402 29.3299541473389 -9999 -9999 -9999 -9999 -9999 -9999 -9999 -9999 -9999 -9999 -9999 -9999 -9999 -9999 -9999 -9999 -9999 -9999 -9999 -9999 -9999 -9999 -9999 -9999 -9999 -9999 -9999 -9999 -9999 -9999 -9999 -9999 -9999 -9999
30.5458545684814 30.5104789733887 30.4417591094971 30.3987503051758 30.3469619750977 30.2485523223877 30.1992988586426 30.0800037384033 30.0320453643799 29.9783973693848 29.8359184265137 29.8256072998047 29.7846240997314 29.6637516021729 29.6793327331543 29.6547260284424 29.5714550018311 29.5617389678955 29.4915790557861 29.4139575958252 29.4147758483887 -9999 -9999 -9999 -9999 -9999 -9999 -9999 -9999 -9999 -9999 -9999 -9999 -9999 -9999 -9999 -9999 -9999 -9999 -9999 -9999 -9999 -9999 -9999 -9999 -9999 -9999 -9999 -9999 -9999 -9999 -9999 -9999 -9999 -9999 -9999 -9999
30.5237159729004 30.5143260955811 30.4844989776611 30.3770198822021 30.3295421600342 30.3013324737549 30.1714782714844 30.1390743255615 30.0849952697754 29.9635524749756 29.9020404815674 29.8776245117188 29.7964057922363 29.7501029968262 29.7403755187988 29.6847858428955 29.6405296325684 29.6008472442627 -9999 -9999 -9999 -9999 -9999 -9999 -9999 -9999 -9999 -9999 -9999 -9999 -9999 -9999 -9999 -9999 -9999 -9999 -9999 -9999 -9999 -9999 -9999 -9999 -9999 -9999 -9999 -9999 -9999 -9999 -9999 -9999 -9999 -9999 -9999 -9999 -9999 -9999 -9999
30.5295715332031 30.5217819213867 30.474925994873 30.3686180114746 30.3442516326904 30.2917098999023 30.1610317230225 30.1283130645752 30.1102733612061 29.9934368133545 29.9814414978027 29.9543495178223 29.8817882537842 29.8669948577881 29.868579864502 29.828763961792 29.7935256958008 -9999 -9999 -9999 -9999 -9999 -9999 -9999 -9999 -9999 -9999 -9999 -9999 -9999 -9999 -9999 -9999 -9999 -9999 -9999 -9999 -9999 -9999 -9999 -9999 -9999 -9999 -9999 -9999 -9999 -9999 -9999 -9999 -9999 -9999 -9999 -9999 -9999 -9999 -9999 -9999
30.5616893768311 30.5533123016357 30.4489135742188 30.4076232910156 30.3520908355713 30.262077331543 30.2163333892822 30.1404991149902 30.0912952423096 30.0514087677002 29.9762649536133 29.9723148345947 29.952299118042 29.8947105407715 29.9046154022217 29.8722476959229 29.8674640655518 -9999 -9999 -9999 -9999 -9999 -9999 -9999 -9999 -9999 -9999 -9999 -9999 -9999 -9999 -9999 -9999 -9999 -9999 -9999 -9999 -9999 -9999 -9999 -9999 -9999 -9999 -9999 -9999 -9999 -9999 -9999 -9999 -9999 -9999 -9999 -9999 -9999 -9999 -9999 -9999
30.5365695953369 30.5198345184326 30.4790210723877 30.3789596557617 30.3243160247803 30.3011627197266 30.2009506225586 30.1816883087158 30.1300640106201 30.0722541809082 30.0378456115723 30.0167903900146 30.0032043457031 29.9942359924316 29.9757995605469 30.0096454620361 29.9660377502441 -9999 -9999 -9999 -9999 -9999 -9999 -9999 -9999 -9999 -9999 -9999 -9999 -9999 -9999 -9999 -9999 -9999 -9999 -9999 -9999 -9999 -9999 -9999 -9999 -9999 -9999 -9999 -9999 -9999 -9999 -9999 -9999 -9999 -9999 -9999 -9999 -9999 -9999 -9999 -9999
30.5405502319336 30.5197792053223 30.4665851593018 30.3556842803955 30.3178024291992 30.3036327362061 30.2169952392578 30.2027206420898 30.1935749053955 30.1562690734863 30.1668739318848 30.153076171875 30.1467113494873 30.177209854126 30.1791687011719 30.1584415435791 -9999 -9999 -9999 -9999 -9999 -9999 -9999 -9999 -9999 -9999 -9999 -9999 -9999 -9999 -9999 -9999 -9999 -9999 -9999 -9999 -9999 -9999 -9999 -9999 -9999 -9999 -9999 -9999 -9999 -9999 -9999 -9999 -9999 -9999 -9999 -9999 -9999 -9999 -9999 -9999 30.4536647796631
30.5705547332764 30.5344066619873 30.4448547363281 30.3905124664307 30.2779769897461 30.2813205718994 30.2602710723877 30.2001419067383 30.2146282196045 30.2055625915527 30.1675357818604 30.2079734802246 30.219331741333 30.2403583526611 30.2327785491943 30.2414951324463 -9999 -9999 -9999 -9999 -9999 -9999 -9999 -9999 -9999 -9999 -9999 -9999 -9999 -9999 -9999 -9999 -9999 -9999 -9999 -9999 -9999 -9999 -9999 -9999 -9999 -9999 -9999 -9999 -9999 -9999 -9999 -9999 -9999 -9999 -9999 -9999 -9999 -9999 -9999 30.4035491943359 30.4353523254395
30.5404148101807 30.5242576599121 30.4772701263428 30.3717269897461 30.3195419311523 30.3187561035156 30.2651920318604 30.2419204711914 30.2512378692627 30.2665481567383 30.2580165863037 30.2430515289307 30.2879867553711 30.2889595031738 30.2937507629395 -9999 -9999 -9999 -9999 -9999 -9999 -9999 -9999 -9999 -9999 -9999 -9999 -9999 -9999 -9999 -9999 -9999 -9999 -9999 -9999 -9999 -9999 -9999 -9999 -9999 -9999 -9999 -9999 -9999 -9999 -9999 -9999 -9999 -9999 -9999 -9999 -9999 -9999 -9999 30.41015625 30.4243259429932 30.4207553863525
30.5542984008789 30.5102386474609 30.4834632873535 30.3772048950195 30.3544292449951 30.3370895385742 30.2926483154297 30.317533493042 30.3469791412354 30.3708667755127 30.3945217132568 30.3951969146729 30.4549694061279 30.4528045654297 30.4838466644287 30.4826011657715 -9999 -9999 -9999 -9999 -9999 -9999 -9999 -9999 -9999 -9999 -9999 -9999 -9999 -9999 -9999 -9999 -9999 -9999 -9999 -9999 -9999 -9999 -9999 -9999 -9999 -9999 -9999 -9999 -9999 -9999 -9999 -9999 -9999 -9999 -9999 -9999 -9999 30.4009742736816 30.4121875762939 30.4121341705322 30.4380474090576
30.5960159301758 30.5485610961914 30.4643459320068 30.4163112640381 30.3037033081055 30.32497215271 30.321985244751 30.3074016571045 30.3730907440186 30.3973522186279 30.4041309356689 30.4556007385254 30.4882354736328 30.5508937835693 30.5261764526367 -9999 -9999 -9999 -9999 -9999 -9999 -9999 -9999 -9999 -9999 -9999 -9999 -9999 -9999 -9999 -9999 -9999 -9999 -9999 -9999 -9999 -9999 -9999 -9999 -9999 -9999 -9999 -9999 -9999 -9999 -9999 -9999 -9999 -9999 -9999 -9999 -9999 -9999 30.3911075592041 30.4066543579102 30.3835620880127 30.4403839111328
30.5724220275879 30.5276165008545 30.5008792877197 30.3980236053467 30.3792915344238 30.3472461700439 30.3280506134033 30.329761505127 30.3462181091309 30.4224224090576 30.436429977417 30.4496078491211 30.5536918640137 30.5815467834473 30.5784816741943 -9999 -9999 -9999 -9999 -9999 -9999 -9999 -9999 -9999 -9999 -9999 -9999 -9999 -9999 -9999 -9999 -9999 -9999 -9999 -9999 -9999 -9999 -9999 -9999 -9999 -9999 -9999 -9999 -9999 -9999 -9999 -9999 -9999 -9999 -9999 -9999 30.4028358459473 30.3949508666992 30.4029216766357 30.4134292602539 30.4175853729248 30.4319019317627
30.5966129302979 30.5789432525635 30.5231990814209 30.4189987182617 30.3793449401855 30.3780269622803 30.3517303466797 30.3587818145752 30.3975162506104 30.4754238128662 30.5223751068115 30.5411701202393 30.64919090271 30.6740474700928 30.682710647583 -9999 -9999 -9999 -9999 -9999 -9999 -9999 -9999 -9999 -9999 -9999 -9999 -9999 -9999 -9999 -9999 -9999 -9999 -9999 -9999 -9999 -9999 -9999 -9999 -9999 -9999 -9999 -9999 -9999 -9999 -9999 -9999 -9999 -9999 -9999 -9999 30.4137496948242 30.4077301025391 30.4185523986816 30.425666809082 30.4343738555908 30.4639091491699
30.6358394622803 30.612813949585 30.5059375762939 30.4511528015137 30.3483619689941 30.3707656860352 30.3703670501709 30.338415145874 30.4295921325684 30.4694309234619 30.5251407623291 30.5930156707764 30.6464576721191 30.7870025634766 30.7227954864502 -9999 -9999 -9999 -9999 -9999 -9999 -9999 -9999 -9999 -9999 -9999 -9999 -9999 -9999 -9999 -9999 -9999 -9999 -9999 -9999 -9999 -9999 -9999 -9999 -9999 -9999 -9999 -9999 -9999 -9999 -9999 -9999 -9999 -9999 -9999 -9999 30.4272727966309 30.3749389648438 30.424259185791 30.4310817718506 30.4268341064453 30.4914989471436
