G_variables/Set1/RCP2_2050/Sur_tem_max.asc
NCOLS 229 
NROWS 147 
XLLCORNER -101.25 
YLLCORNER 14.3333333333333 
CELLSIZE 0.0833333333333333 
NODATA_value -9999 
[rows 78 to 103 of 147, columns 57 to 113 of 229]
30.4890117645264 30.4910697937012 30.5192966461182 30.5862579345703 30.6109657287598 30.6207523345947 30.6767616271973 30.6883354187012 30.6985702514648 30.7073802947998 30.7056446075439 30.711009979248 30.7029228210449 30.7157516479492 30.7162780761719 30.7267189025879 30.7251510620117 30.7251873016357 30.7358684539795 30.7251968383789 30.7291431427002 30.7422561645508 30.7485466003418 30.7551326751709 30.7800922393799 30.7825679779053 30.7865676879883 30.7912712097168 30.7930507659912 30.7938709259033 30.8025283813477 30.8005390167236 30.8029518127441 30.7985725402832 30.7861862182617 30.7898731231689 30.7794933319092 30.7787666320801 30.77321434021 30.7647342681885 30.7635765075684 30.768030166626 30.7722816467285 30.773099899292 30.7725162506104 30.7721500396729 30.7700710296631 30.7625579833984 30.7664775848389 30.7667694091797 30.761547088623 30.7559375762939 30.7507514953613 30.7517986297607 30.7280330657959 30.7237033843994 30.698600769043
30.4700355529785 30.458610534668 30.4660949707031 30.5313339233398 30.5588550567627 30.5682830810547 30.6267852783203 30.6403675079346 30.6389560699463 30.6715927124023 30.672815322876 30.6909027099609 30.6790084838867 30.6811714172363 30.6832485198975 30.6917018890381 30.6957530975342 30.6971054077148 30.7055110931396 30.6958274841309 30.6962871551514 30.704402923584 30.7038269042969 30.7185382843018 30.7415809631348 30.7448577880859 30.7478771209717 30.7535018920898 30.7577590942383 30.7624893188477 30.7660884857178 30.7706642150879 30.7795333862305 30.7774524688721 30.7807197570801 30.7849597930908 30.7673072814941 30.7688903808594 30.7681465148926 30.7584323883057 30.7632160186768 30.7600975036621 30.7602958679199 30.7632350921631 30.7552051544189 30.7479763031006 30.7427139282227 30.7382946014404 30.7515182495117 30.7528972625732 30.7530040740967 30.7469615936279 30.754373550415 30.7491245269775 30.7206192016602 30.7165203094482 30.6892013549805
30.4514408111572 30.4282932281494 30.4765033721924 30.4997081756592 30.547492980957 30.5765628814697 30.6030235290527 30.6506423950195 30.6431941986084 30.6514854431152 30.6819229125977 30.6889877319336 30.6662769317627 30.6876449584961 30.6812438964844 30.6814861297607 30.6819877624512 30.6895942687988 30.6953125 30.7095317840576 30.6881484985352 30.6848888397217 30.6756553649902 30.719518661499 30.72385597229 30.7155094146729 30.7304000854492 30.7332859039307 30.722993850708 30.7451457977295 30.7530918121338 30.7531070709229 30.7654094696045 30.7721004486084 30.7829627990723 30.7695484161377 30.7723217010498 30.768102645874 30.7605838775635 30.7572574615479 30.7500953674316 30.7557926177979 30.7597923278809 30.7726459503174 30.7489261627197 30.7447948455811 30.7543163299561 30.7376270294189 30.7477340698242 30.7415237426758 30.7426795959473 30.7480640411377 30.7694664001465 30.7299137115479 30.7252311706543 30.7477073669434 30.6554527282715
30.4216556549072 30.4441890716553 30.4705829620361 30.501708984375 30.5304718017578 30.5449981689453 30.6061897277832 30.6024341583252 30.6158466339111 30.6624927520752 30.6700916290283 30.6808032989502 30.6885967254639 30.6673412322998 30.6668758392334 30.6781196594238 30.6789855957031 30.679500579834 30.685001373291 30.68723487854 30.6850509643555 30.6746711730957 30.7033672332764 30.7063674926758 30.7095890045166 30.7135353088379 30.7138633728027 30.7233104705811 30.7260303497314 30.7347087860107 30.7491817474365 30.7471752166748 30.7525291442871 30.7652416229248 30.7657318115234 30.7609996795654 30.7622413635254 30.7663421630859 30.7560157775879 30.7499904632568 30.7503509521484 30.7532367706299 30.7408027648926 30.7432880401611 30.7455863952637 30.7304973602295 30.7328472137451 30.7282238006592 30.7291889190674 30.726282119751 30.7314300537109 30.7243671417236 30.7244720458984 30.7186813354492 30.6902446746826 30.6765918731689 30.6644401550293
-9999 30.4029483795166 30.4159259796143 30.4487476348877 30.4574394226074 30.490873336792 30.5427436828613 30.5750522613525 30.5891513824463 30.6291751861572 30.641508102417 30.6497364044189 30.6568260192871 30.6328163146973 30.633020401001 30.6449432373047 30.64914894104 30.6508102416992 30.65696144104 30.6558284759521 30.6570701599121 30.6696090698242 30.6739196777344 30.6759586334229 30.6782341003418 30.6801586151123 30.691463470459 30.7013568878174 30.7045993804932 30.7112197875977 30.7267608642578 30.7324771881104 30.7344093322754 30.7470283508301 30.7437496185303 30.7457027435303 30.7488536834717 30.7540550231934 30.7499942779541 30.7432155609131 30.7384624481201 30.7392272949219 30.7236976623535 30.7126235961914 30.7122459411621 30.6939258575439 30.688814163208 30.68603515625 30.6884803771973 30.6805210113525 30.6820812225342 30.6750392913818 30.6662406921387 30.6600189208984 30.6245880126953 30.6117687225342 30.6030101776123
-9999 30.3626270294189 30.4011287689209 30.4336833953857 30.4392318725586 30.493839263916 30.5109443664551 30.5800170898438 30.5899066925049 30.6117610931396 30.6423740386963 30.6451377868652 30.64674949646 30.6516742706299 30.6257228851318 30.6272373199463 30.6248741149902 30.644998550415 30.6492328643799 30.6595878601074 30.6542987823486 30.6515789031982 30.6540565490723 30.6651935577393 30.6690349578857 30.6573333740234 30.6844501495361 30.6891231536865 30.6770362854004 30.7034797668457 30.7130222320557 30.7235698699951 30.7280368804932 30.734073638916 30.7407875061035 30.7345695495605 30.7440452575684 30.768404006958 30.7379779815674 30.7376861572266 30.7443943023682 30.7315521240234 30.7241325378418 30.7146015167236 30.6970844268799 30.6846580505371 30.6665344238281 30.6655654907227 30.6753768920898 30.6819725036621 30.6601581573486 30.656888961792 30.6708126068115 30.6125926971436 30.6001110076904 30.6197299957275 30.5528144836426
-9999 30.369312286377 30.4017791748047 30.4199695587158 30.4406032562256 30.4468326568604 30.5190601348877 30.5375900268555 30.5643444061279 30.6134757995605 30.6196212768555 30.6263122558594 30.6423416137695 30.6427726745605 30.6110057830811 30.6237602233887 30.6272773742676 30.6367683410645 30.6470565795898 30.6419105529785 30.6269302368164 30.6413555145264 30.650074005127 30.6581993103027 30.6680679321289 30.6725177764893 30.6813335418701 30.6908092498779 30.6949615478516 30.7003078460693 30.7094898223877 30.713830947876 30.7190742492676 30.7264862060547 30.7262058258057 30.7270812988281 30.7200832366943 30.7239856719971 30.7296848297119 30.7208995819092 30.7286567687988 30.7345485687256 30.7079448699951 30.6974906921387 30.6866569519043 30.6554565429688 30.6554508209229 30.6480903625488 30.6409072875977 30.6379833221436 30.638111114502 30.6167755126953 30.6029644012451 30.5759620666504 30.5341148376465 30.5529537200928 30.5400791168213
-9999 -9999 30.3744335174561 30.3924789428711 30.3821754455566 30.4012718200684 30.4664058685303 30.501443862915 30.5127601623535 30.5659923553467 30.5880737304688 30.5887470245361 30.605224609375 30.6103477478027 30.6071949005127 30.5910606384277 30.5929222106934 30.5972957611084 30.6142520904541 30.6090202331543 30.5962257385254 30.618034362793 30.6335048675537 30.6351013183594 30.6480846405029 30.6599807739258 30.6653156280518 30.6753692626953 30.6801261901855 30.6799945831299 30.684778213501 30.6881561279297 30.6839485168457 30.6876792907715 30.6846961975098 30.6825046539307 30.6748485565186 30.6835403442383 30.6896686553955 30.6821231842041 30.6799030303955 30.6830883026123 30.653434753418 30.6476535797119 30.6255836486816 30.5931053161621 30.583812713623 30.57741355896 30.5533885955811 30.5619735717773 30.558687210083 30.5286521911621 30.5180511474609 30.5024127960205 30.4663257598877 30.4661731719971 30.4661521911621
-9999 -9999 30.3525295257568 30.3678855895996 30.3418521881104 30.3958854675293 30.4318561553955 30.5072860717773 30.5137996673584 30.536111831665 30.5939693450928 30.5851573944092 30.587797164917 30.6026153564453 30.6036911010742 30.5761623382568 30.5745658874512 30.5973854064941 30.6012992858887 30.6156196594238 30.6073703765869 30.6185207366943 30.6498832702637 30.6446380615234 30.6436519622803 30.6798267364502 30.6636734008789 30.670280456543 30.710334777832 30.6774272918701 30.6756992340088 30.6956214904785 30.6756916046143 30.672679901123 30.6741676330566 30.6677665710449 30.6640892028809 30.6951026916504 30.6685237884521 30.672025680542 30.6919784545898 30.6506805419922 30.6398239135742 30.6361122131348 30.5954875946045 30.5803508758545 30.5762691497803 30.5452575683594 30.5340900421143 30.5396213531494 30.5242671966553 30.5081882476807 30.4908828735352 30.4703521728516 30.462703704834 30.4412651062012 30.4265804290771
-9999 -9999 30.3593997955322 30.3666820526123 30.3609104156494 30.3914203643799 30.4324398040771 30.4494304656982 30.4765892028809 30.5358963012695 30.5458793640137 30.5538539886475 30.583890914917 30.5849056243896 30.5850028991699 30.5972805023193 30.5794811248779 30.5830554962158 30.5940933227539 30.5967216491699 30.6012325286865 30.6171798706055 30.6236152648926 30.6236209869385 30.6282558441162 30.6383304595947 30.6415996551514 30.6510963439941 30.6599235534668 30.6581497192383 30.6524047851562 30.6570796966553 30.6545715332031 30.6457958221436 30.6486930847168 30.6484565734863 30.6356105804443 30.644510269165 30.6462898254395 30.6366176605225 30.6399765014648 30.6306762695312 30.595516204834 30.5925540924072 30.5772399902344 30.5411052703857 30.5312080383301 30.5239124298096 30.4915332794189 30.4878005981445 30.4979209899902 30.475061416626 30.4709510803223 30.4609088897705 30.4316921234131 30.4326782226562 30.4168186187744
-9999 -9999 -9999 -9999 30.3273944854736 30.3304290771484 30.3808250427246 30.3581237792969 30.3710174560547 30.4331645965576 30.4475536346436 30.466760635376 30.5037536621094 30.511869430542 30.5284004211426 30.5420017242432 30.5372772216797 30.5349540710449 30.5443878173828 30.5447521209717 30.5578441619873 30.572301864624 30.5746402740479 30.5877456665039 30.6034488677979 30.6009197235107 30.6063995361328 30.6140880584717 30.611400604248 30.6111316680908 30.6036281585693 30.5970973968506 30.5974273681641 30.5892562866211 30.5813541412354 30.5823192596436 30.5682163238525 30.5549774169922 30.5653896331787 30.5537223815918 30.5571479797363 30.5390586853027 30.5029048919678 30.4806499481201 30.4697265625 30.4320049285889 30.419677734375 30.412914276123 30.3808460235596 30.3812389373779 30.3987274169922 30.3889064788818 30.3915309906006 30.3940105438232 30.3699703216553 30.3768081665039 30.379919052124
-9999 -9999 -9999 -9999 30.269079208374 30.3246479034424 30.3310890197754 30.3435821533203 30.3629779815674 30.3894309997559 30.4754829406738 30.4532279968262 30.4718437194824 30.556770324707 30.518856048584 30.5032958984375 30.5405292510986 30.5269393920898 30.5272274017334 30.5414218902588 30.5514984130859 30.5541210174561 30.5619583129883 30.5780944824219 30.5852489471436 30.5778198242188 30.5875244140625 30.592077255249 30.5936279296875 30.5866832733154 30.5808181762695 30.5590133666992 30.5699234008789 30.5668773651123 30.5532779693604 30.5546875 30.5464935302734 30.5524196624756 30.5331172943115 30.5324401855469 30.5367374420166 30.4953193664551 30.4823474884033 30.4805221557617 30.4214534759521 30.4069652557373 30.392017364502 30.3654403686523 30.3553981781006 30.3477172851562 30.3578090667725 30.3648700714111 30.3410625457764 30.3621463775635 30.366870880127 30.3525924682617 30.3644542694092
-9999 -9999 -9999 -9999 -9999 30.2850379943848 30.3103675842285 30.3135032653809 30.3344058990479 30.3533325195312 30.3688468933105 30.3839244842529 30.4431648254395 30.4587364196777 30.460168838501 30.4845123291016 30.4895572662354 30.4932804107666 30.5132808685303 30.5148334503174 30.5259189605713 30.547327041626 30.5499973297119 30.5581169128418 30.5768299102783 30.5835399627686 30.5710887908936 30.5741901397705 30.5747222900391 30.572847366333 30.5589771270752 30.5541973114014 30.553050994873 30.5392055511475 30.5387916564941 30.539493560791 30.5122680664062 30.5164127349854 30.517463684082 30.4843654632568 30.4792957305908 30.4724750518799 30.41845703125 30.4032115936279 30.3947830200195 30.3470897674561 30.3394870758057 30.32594871521 30.3174324035645 30.3182735443115 30.3130264282227 30.3309688568115 30.3353691101074 30.3429679870605 30.3545589447021 30.3451347351074 30.3473148345947
-9999 -9999 -9999 -9999 -9999 -9999 30.2376403808594 30.2198028564453 30.2281131744385 30.2642116546631 30.2364864349365 30.2574329376221 30.3246402740479 30.3368606567383 30.3656635284424 30.399341583252 30.4059352874756 30.4225463867188 30.4464359283447 30.4580783843994 30.4670810699463 30.4911136627197 30.4939231872559 30.512788772583 30.5352439880371 30.5416069030762 30.5445232391357 30.528284072876 30.5270519256592 30.5253791809082 30.5125579833984 30.5099811553955 30.5150165557861 30.5001354217529 30.4933967590332 30.4942531585693 30.4644222259521 30.4603443145752 30.4408149719238 30.4066963195801 30.4017944335938 30.362512588501 30.3018932342529 30.2586822509766 30.2493896484375 30.1974620819092 30.1850261688232 30.1879749298096 30.1895427703857 30.1952533721924 30.2298908233643 30.2627506256104 30.2982120513916 30.306978225708 30.3236789703369 30.3512687683105 30.358757019043
-9999 -9999 -9999 -9999 -9999 -9999 30.20139503479 30.0653228759766 30.1948051452637 30.1984691619873 30.0993461608887 30.2230567932129 30.2607593536377 30.2914257049561 30.3236427307129 30.348539352417 30.3843574523926 30.4047985076904 30.4150104522705 30.4280776977539 30.458402633667 30.4666366577148 30.471586227417 30.5007171630859 30.5163269042969 30.5622959136963 30.5345344543457 30.5100116729736 30.5004425048828 30.501277923584 30.4980030059814 30.4832496643066 30.4909687042236 30.487943649292 30.4598274230957 30.4588851928711 30.4550762176514 30.3964061737061 30.3999862670898 30.390380859375 30.3421897888184 30.3092498779297 30.2802791595459 30.2179756164551 30.1905975341797 30.1591472625732 30.0708408355713 30.1359939575195 30.1542491912842 30.1529483795166 30.2050647735596 30.2345218658447 30.2871112823486 30.2904376983643 30.3067951202393 30.3333187103271 30.3615074157715
-9999 -9999 -9999 -9999 -9999 -9999 -9999 -9999 30.1700382232666 30.1908187866211 30.1892890930176 30.2130355834961 30.2551784515381 30.2706298828125 30.2784938812256 30.3488655090332 30.3628273010254 30.3735618591309 30.418098449707 30.4170246124268 30.4300441741943 30.4694881439209 30.4728164672852 30.4806518554688 30.5113124847412 30.5186462402344 30.5170478820801 30.520357131958 30.494213104248 30.4867382049561 30.4792404174805 30.4862747192383 30.49169921875 30.4831981658936 30.4741592407227 30.472728729248 30.4397296905518 30.4287548065186 30.4201259613037 30.3499374389648 30.341287612915 30.3247756958008 30.2269077301025 30.2063331604004 30.1720771789551 30.1121253967285 30.0884017944336 30.0968627929688 30.1308650970459 30.1393928527832 30.1577453613281 30.2365417480469 30.2432079315186 30.2505550384521 30.3164978027344 30.3450050354004 30.3636169433594
-9999 -9999 -9999 -9999 -9999 -9999 -9999 30.1775779724121 30.1693267822266 -9999 30.1672096252441 30.1751308441162 30.2045803070068 30.231409072876 30.240779876709 30.2919673919678 30.32887840271 30.3409976959229 30.3679885864258 30.3820190429688 30.3838348388672 30.4234848022461 30.427885055542 30.434419631958 30.4654979705811 30.4713516235352 30.4751472473145 30.4777774810791 30.4624938964844 30.4478378295898 30.4497451782227 30.4733581542969 30.4981708526611 30.4869232177734 30.4918384552002 30.4834136962891 30.4503536224365 30.4207668304443 30.4082469940186 30.3222560882568 30.3108425140381 30.2650470733643 30.1523666381836 30.1151390075684 30.0741882324219 30.0297718048096 30.0158672332764 30.0517482757568 30.0747890472412 30.1036224365234 30.127384185791 30.1789875030518 30.2241344451904 30.2276935577393 30.3019142150879 30.3471240997314 30.40061378479
-9999 -9999 -9999 -9999 -9999 -9999 -9999 -9999 -9999 -9999 -9999 -9999 -9999 -9999 -9999 -9999 30.2763118743896 30.3299369812012 30.3585357666016 30.3406448364258 30.3828296661377 30.3960666656494 30.4202976226807 30.4314384460449 30.4477500915527 30.5066318511963 30.4747352600098 30.4644622802734 30.4477977752686 30.4578666687012 30.4579544067383 30.488094329834 30.492582321167 30.5022430419922 30.5117053985596 30.4758529663086 30.4741249084473 30.4661159515381 30.3823871612549 30.3453788757324 30.2745399475098 30.2118682861328 30.1558742523193 30.0134429931641 30.0513095855713 29.9993515014648 29.8322277069092 29.9941387176514 30.0522594451904 -9999 -9999 -9999 -9999 30.2537899017334 30.2920742034912 30.3377170562744 30.4313869476318
-9999 -9999 -9999 -9999 -9999 -9999 -9999 -9999 -9999 -9999 -9999 -9999 -9999 -9999 -9999 -9999 -9999 30.3277473449707 30.3463859558105 30.3687324523926 30.3812007904053 30.3952903747559 30.4074306488037 30.4131736755371 30.4427261352539 30.4478244781494 30.4470520019531 30.4748554229736 30.4658641815186 30.4614868164062 30.4982891082764 30.4894008636475 30.5024166107178 30.5156745910645 30.5122985839844 30.5106563568115 30.4627552032471 30.4538154602051 30.4264221191406 30.3027210235596 30.2820644378662 30.2402515411377 30.1432666778564 30.0861930847168 30.0453414916992 -9999 -9999 -9999 -9999 -9999 -9999 -9999 -9999 30.2776508331299 30.3516044616699 30.3793201446533 30.4178047180176
-9999 -9999 -9999 -9999 -9999 -9999 -9999 -9999 -9999 -9999 -9999 -9999 -9999 -9999 -9999 -9999 -9999 -9999 -9999 -9999 30.3437271118164 30.362678527832 30.3415241241455 30.3479766845703 30.3752059936523 30.3880805969238 30.3907489776611 30.4296264648438 30.4546356201172 30.4655818939209 30.5018444061279 30.5226726531982 30.5275001525879 30.5335655212402 30.5418014526367 30.5132732391357 30.4833583831787 30.4674625396729 30.4062442779541 30.3163204193115 30.263427734375 30.2064800262451 30.1465950012207 30.0662059783936 -9999 -9999 -9999 -9999 -9999 -9999 -9999 -9999 -9999 -9999 -9999 30.3987617492676 30.470817565918
-9999 -9999 -9999 -9999 -9999 -9999 -9999 -9999 -9999 -9999 -9999 -9999 -9999 -9999 -9999 -9999 -9999 -9999 -9999 -9999 -9999 30.3325843811035 30.3053779602051 30.3384704589844 30.3482913970947 30.3562488555908 30.3909225463867 30.4027862548828 30.4299049377441 30.47487449646 30.5027751922607 30.5880813598633 30.539737701416 30.5454349517822 30.5955657958984 30.5323219299316 -9999 -9999 -9999 -9999 30.270450592041 -9999 -9999 -9999 -9999 -9999 -9999 -9999 -9999 -9999 -9999 -9999 -9999 -9999 -9999 -9999 -9999
-9999 -9999 -9999 -9999 -9999 -9999 -9999 -9999 -9999 -9999 -9999 -9999 -9999 -9999 -9999 -9999 -9999 -9999 -9999 -9999 -9999 -9999 30.3159790039062 30.3249950408936 30.3327713012695 30.3430786132812 30.3491325378418 30.4150390625 30.4302101135254 30.4486999511719 30.4996891021729 30.5346393585205 30.5442714691162 30.5371170043945 30.5505771636963 -9999 -9999 -9999 -9999 -9999 -9999 -9999 -9999 -9999 -9999 -9999 -9999 -9999 -9999 -9999 -9999 -9999 -9999 -9999 -9999 -9999 -9999
-9999 -9999 -9999 -9999 -9999 -9999 -9999 -9999 -9999 -9999 -9999 -9999 -9999 -9999 -9999 -9999 -9999 -9999 -9999 -9999 -9999 -9999 -9999 30.2936210632324 30.3057651519775 30.3135471343994 30.3378028869629 30.3794002532959 30.4171237945557 30.4477615356445 -9999 30.5350246429443 -9999 -9999 -9999 -9999 -9999 -9999 -9999 -9999 -9999 -9999 -9999 -9999 -9999 -9999 -9999 -9999 -9999 -9999 -9999 -9999 -9999 -9999 -9999 -9999 -9999
-9999 -9999 -9999 -9999 -9999 -9999 -9999 -9999 -9999 -9999 -9999 -9999 -9999 -9999 -9999 -9999 -9999 -9999 -9999 -9999 -9999 -9999 -9999 -9999 30.2880764007568 30.2087059020996 -9999 -9999 -9999 -9999 -9999 -9999 -9999 -9999 -9999 -9999 -9999 -9999 -9999 -9999 -9999 -9999 -9999 -9999 -9999 -9999 -9999 -9999 -9999 -9999 -9999 -9999 -9999 -9999 -9999 -9999 -9999
-9999 -9999 -9999 -9999 -9999 -9999 -9999 -9999 -9999 -9999 -9999 -9999 -9999 -9999 -9999 -9999 -9999 -9999 -9999 -9999 -9999 -9999 -9999 -9999 -9999 -9999 -9999 -9999 -9999 -9999 -9999 -9999 -9999 -9999 -9999 -9999 -9999 -9999 -9999 -9999 -9999 -9999 -9999 -9999 -9999 -9999 -9999 -9999 -9999 -9999 -9999 -9999 -9999 -9999 -9999 -9999 -9999
-9999 -9999 -9999 -9999 -9999 -9999 -9999 -9999 -9999 -9999 -9999 -9999 -9999 -9999 -9999 -9999 -9999 -9999 -9999 -9999 -9999 -9999 -9999 -9999 -9999 -9999 -9999 -9999 -9999 -9999 -9999 -9999 -9999 -9999 -9999 -9999 -9999 -9999 -9999 -9999 -9999 -9999 -9999 -9999 -9999 -9999 -9999 -9999 -9999 -9999 -9999 -9999 -9999 -9999 -9999 -9999 -9999
