G_variables/Set1/RCP2_2050/Sur_sal_min.asc
NCOLS 229 
NROWS 147 
XLLCORNER -101.25 
YLLCORNER 14.3333333333333 
CELLSIZE 0.0833333333333333 
NODATA_value -9999 
[rows 26 to 51 of 147, columns 57 to 113 of 229]
-9999 -9999 -9999 -9999 -9999 -9999 -9999 -9999 -9999 -9999 -9999 -9999 -9999 -9999 -9999 -9999 -9999 -9999 -9999 -9999 -9999 -9999 -9999 -9999 -9999 -9999 -9999 -9999 -9999 35.6528930664062 35.652904510498 35.6548843383789 35.6702613830566 35.6759376525879 35.6904067993164 35.711555480957 35.7126235961914 35.7198638916016 35.7388458251953 35.7415199279785 35.7444343566895 35.764720916748 35.7694053649902 35.7551307678223 35.7517890930176 35.7515068054199 35.7093467712402 35.676586151123 35.6713218688965 35.6245918273926 35.5971984863281 35.593147277832 35.575309753418 35.5785865783691 35.5836944580078 35.5894088745117 35.6203765869141
-9999 -9999 -9999 -9999 -9999 -9999 -9999 -9999 -9999 -9999 -9999 -9999 -9999 -9999 -9999 -9999 -9999 -9999 -9999 -9999 -9999 -9999 -9999 -9999 -9999 -9999 -9999 -9999 35.6550521850586 35.659481048584 35.658863067627 35.6750717163086 35.6990547180176 35.7065582275391 35.7266654968262 35.7420425415039 35.7535362243652 35.7500381469727 35.7544174194336 35.7623634338379 35.7652702331543 35.7810516357422 35.7893676757812 35.8041534423828 35.8010787963867 35.7891731262207 35.7673377990723 35.7313003540039 35.7079162597656 35.6669960021973 35.6331062316895 35.6231918334961 35.6136627197266 35.6072616577148 35.6161155700684 35.6331405639648 35.6420249938965
-9999 -9999 -9999 -9999 -9999 -9999 -9999 -9999 -9999 -9999 -9999 -9999 -9999 -9999 -9999 -9999 -9999 -9999 -9999 -9999 -9999 -9999 -9999 -9999 -9999 -9999 -9999 -9999 35.6575813293457 35.6681900024414 35.6775550842285 35.6834526062012 35.7067985534668 35.7248115539551 35.7380905151367 35.7622604370117 35.7602729797363 35.7563552856445 35.7676811218262 35.7708435058594 35.7713851928711 35.793083190918 35.8098564147949 35.8157997131348 35.8160591125488 35.8099670410156 35.7800064086914 35.7468872070312 35.7359275817871 35.6825752258301 35.6641426086426 35.649715423584 35.6290435791016 35.6368064880371 35.6430282592773 35.6468200683594 35.6669158935547
-9999 -9999 -9999 -9999 -9999 -9999 -9999 -9999 -9999 -9999 -9999 -9999 -9999 -9999 -9999 -9999 -9999 -9999 -9999 -9999 -9999 -9999 -9999 -9999 -9999 -9999 -9999 35.6503639221191 35.6643714904785 35.6809158325195 35.6868095397949 35.7097473144531 35.7278480529785 35.7348251342773 35.7597007751465 35.7688407897949 35.7686538696289 35.7669830322266 35.771614074707 35.7710838317871 35.788402557373 35.8201522827148 35.8287811279297 35.82666015625 35.8259353637695 35.8152046203613 35.7963371276855 35.7741508483887 35.7673683166504 35.7265777587891 35.7026062011719 35.6968078613281 35.6765823364258 35.6842842102051 35.6860237121582 35.6892738342285 35.7248039245605
-9999 -9999 -9999 -9999 -9999 -9999 -9999 -9999 -9999 -9999 -9999 -9999 -9999 -9999 -9999 -9999 -9999 -9999 -9999 -9999 -9999 -9999 -9999 -9999 -9999 -9999 -9999 35.6428451538086 35.6677742004395 35.6761207580566 35.6857795715332 35.7233467102051 35.740062713623 35.7593231201172 35.7642135620117 35.7649765014648 35.7690544128418 35.7468338012695 35.7533073425293 35.7534980773926 35.7688903808594 35.8120880126953 35.8237838745117 35.8384475708008 35.8485908508301 35.8490180969238 35.8367309570312 35.8030815124512 35.782112121582 35.7598419189453 35.7286338806152 35.7156677246094 35.7193298339844 35.7179870605469 35.7185249328613 35.7468605041504 35.7667808532715
35.2407493591309 35.2834014892578 35.3109893798828 35.3564796447754 -9999 -9999 -9999 -9999 -9999 -9999 -9999 -9999 -9999 -9999 -9999 -9999 -9999 -9999 -9999 -9999 -9999 -9999 -9999 -9999 -9999 -9999 35.6475715637207 35.6543464660645 35.6678886413574 35.6783981323242 35.6948852539062 35.7294502258301 35.7537879943848 35.749683380127 35.7631568908691 35.768123626709 35.754508972168 35.7402191162109 35.7386131286621 35.7488555908203 35.763614654541 35.7954368591309 35.8217849731445 35.8369026184082 35.8440017700195 35.8603744506836 35.8423652648926 35.8114204406738 35.8051681518555 35.7687911987305 35.7444801330566 35.7458457946777 35.7325859069824 35.7430381774902 35.7562522888184 35.7659378051758 35.8012924194336
35.1452331542969 35.2220916748047 35.2652206420898 35.2870445251465 35.3623085021973 35.4163398742676 35.4333190917969 35.4939079284668 35.5493202209473 -9999 -9999 -9999 -9999 -9999 -9999 -9999 -9999 -9999 -9999 -9999 -9999 -9999 -9999 -9999 -9999 -9999 35.6696166992188 35.6780014038086 35.6928787231445 35.7129173278809 35.7209358215332 35.7439193725586 35.7510604858398 35.7507972717285 35.7425956726074 35.7379302978516 35.7297172546387 35.7282066345215 35.7272148132324 35.7340278625488 35.7626419067383 35.7858543395996 35.7980079650879 35.8236465454102 35.8484992980957 35.8506927490234 35.8427581787109 35.8270263671875 35.8257369995117 35.7995262145996 35.7926788330078 35.7874565124512 35.7853584289551 35.803394317627 35.8102645874023 35.8274230957031 35.8600807189941
35.1509056091309 35.2952842712402 35.2765808105469 35.3103103637695 35.4429244995117 35.4380683898926 35.4707412719727 35.5824012756348 35.5863151550293 35.6097183227539 35.6834449768066 35.6815071105957 35.6908569335938 -9999 -9999 -9999 -9999 -9999 -9999 -9999 -9999 -9999 -9999 -9999 -9999 35.6953620910645 35.6977348327637 35.7044906616211 35.7255516052246 35.7403411865234 35.7541275024414 35.7487487792969 35.7490196228027 35.7592582702637 35.7184104919434 35.7005729675293 35.6928215026855 35.6801795959473 35.6920051574707 35.6992225646973 35.7285804748535 35.7685432434082 35.7997856140137 35.8423919677734 35.8623199462891 35.8628959655762 35.864387512207 35.847972869873 35.8372116088867 35.8328895568848 35.8279342651367 35.8189888000488 35.8376617431641 35.8486862182617 35.8684997558594 35.8994102478027 35.9079818725586
35.2199287414551 35.3419990539551 35.3449020385742 35.3677825927734 35.4738845825195 35.4977264404297 35.526180267334 35.6118469238281 35.6422004699707 35.6515769958496 35.7094917297363 35.7314453125 35.7135543823242 35.7338485717773 35.7448196411133 35.7354927062988 35.7197723388672 35.7151489257812 -9999 -9999 -9999 -9999 -9999 -9999 -9999 35.7077827453613 35.7227058410645 35.7180786132812 35.7340812683105 35.7672996520996 35.743766784668 35.7468223571777 35.7513160705566 35.7364082336426 35.7102394104004 35.6810073852539 35.6743392944336 35.6730270385742 35.6732940673828 35.694019317627 35.7276039123535 35.7591667175293 35.7980575561523 35.8406524658203 35.8653144836426 35.8691329956055 35.8668365478516 35.8509674072266 35.8616905212402 35.8419876098633 35.8461112976074 35.8628044128418 35.8614921569824 35.8814277648926 35.907112121582 35.9198608398438 35.948314666748
35.3743019104004 35.4016952514648 35.5124664306641 35.5268020629883 35.5270919799805 35.6387252807617 35.6526832580566 35.664306640625 35.7500076293945 35.759449005127 35.7589263916016 35.7962379455566 35.7887763977051 35.7603187561035 35.7796516418457 35.7760314941406 35.7452049255371 35.7478446960449 35.7466583251953 35.734546661377 35.7458839416504 35.7457046508789 35.743537902832 -9999 -9999 35.7469940185547 35.7576103210449 35.7580490112305 35.7578086853027 35.7582664489746 35.7572402954102 35.7326278686523 35.7141647338867 35.7062530517578 35.6903991699219 35.6724433898926 35.6694030761719 35.6752700805664 35.6782341003418 35.6873435974121 35.7314987182617 35.7700233459473 35.7813186645508 35.822925567627 35.8542938232422 35.8604774475098 35.8576698303223 35.8737564086914 35.8808326721191 35.8851318359375 35.9044570922852 35.9103851318359 35.9256057739258 35.9547271728516 35.963207244873 35.9670104980469 35.9903907775879
35.6150779724121 35.6351928710938 35.6828498840332 35.7155647277832 35.7131462097168 35.7623291015625 35.7998046875 35.808292388916 35.8541374206543 35.8832130432129 35.8579292297363 35.8588600158691 35.8628425598145 35.8214721679688 35.7993621826172 35.7989501953125 35.769458770752 35.7756690979004 35.764045715332 35.756420135498 35.7748908996582 35.7741394042969 35.7817840576172 35.8060455322266 35.8062515258789 35.7933235168457 35.781867980957 35.7907028198242 35.7687149047852 35.7504730224609 35.7565956115723 35.7342185974121 35.6906089782715 35.6752243041992 35.6630020141602 35.6455993652344 35.634952545166 35.6409530639648 35.6571617126465 35.6711273193359 35.7219047546387 35.7675819396973 35.7931022644043 35.8404273986816 35.8638343811035 35.876407623291 35.8976783752441 35.8858795166016 35.8864402770996 35.9072341918945 35.9350967407227 35.9411964416504 35.9660453796387 35.9966926574707 36.0097770690918 36.0215339660645 36.0326194763184
35.7054176330566 35.6831817626953 35.7815589904785 35.7910537719727 35.7500305175781 35.8408126831055 35.8548927307129 35.8408737182617 35.9160919189453 35.9129371643066 35.8762321472168 35.8990020751953 35.8743705749512 35.8304100036621 35.8247566223145 35.8020820617676 35.7748908996582 35.7840385437012 35.783260345459 35.7625923156738 35.7808036804199 35.7938766479492 35.7917175292969 35.8227386474609 35.8179740905762 35.8013496398926 35.8078765869141 35.786792755127 35.7768325805664 35.761100769043 35.7455406188965 35.7343215942383 35.6846809387207 35.666259765625 35.6544494628906 35.6274261474609 35.6272506713867 35.6369209289551 35.6518363952637 35.6759262084961 35.7265548706055 35.7722015380859 35.8064002990723 35.8539123535156 35.8732528686523 35.8945579528809 35.9007301330566 35.8942375183105 35.9084358215332 35.9193840026855 35.949878692627 35.9685935974121 35.9853210449219 36.0244255065918 36.0303649902344 36.033275604248 36.0520896911621
35.7506065368652 35.7946472167969 35.8548126220703 35.8576354980469 35.8754234313965 35.8958435058594 35.9016036987305 35.9165534973145 35.9343910217285 35.9290084838867 35.9189109802246 35.9060249328613 35.8861656188965 35.86083984375 35.8271369934082 35.8160057067871 35.7944374084473 35.7809982299805 35.779541015625 35.7903900146484 35.7961502075195 35.8036727905273 35.8237075805664 35.8291168212891 35.8265533447266 35.8208427429199 35.8021278381348 35.7942428588867 35.7690315246582 35.7419853210449 35.7332153320312 35.7052421569824 35.6714363098145 35.6620559692383 35.6375617980957 35.6232948303223 35.6244926452637 35.6414947509766 35.670337677002 35.6799354553223 35.7338790893555 35.7853851318359 35.8020515441895 35.8412666320801 35.883243560791 35.8862800598145 35.9034843444824 35.9218254089355 35.9268417358398 35.948112487793 35.9747505187988 35.9890594482422 36.0119667053223 36.0412292480469 36.0408477783203 36.0505294799805 36.0659866333008
35.8158569335938 35.8495407104492 35.8672142028809 35.8762588500977 35.8742523193359 35.8872146606445 35.9041786193848 35.9168815612793 35.9313659667969 35.9308280944824 35.9194869995117 35.9014282226562 35.8758735656738 35.8354873657227 35.8111038208008 35.793384552002 35.7598762512207 35.7562675476074 35.7565498352051 35.7600746154785 35.7820892333984 35.7908554077148 35.8077583312988 35.8274192810059 35.8283958435059 35.8052253723145 35.7892456054688 35.774040222168 35.7437057495117 35.735408782959 35.716911315918 35.6847343444824 35.6656112670898 35.6492195129395 35.6135444641113 35.6011772155762 35.6043128967285 35.6102638244629 35.6556434631348 35.6800689697266 35.7266502380371 35.7881469726562 35.8218307495117 35.8348350524902 35.8705902099609 35.8836402893066 35.8703536987305 35.9100456237793 35.9230690002441 35.9142875671387 35.9634971618652 35.9887619018555 36.0109939575195 36.0494041442871 36.0555114746094 36.0708961486816 36.0758857727051
35.8218078613281 35.8530235290527 35.8753280639648 35.872127532959 35.8731842041016 35.8856163024902 35.8945236206055 35.9126243591309 35.9264068603516 35.9255790710449 35.9142875671387 35.8931312561035 35.8653297424316 35.8305206298828 35.7983856201172 35.781307220459 35.7539100646973 35.7438545227051 35.7434616088867 35.7522735595703 35.7700576782227 35.7828979492188 35.8028526306152 35.8170433044434 35.8111610412598 35.7980918884277 35.7779769897461 35.7624397277832 35.7326622009277 35.7040710449219 35.6936988830566 35.6766357421875 35.6572189331055 35.6397743225098 35.6090354919434 35.5953483581543 35.597526550293 35.6074981689453 35.6451377868652 35.6767768859863 35.724479675293 35.7850303649902 35.8032302856445 35.8235778808594 35.860221862793 35.8606452941895 35.8580017089844 35.8839530944824 35.9055709838867 35.9079971313477 35.948860168457 35.9856376647949 36.0048942565918 36.0319862365723 36.0605926513672 36.0768394470215 36.0804710388184
35.8129920959473 35.8438339233398 35.8761138916016 35.8674430847168 35.874439239502 35.8843383789062 35.88720703125 35.902645111084 35.9045295715332 35.9052810668945 35.8881607055664 35.8629417419434 35.8513603210449 35.8190269470215 35.781494140625 35.7712173461914 35.7536315917969 35.7335815429688 35.7326812744141 35.7490921020508 35.7571296691895 35.7629547119141 35.7769508361816 35.7779502868652 35.7775115966797 35.773868560791 35.7545433044434 35.7435989379883 35.7175941467285 35.6821556091309 35.6761703491211 35.6630630493164 35.6344985961914 35.6279106140137 35.6126289367676 35.5916328430176 35.5894775390625 35.6212463378906 35.6470108032227 35.6627235412598 35.7224617004395 35.751220703125 35.7618560791016 35.7962303161621 35.802978515625 35.8056678771973 35.8346099853516 35.837532043457 35.8443222045898 35.8930168151855 35.9271621704102 35.9420356750488 35.9993896484375 36.0315628051758 36.0436935424805 36.077262878418 36.093189239502
35.850830078125 35.8598213195801 35.8624725341797 35.8602027893066 35.8577270507812 35.8671455383301 35.8738861083984 35.8946266174316 35.9087905883789 35.9011726379395 35.8853034973145 35.8517227172852 35.8319435119629 35.7956199645996 35.7657470703125 35.7430229187012 35.7255325317383 35.720142364502 35.7115478515625 35.7147560119629 35.7281646728516 35.7384986877441 35.7392539978027 35.750560760498 35.7516555786133 35.7042350769043 35.7000923156738 35.6866188049316 35.6584091186523 35.6712074279785 35.6595573425293 35.6276893615723 35.6173934936523 35.597240447998 35.5630912780762 35.5565528869629 35.5534629821777 35.5525016784668 35.5961494445801 35.6314849853516 35.6700859069824 35.723014831543 35.7501907348633 35.7255668640137 35.7195243835449 35.7299423217773 35.7143402099609 35.7452774047852 35.7577476501465 35.77587890625 35.8500442504883 35.8808212280273 35.9269065856934 36.0170249938965 36.0357627868652 36.0509338378906 36.0925254821777
35.8416557312012 35.8560409545898 35.858341217041 35.8584213256836 35.8542442321777 35.8592338562012 35.8714485168457 35.8934288024902 35.9021034240723 35.893741607666 35.8822402954102 35.8475532531738 35.8218460083008 35.790599822998 35.7563438415527 35.7351837158203 35.7224998474121 35.7120780944824 35.709831237793 35.7114219665527 35.7201919555664 35.7088623046875 35.7285690307617 35.7342720031738 35.7093772888184 35.6852645874023 35.662956237793 35.6525039672852 35.6413764953613 35.6417236328125 35.651237487793 35.6264114379883 35.5964241027832 35.5883941650391 35.557258605957 35.5412292480469 35.5304832458496 35.5429878234863 35.5780754089355 35.6039810180664 35.6585083007812 35.6978569030762 35.7046966552734 35.7150268554688 35.6840782165527 35.674015045166 35.6867790222168 35.6898536682129 35.7079963684082 35.7494010925293 35.795093536377 35.8413619995117 35.906379699707 35.9733543395996 36.0218620300293 36.040958404541 36.0640182495117
35.8151245117188 35.8324928283691 35.8452339172363 35.8434257507324 35.848217010498 35.8562622070312 35.8569679260254 35.870906829834 35.8771438598633 35.8761291503906 35.8572273254395 35.8316650390625 35.813892364502 35.7813758850098 35.7436294555664 35.7347831726074 35.7200775146484 35.7062873840332 35.7012100219727 35.7041893005371 35.6909637451172 35.6893081665039 35.6874809265137 35.6541748046875 35.6454963684082 35.6329765319824 35.599536895752 35.5936050415039 35.5978584289551 35.5809059143066 35.583137512207 35.5904006958008 35.5656242370605 35.5599708557129 35.5531272888184 35.5210800170898 35.5149726867676 35.5394477844238 35.5521583557129 35.5652008056641 35.610481262207 35.6236763000488 35.6298675537109 35.6441841125488 35.6238098144531 35.6174850463867 35.631103515625 35.6243705749512 35.6324615478516 35.7007865905762 35.7345657348633 35.7553787231445 35.8407363891602 35.9004669189453 35.9239807128906 35.994556427002 36.038402557373
35.825252532959 35.8341064453125 35.8293914794922 35.8270416259766 35.8277320861816 35.8413581848145 35.8418922424316 35.8682022094727 35.8883819580078 35.8861808776855 35.8727416992188 35.8365364074707 35.8062324523926 35.7677879333496 35.7364158630371 35.7212219238281 35.6995162963867 35.6923408508301 35.687801361084 35.6748542785645 35.6717185974121 35.6759719848633 35.6428260803223 35.5995254516602 35.5886192321777 35.5524253845215 35.5173950195312 35.5046730041504 35.5080680847168 35.5215950012207 35.520565032959 35.5189514160156 35.5359420776367 35.5191955566406 35.4854125976562 35.4798202514648 35.4725761413574 35.4616661071777 35.4845428466797 35.513240814209 35.5449409484863 35.584358215332 35.596981048584 35.5648498535156 35.5458793640137 35.5364151000977 35.5126724243164 35.5382347106934 35.5569725036621 35.5798721313477 35.6357116699219 35.6811447143555 35.729377746582 35.8045387268066 35.8457641601562 35.9175300598145 36.001651763916
35.8147964477539 35.8285942077637 35.8216247558594 35.8160171508789 35.8215255737305 35.8305740356445 35.8437347412109 35.8721351623535 35.8822364807129 35.8867530822754 35.8730316162109 35.8379859924316 35.8023643493652 35.7650146484375 35.7336769104004 35.7122001647949 35.6951522827148 35.6867866516113 35.680606842041 35.6827087402344 35.6751976013184 35.6563491821289 35.6348342895508 35.5853424072266 35.5575828552246 35.5371971130371 35.4868087768555 35.4642677307129 35.4919013977051 35.4889602661133 35.4854049682617 35.5020942687988 35.494873046875 35.4961395263672 35.480110168457 35.4520797729492 35.4506034851074 35.4534530639648 35.4646186828613 35.4765930175781 35.5306854248047 35.5537338256836 35.5500793457031 35.5408782958984 35.4988784790039 35.4885673522949 35.4871826171875 35.4885482788086 35.5108489990234 35.5617485046387 35.5883903503418 35.6214637756348 35.7012939453125 35.7493553161621 35.8029403686523 35.890682220459 35.9439086914062
35.7880096435547 35.8086967468262 35.8124351501465 35.8097991943359 35.8174667358398 35.8310661315918 35.8354415893555 35.8547210693359 35.8632545471191 35.8642082214355 35.853458404541 35.8318786621094 35.8114318847656 35.7753753662109 35.7316513061523 35.7198600769043 35.700065612793 35.6773300170898 35.6753883361816 35.661247253418 35.6360473632812 35.6269607543945 35.5928153991699 35.5503234863281 35.5338935852051 35.507698059082 35.4641380310059 35.4579582214355 35.4546356201172 35.4329528808594 35.4346923828125 35.4354934692383 35.4320831298828 35.428150177002 35.4374923706055 35.4200897216797 35.4187316894531 35.4433364868164 35.4355659484863 35.4422760009766 35.4699516296387 35.4709396362305 35.4678649902344 35.4688987731934 35.4460906982422 35.438835144043 35.4484481811523 35.4385414123535 35.4516220092773 35.5083084106445 35.5308570861816 35.5466232299805 35.6330223083496 35.6932563781738 35.7191772460938 35.8193130493164 35.8987236022949
35.8124504089355 35.8135643005371 35.7981491088867 35.7968063354492 35.792423248291 35.8058204650879 35.8204307556152 35.8477401733398 35.8703842163086 35.872615814209 35.8550643920898 35.8351554870605 35.8031311035156 35.7475967407227 35.722038269043 35.6965179443359 35.6496696472168 35.6502456665039 35.6456069946289 35.6179695129395 35.6163940429688 35.6006469726562 35.5609550476074 35.5310440063477 35.4980087280273 35.469539642334 35.4518241882324 35.4419555664062 35.4241180419922 35.3953704833984 35.4039421081543 35.3879776000977 35.3725280761719 35.3698692321777 35.3514938354492 35.3640937805176 35.3573303222656 35.3253517150879 35.3587036132812 35.3769645690918 35.3673324584961 35.4087028503418 35.4112510681152 35.3798828125 35.3775215148926 35.3634223937988 35.3432731628418 35.3690948486328 35.3912963867188 35.4088439941406 35.4576683044434 35.4914360046387 35.5256500244141 35.5972518920898 35.6505432128906 35.7177200317383 35.829948425293
35.8158836364746 35.8091163635254 35.794864654541 35.7857780456543 35.7855110168457 35.7970428466797 35.8112411499023 35.8441772460938 35.8685035705566 35.8685569763184 35.8576202392578 35.8334999084473 35.7925071716309 35.7484855651855 35.7201271057129 35.686149597168 35.6462860107422 35.6347961425781 35.6234817504883 35.6100311279297 35.5941619873047 35.5868873596191 35.5552444458008 35.5055160522461 35.4925727844238 35.4667320251465 35.4419479370117 35.4353370666504 35.4260787963867 35.402530670166 35.3759918212891 35.3757667541504 35.3547019958496 35.3235511779785 35.3315048217773 35.3237953186035 35.3042831420898 35.3010101318359 35.3087120056152 35.3131637573242 35.3378829956055 35.3539581298828 35.3670921325684 35.3569641113281 35.3256988525391 35.3274154663086 35.3249893188477 35.328498840332 35.3484420776367 35.3887825012207 35.418628692627 35.4394416809082 35.4987831115723 35.5549087524414 35.5955123901367 35.68798828125 35.7745056152344
35.7984924316406 35.7933692932129 35.790397644043 35.7852249145508 35.7920036315918 35.7962532043457 35.8034133911133 35.8271179199219 35.8343963623047 35.8349456787109 35.825267791748 35.7901077270508 35.7669372558594 35.730899810791 35.6733436584473 35.655029296875 35.6343154907227 35.5868225097656 35.5811042785645 35.5715637207031 35.5392379760742 35.5318222045898 35.5225524902344 35.4836845397949 35.4749145507812 35.460262298584 35.4356269836426 35.4319915771484 35.4205360412598 35.393238067627 35.387882232666 35.3572616577148 35.3086738586426 35.2972259521484 35.2820434570312 35.241397857666 35.2347717285156 35.2485466003418 35.2192497253418 35.2245063781738 35.2588577270508 35.2521286010742 35.2556686401367 35.2867813110352 35.2711296081543 35.2700080871582 35.289924621582 35.2830810546875 35.2940902709961 35.3461723327637 35.3605842590332 35.3719596862793 35.4485702514648 35.4884033203125 35.5106620788574 35.6213722229004 35.6960258483887
35.8253211975098 35.8046073913574 35.7821006774902 35.7655448913574 35.7607421875 35.7773284912109 35.7937431335449 35.8126678466797 35.828441619873 35.8277740478516 35.7863426208496 35.7500877380371 35.7179908752441 35.6483154296875 35.6124038696289 35.5830039978027 35.5413627624512 35.5335121154785 35.5165100097656 35.500904083252 35.5003395080566 35.4835586547852 35.4768524169922 35.4636650085449 35.4445266723633 35.4317817687988 35.4268608093262 35.4163093566895 35.398796081543 35.3994789123535 35.3846397399902 35.3333435058594 35.2805938720703 35.268913269043 35.2172317504883 35.158390045166 35.1531257629395 35.130615234375 35.1050071716309 35.114860534668 35.1379699707031 35.1712074279785 35.1748275756836 35.1864700317383 35.2088928222656 35.2020149230957 35.1956062316895 35.2247543334961 35.2441215515137 35.272819519043 35.3039016723633 35.3303337097168 35.3775596618652 35.4045028686523 35.4489288330078 35.5449371337891 35.6081314086914
