G_variables/Set1/RCP2_2050/Sur_tem_max.asc
NCOLS 229 
NROWS 147 
XLLCORNER -101.25 
YLLCORNER 14.3333333333333 
CELLSIZE 0.0833333333333333 
NODATA_value -9999 
[rows 104 to 129 of 147, columns 171 to 227 of 229]
30.5793113708496 30.6038131713867 30.6324577331543 30.6492958068848 30.6581611633301 30.6856002807617 30.7030296325684 30.7326145172119 30.7331104278564 30.7395648956299 30.7562942504883 30.7583465576172 30.7599048614502 30.7623462677002 30.7635040283203 30.7646636962891 30.7580623626709 30.7687473297119 30.7779560089111 30.7906742095947 30.7876014709473 30.7902660369873 30.8003215789795 30.7844505310059 30.7814235687256 30.7862892150879 30.7752819061279 30.7721328735352 30.7675876617432 30.7583999633789 30.7636032104492 30.758731842041 30.7536277770996 30.7487640380859 30.7433929443359 30.7405891418457 30.740909576416 30.7494106292725 30.759256362915 30.7622032165527 30.7519569396973 30.7584495544434 30.7662811279297 30.76535987854 30.7681503295898 30.7647953033447 30.7616100311279 30.7435340881348 30.7413578033447 30.7500343322754 30.7543754577637 30.7570018768311 30.7421779632568 30.7463226318359 30.7499408721924 30.7530784606934 -9999
30.5875129699707 30.6042232513428 30.6251125335693 30.6630363464355 30.6784915924072 30.68723487854 30.7116260528564 30.7172050476074 30.7225742340088 30.7386112213135 30.7448196411133 30.747652053833 30.7519454956055 30.752986907959 30.7536792755127 30.7595615386963 30.7621364593506 30.7647075653076 30.7712020874023 30.7743625640869 30.7772350311279 30.7788257598877 30.7808876037598 30.776346206665 30.7697238922119 30.7711315155029 30.7688617706299 30.7578620910645 30.7578601837158 30.7553386688232 30.7433834075928 30.7428035736084 30.7445278167725 30.7348690032959 30.7335586547852 30.7257480621338 30.724494934082 30.7372169494629 30.74289894104 30.7454280853271 30.7461585998535 30.7477378845215 30.7478504180908 30.7482662200928 30.7519760131836 30.7457447052002 30.7398662567139 30.7249851226807 30.7125434875488 30.7243766784668 30.7291889190674 30.7297668457031 30.7181949615479 30.7172012329102 30.7130565643311 30.7207221984863 30.7238750457764
30.6174850463867 30.63405418396 30.6428680419922 30.6810874938965 30.6807670593262 30.690523147583 30.7124080657959 30.7177791595459 30.7200622558594 30.7318153381348 30.7344551086426 30.7361469268799 30.7401924133301 30.7394771575928 30.7401523590088 30.7492389678955 30.7455711364746 30.7485809326172 30.7542705535889 30.757884979248 30.7522506713867 30.762601852417 30.7646713256836 30.7641143798828 30.7583599090576 30.7586803436279 30.7578201293945 30.7419528961182 30.746337890625 30.7414474487305 30.7283744812012 30.7275657653809 30.7242374420166 30.7198371887207 30.7192211151123 30.7165107727051 30.7151985168457 30.720235824585 30.7219676971436 30.7277088165283 30.7222461700439 30.7200794219971 30.7186641693115 30.7133731842041 30.7069835662842 30.7070159912109 30.6994533538818 30.6945686340332 30.6865100860596 30.6886787414551 30.6886157989502 30.6805591583252 30.6680126190186 30.6680355072021 30.6628837585449 30.6630592346191 30.6615219116211
30.6238632202148 30.6490993499756 30.6635322570801 30.6743125915527 30.6774730682373 30.6904430389404 30.7015552520752 30.7101001739502 30.7191753387451 30.7238502502441 30.7312145233154 30.7338752746582 30.7348766326904 30.7363719940186 30.7373924255371 30.7381248474121 30.7390842437744 30.7384376525879 30.7318439483643 30.745418548584 30.7407855987549 30.7433395385742 30.7507419586182 30.7427787780762 30.7448978424072 30.749324798584 30.7386837005615 30.7353858947754 30.7325229644775 30.720329284668 30.7256278991699 30.7161026000977 30.7122592926025 30.7074966430664 30.7019500732422 30.7097663879395 30.718189239502 30.7191925048828 30.7204933166504 30.7209739685059 30.7198715209961 30.7110061645508 30.69482421875 30.688627243042 30.6912631988525 30.6854419708252 30.6807270050049 30.6712837219238 30.6746711730957 30.6671829223633 30.6684989929199 30.6637325286865 30.637638092041 30.6439361572266 30.648645401001 30.6177520751953 30.6482086181641
30.643669128418 30.6504573822021 30.6657047271729 30.6879634857178 30.6825275421143 30.691967010498 30.7017421722412 30.7147331237793 30.7179660797119 30.725212097168 30.7266445159912 30.7311763763428 30.73166847229 30.7321186065674 30.7319011688232 30.7300319671631 30.7328300476074 30.721923828125 30.724328994751 30.7313404083252 30.7317371368408 30.7338085174561 30.7338237762451 30.7349071502686 30.7352256774902 30.7371692657471 30.733570098877 30.7249870300293 30.7231884002686 30.7213973999023 30.7085380554199 30.7120342254639 30.7100524902344 30.701530456543 30.7029895782471 30.7021560668945 30.708911895752 30.7087574005127 30.7115535736084 30.7092761993408 30.7090930938721 30.6978034973145 30.6867923736572 30.6850166320801 30.6827983856201 30.6730518341064 30.6702117919922 30.6664810180664 30.6575660705566 30.6546497344971 30.6522808074951 30.6445980072021 30.6408672332764 30.6374263763428 -9999 -9999 -9999
30.6689624786377 30.6763610839844 30.6847858428955 30.7052516937256 30.7025318145752 30.7015800476074 30.7090511322021 30.7153854370117 30.7115840911865 30.7169170379639 30.7175178527832 30.7154483795166 30.7147274017334 30.7145042419434 30.7169666290283 30.7137336730957 30.7137432098389 30.697925567627 30.6973896026611 30.7020797729492 30.7032222747803 30.7036685943604 30.6999893188477 30.702018737793 30.7034187316895 30.7045936584473 30.7046794891357 30.7031364440918 30.7013702392578 30.7022228240967 30.6902866363525 30.6946220397949 30.6943130493164 30.6872711181641 30.6913909912109 30.6912441253662 30.6981563568115 30.6962928771973 30.696382522583 30.6971740722656 30.6955013275146 30.681001663208 30.6683902740479 30.6611671447754 30.6567325592041 30.6472129821777 30.6439609527588 30.6408309936523 30.6327953338623 30.6311740875244 30.6283702850342 30.6211605072021 -9999 -9999 -9999 -9999 -9999
30.6764183044434 30.6996593475342 30.7046909332275 30.7105941772461 30.7178993225098 30.7094268798828 30.707576751709 30.7174034118652 30.7170562744141 30.7158527374268 30.717565536499 30.7138557434082 30.7063865661621 30.7035713195801 30.7002639770508 30.6994972229004 30.6961460113525 30.69358253479 30.6928672790527 30.6910953521729 30.6932258605957 30.6944522857666 30.6953010559082 30.6952667236328 30.696756362915 30.7009296417236 30.6943950653076 30.6927242279053 30.6950511932373 30.6880550384521 30.6848316192627 30.6804027557373 30.6769046783447 30.6755065917969 30.6761150360107 30.6772689819336 30.6776351928711 30.6748161315918 30.6719913482666 30.6694831848145 30.6669406890869 30.6713619232178 30.6625328063965 30.6446208953857 30.6406269073486 30.6321582794189 30.6205787658691 30.6234741210938 30.6159496307373 -9999 -9999 -9999 -9999 -9999 -9999 -9999 -9999
30.691686630249 30.692964553833 30.7016944885254 30.7178134918213 30.7224464416504 30.7177200317383 30.70676612854 30.7147521972656 30.7180366516113 30.7130928039551 30.7124118804932 30.713077545166 30.6996803283691 30.6983222961426 30.6959190368652 30.6842918395996 30.6847553253174 30.6854801177979 30.6790103912354 30.6787567138672 30.6794681549072 30.6834316253662 30.6850318908691 30.6858234405518 30.6873111724854 30.6868553161621 30.6861152648926 30.6827487945557 30.6795997619629 30.6797180175781 30.6721534729004 30.6676120758057 30.6723480224609 30.6709594726562 30.6761207580566 30.6744289398193 30.6773700714111 30.6758003234863 30.6716136932373 30.6658973693848 30.6612758636475 30.6662425994873 30.654655456543 30.6417217254639 30.634090423584 30.6223106384277 -9999 -9999 -9999 -9999 -9999 -9999 -9999 -9999 -9999 -9999 -9999
30.7222995758057 30.7201366424561 30.7222461700439 30.7379093170166 30.7368564605713 30.7422218322754 30.7390651702881 30.7251415252686 30.723991394043 30.7073364257812 30.7044677734375 30.6942768096924 30.6855812072754 30.6831474304199 30.6749019622803 30.6660213470459 30.6650085449219 30.6685829162598 30.6615562438965 30.6528167724609 30.6487274169922 30.6472721099854 30.646800994873 30.653356552124 30.6529998779297 30.651086807251 30.6516799926758 30.6490249633789 30.6489334106445 30.6494884490967 30.6432762145996 30.6472797393799 30.6483306884766 30.6478805541992 30.6596927642822 30.6561756134033 30.6564292907715 30.661958694458 30.6616058349609 30.6551036834717 30.6505393981934 30.6449298858643 30.6288661956787 30.6283092498779 -9999 -9999 -9999 -9999 -9999 -9999 -9999 -9999 -9999 -9999 -9999 -9999 -9999
30.7265472412109 30.7310314178467 30.7404327392578 30.7431411743164 30.7470188140869 30.7440528869629 30.7384757995605 30.7378845214844 30.7180824279785 30.7122535705566 30.6931819915771 30.6875419616699 30.6829967498779 30.6729106903076 30.6662101745605 30.6622009277344 30.6602973937988 30.6548843383789 30.6544780731201 30.6476097106934 30.6419258117676 30.6410579681396 30.6345100402832 30.6451530456543 30.6472911834717 30.6479320526123 30.6449108123779 30.6439762115479 30.6450386047363 30.6381301879883 30.6351776123047 30.636043548584 30.6396465301514 30.6444568634033 30.6537246704102 30.6611557006836 30.6626205444336 30.6594486236572 30.6527366638184 30.6464004516602 30.6526794433594 -9999 -9999 -9999 -9999 -9999 -9999 -9999 -9999 -9999 -9999 -9999 -9999 -9999 -9999 -9999 -9999
30.7447299957275 30.7413673400879 30.7425937652588 30.7489852905273 30.746711730957 30.7444190979004 30.7350883483887 30.7324275970459 30.7167987823486 30.7016582489014 30.6958274841309 30.682409286499 30.6642379760742 30.6630420684814 30.6621894836426 30.6473350524902 30.6520690917969 30.6498832702637 30.6369113922119 30.6353054046631 30.6320686340332 30.6252880096436 30.6291122436523 30.6372222900391 30.6356315612793 30.6300640106201 30.6278038024902 30.6253089904785 30.6229381561279 30.6225662231445 30.6245517730713 30.6275482177734 30.6251564025879 30.6374645233154 30.648946762085 30.665340423584 30.6730976104736 30.6563148498535 30.6435317993164 -9999 -9999 -9999 -9999 -9999 -9999 -9999 -9999 -9999 -9999 -9999 -9999 -9999 -9999 -9999 -9999 -9999 -9999
30.7758502960205 30.769079208374 30.7641506195068 30.767915725708 30.758150100708 30.7579002380371 30.740140914917 30.7365207672119 30.7208499908447 30.7039947509766 30.6906681060791 30.6743755340576 30.6565189361572 30.6540908813477 30.6474494934082 30.6345901489258 30.6366405487061 30.6304130554199 30.6197261810303 30.6182155609131 30.6080455780029 30.6001129150391 30.6038608551025 30.6106548309326 30.6083583831787 30.6017189025879 30.5976715087891 30.5942993164062 30.595947265625 30.5967388153076 30.5921611785889 30.5936183929443 30.6013641357422 30.6156253814697 30.6274528503418 30.6568298339844 -9999 -9999 -9999 -9999 -9999 -9999 -9999 -9999 -9999 -9999 -9999 -9999 -9999 -9999 -9999 -9999 -9999 -9999 -9999 -9999 -9999
30.7627067565918 30.768274307251 30.7672424316406 30.7671527862549 30.7659358978271 30.7569179534912 30.7391777038574 30.735652923584 30.7132663726807 30.7028274536133 30.6878395080566 30.6730422973633 30.6568641662598 30.6389617919922 30.6344127655029 30.6291561126709 30.6298217773438 30.6182956695557 30.615571975708 30.597339630127 30.5889282226562 30.5868110656738 30.57470703125 30.583423614502 30.5835742950439 30.5781345367432 30.5816173553467 30.5795192718506 30.5712928771973 30.5790748596191 30.5794734954834 30.5749607086182 30.5888061523438 -9999 -9999 -9999 -9999 -9999 -9999 -9999 -9999 -9999 -9999 -9999 -9999 -9999 -9999 -9999 -9999 -9999 -9999 -9999 -9999 -9999 -9999 -9999 -9999
30.7651996612549 30.7713890075684 30.7709846496582 30.7699432373047 30.7642250061035 30.7643070220947 30.7366485595703 30.7319164276123 30.7209968566895 30.6966228485107 30.6862277984619 30.6814441680908 30.6568641662598 30.6428089141846 30.6385803222656 30.6188106536865 30.6205711364746 30.6154842376709 30.6014347076416 30.5963840484619 30.5859279632568 30.5733242034912 30.5719795227051 30.5733737945557 30.5666847229004 30.5673503875732 30.570333480835 30.5661735534668 30.5653972625732 30.5646820068359 30.5695304870605 -9999 -9999 -9999 -9999 -9999 -9999 -9999 -9999 -9999 -9999 -9999 -9999 -9999 -9999 -9999 -9999 -9999 -9999 -9999 -9999 -9999 -9999 -9999 -9999 -9999 -9999
30.790111541748 30.7938499450684 30.7933673858643 30.7912731170654 30.7863445281982 30.781946182251 30.7529067993164 30.7405166625977 30.7283573150635 30.7010974884033 30.6937065124512 30.6780605316162 30.6587944030762 30.6372509002686 30.6319255828857 30.6109714508057 30.6045303344727 30.6005382537842 30.5849857330322 30.577917098999 30.5679340362549 30.553243637085 30.5472774505615 30.5468311309814 30.5347003936768 30.5344924926758 30.533447265625 30.5309238433838 -9999 -9999 -9999 -9999 -9999 -9999 -9999 -9999 -9999 -9999 -9999 -9999 -9999 -9999 -9999 -9999 -9999 -9999 -9999 -9999 -9999 -9999 -9999 -9999 -9999 -9999 -9999 -9999 -9999
30.796703338623 30.8048305511475 30.7987499237061 30.794132232666 30.7898769378662 30.7816009521484 30.7612209320068 30.7460269927979 30.7298374176025 30.710205078125 30.6794128417969 30.6705379486084 30.6579895019531 30.6193675994873 30.620267868042 30.61838722229 30.6039733886719 30.5851440429688 30.5825366973877 30.577615737915 30.5610637664795 30.5471458435059 30.5288867950439 30.5271396636963 30.5243358612061 30.5208415985107 -9999 -9999 -9999 -9999 -9999 -9999 -9999 -9999 -9999 -9999 -9999 -9999 -9999 -9999 -9999 -9999 -9999 -9999 -9999 -9999 -9999 -9999 -9999 -9999 -9999 -9999 -9999 -9999 -9999 -9999 -9999
30.7980632781982 30.8024063110352 30.8070812225342 30.7906684875488 30.7862548828125 30.7849636077881 30.7613830566406 30.7559432983398 30.7465553283691 30.7071590423584 30.6985359191895 30.6864986419678 30.6511840820312 30.6301078796387 30.6247272491455 30.6012344360352 30.5944652557373 30.5836658477783 30.5609817504883 30.5533866882324 30.5475044250488 30.5264320373535 30.5216579437256 -9999 -9999 -9999 -9999 -9999 -9999 -9999 -9999 -9999 -9999 -9999 -9999 -9999 -9999 -9999 -9999 -9999 -9999 -9999 -9999 -9999 -9999 -9999 -9999 -9999 -9999 -9999 -9999 -9999 -9999 -9999 -9999 -9999 -9999
30.8267269134521 30.8277473449707 30.818696975708 30.8160972595215 30.813627243042 30.8157005310059 30.7932472229004 30.7850379943848 30.7765064239502 30.7413692474365 30.7126846313477 30.7024688720703 30.6641445159912 30.6284923553467 30.6227970123291 30.593542098999 30.5732955932617 30.5638027191162 30.5408267974854 30.5252876281738 -9999 -9999 -9999 -9999 -9999 -9999 -9999 -9999 -9999 -9999 -9999 -9999 -9999 -9999 -9999 -9999 -9999 -9999 -9999 -9999 -9999 -9999 -9999 -9999 -9999 -9999 -9999 -9999 -9999 -9999 -9999 -9999 -9999 -9999 -9999 -9999 -9999
30.8314952850342 30.8324337005615 30.8226490020752 30.8198318481445 30.8249435424805 30.8140354156494 30.8097152709961 30.8094463348389 30.7786712646484 30.7599582672119 30.7264881134033 30.6997833251953 30.6805458068848 30.6446590423584 30.6140804290771 30.5997486114502 30.5767803192139 30.5466709136963 30.5359268188477 30.5293235778809 -9999 -9999 -9999 -9999 -9999 -9999 -9999 -9999 -9999 -9999 -9999 -9999 -9999 -9999 -9999 -9999 -9999 -9999 -9999 -9999 -9999 -9999 -9999 -9999 -9999 -9999 -9999 -9999 -9999 -9999 -9999 -9999 -9999 -9999 -9999 -9999 -9999
30.8289737701416 30.8255653381348 30.8281593322754 30.8242244720459 30.8260135650635 30.8265953063965 30.8106136322021 30.8065280914307 30.8006038665771 30.7565212249756 30.740119934082 30.7272853851318 30.6701107025146 30.6564865112305 30.6292667388916 30.5736885070801 30.5579719543457 30.5435390472412 30.5033359527588 -9999 -9999 -9999 -9999 -9999 -9999 -9999 -9999 -9999 -9999 -9999 -9999 -9999 -9999 -9999 -9999 -9999 -9999 -9999 -9999 -9999 -9999 -9999 -9999 -9999 -9999 -9999 -9999 -9999 -9999 -9999 -9999 -9999 -9999 -9999 -9999 -9999 -9999
30.8309993743896 30.8412933349609 30.8485527038574 30.846284866333 30.8484134674072 30.8589859008789 30.8498878479004 30.8475112915039 30.8341655731201 30.7928581237793 30.7700290679932 30.7588844299316 30.6951675415039 30.6522464752197 30.6252880096436 30.5641441345215 30.5319595336914 30.5188999176025 -9999 -9999 -9999 -9999 -9999 -9999 -9999 -9999 -9999 -9999 -9999 -9999 -9999 -9999 -9999 -9999 -9999 -9999 -9999 -9999 -9999 -9999 -9999 -9999 -9999 -9999 -9999 -9999 -9999 -9999 -9999 -9999 -9999 -9999 -9999 -9999 -9999 -9999 -9999
30.8389625549316 30.8511543273926 30.8544826507568 30.8556499481201 30.8682498931885 30.8606491088867 30.8669624328613 30.884370803833 30.831600189209 30.8156986236572 30.8096866607666 30.7475204467773 30.7125625610352 30.6473197937012 30.6034049987793 30.5736465454102 30.5189247131348 -9999 -9999 -9999 -9999 -9999 -9999 -9999 -9999 -9999 -9999 -9999 -9999 -9999 -9999 -9999 -9999 -9999 -9999 -9999 -9999 -9999 -9999 -9999 -9999 -9999 -9999 -9999 -9999 -9999 -9999 -9999 -9999 -9999 -9999 -9999 -9999 -9999 -9999 -9999 -9999
30.8522891998291 30.8542442321777 30.854850769043 30.860200881958 30.8618831634521 30.8654537200928 30.8641624450684 30.8576412200928 30.8554191589355 30.8048973083496 30.7953205108643 30.7704792022705 30.6910820007324 30.6550693511963 30.6218090057373 30.5437240600586 30.524829864502 -9999 -9999 -9999 -9999 -9999 -9999 -9999 -9999 -9999 -9999 -9999 -9999 -9999 -9999 -9999 -9999 -9999 -9999 -9999 -9999 -9999 -9999 -9999 -9999 -9999 -9999 -9999 -9999 -9999 -9999 -9999 -9999 -9999 -9999 -9999 -9999 -9999 -9999 -9999 -9999
30.8589897155762 30.860164642334 30.86110496521 30.8628673553467 30.8628559112549 30.8688831329346 30.8680267333984 30.8640937805176 30.8518924713135 30.8148708343506 30.7905368804932 30.7646770477295 30.7006244659424 30.6650981903076 30.611349105835 30.5527667999268 -9999 -9999 -9999 -9999 -9999 -9999 -9999 -9999 -9999 -9999 -9999 -9999 -9999 -9999 -9999 -9999 -9999 -9999 -9999 -9999 -9999 -9999 -9999 -9999 -9999 -9999 -9999 -9999 -9999 -9999 -9999 -9999 -9999 -9999 -9999 -9999 -9999 -9999 -9999 -9999 -9999
30.8623809814453 30.8622226715088 30.8643913269043 30.8636894226074 30.8742485046387 30.8703327178955 30.8742790222168 30.9068794250488 30.8476505279541 30.827766418457 30.835075378418 30.758617401123 30.7106628417969 -9999 -9999 -9999 -9999 -9999 -9999 -9999 -9999 -9999 -9999 -9999 -9999 -9999 -9999 -9999 -9999 -9999 -9999 -9999 -9999 -9999 -9999 -9999 -9999 -9999 -9999 -9999 -9999 -9999 -9999 -9999 -9999 -9999 -9999 -9999 -9999 -9999 -9999 -9999 -9999 -9999 -9999 -9999 -9999
30.8564262390137 30.8646106719971 30.8646869659424 30.8667430877686 30.8697338104248 30.8707599639893 30.8710613250732 30.8623027801514 30.8369770050049 -9999 -9999 -9999 -9999 -9999 -9999 -9999 -9999 -9999 -9999 -9999 -9999 -9999 -9999 -9999 -9999 -9999 -9999 -9999 -9999 -9999 -9999 -9999 -9999 -9999 -9999 -9999 -9999 -9999 -9999 -9999 -9999 -9999 -9999 -9999 -9999 -9999 -9999 -9999 -9999 -9999 -9999 -9999 -9999 -9999 -9999 -9999 -9999
