G_variables/Set1/RCP2_2050/Sur_tem_min.asc
NCOLS 229 
NROWS 147 
XLLCORNER -101.25 
YLLCORNER 14.3333333333333 
CELLSIZE 0.0833333333333333 
NODATA_value -9999 
[rows 52 to 77 of 147, columns 114 to 170 of 229]
22.2929058074951 22.2763710021973 22.2650241851807 22.2445163726807 22.2625026702881 22.2613296508789 22.279411315918 22.3048553466797 22.3310222625732 22.3585033416748 22.3314819335938 22.323522567749 22.3525505065918 22.3338832855225 22.336124420166 22.3298358917236 22.3292140960693 22.3263988494873 22.3444957733154 22.3604469299316 22.3591232299805 22.3703117370605 22.3513240814209 22.3415050506592 22.3423328399658 22.334529876709 22.3243541717529 22.308235168457 22.3021812438965 22.287052154541 22.264368057251 22.2457313537598 22.2229232788086 22.2190914154053 22.266809463501 22.2986125946045 22.3319511413574 22.3578052520752 22.3935947418213 22.4750518798828 22.5066223144531 22.5364151000977 22.6170597076416 22.6505088806152 22.7050476074219 22.8182735443115 22.8501148223877 22.9104595184326 23.0477123260498 23.1147308349609 23.193395614624 23.4375858306885 23.4968090057373 23.5849952697754 23.8190593719482 23.8769874572754 24.0126190185547
22.3129196166992 22.3139343261719 22.2961826324463 22.2714672088623 22.2799835205078 22.2975826263428 22.2912750244141 22.3086090087891 22.3268871307373 22.3355197906494 22.3333950042725 22.347469329834 22.3327960968018 22.3586654663086 22.3553447723389 22.3323707580566 22.3559112548828 22.3443508148193 22.3468494415283 22.352201461792 22.3571243286133 22.3487281799316 22.3577823638916 22.3392601013184 22.3433589935303 22.3459033966064 22.3210105895996 22.3054275512695 22.2931308746338 22.275297164917 22.2602386474609 22.2367134094238 22.2285995483398 22.225227355957 22.2572002410889 22.2735271453857 22.3111343383789 22.3311824798584 22.3988628387451 22.4324817657471 22.464672088623 22.5377216339111 22.5767230987549 22.595666885376 22.7111988067627 22.7642574310303 22.8021030426025 22.9290370941162 22.9916572570801 23.0838470458984 23.2463703155518 23.3422012329102 23.475757598877 23.6341800689697 23.7255840301514 23.8574371337891 24.0991954803467
22.3274555206299 22.3186645507812 22.3178691864014 22.2868480682373 22.2913131713867 22.3037738800049 22.3065738677979 22.3199825286865 22.3187732696533 22.3391647338867 22.3389759063721 22.3409271240234 22.3439254760742 22.3493118286133 22.344310760498 22.341724395752 22.3459796905518 22.3428897857666 22.3473472595215 22.3440971374512 22.3380680084229 22.3376846313477 22.3361930847168 22.340648651123 22.3303508758545 22.3212127685547 22.3120212554932 22.289493560791 22.2774925231934 22.2684783935547 22.2496547698975 22.2406768798828 22.2467060089111 22.2389125823975 22.2493705749512 22.2651844024658 22.3120193481445 22.3599452972412 22.3871116638184 22.4321575164795 22.4663181304932 22.5278282165527 22.5916519165039 22.628755569458 22.6799602508545 22.7820453643799 22.8241500854492 22.8893890380859 23.0216617584229 23.1031150817871 23.1937255859375 23.3840446472168 23.5001621246338 23.546070098877 23.8087673187256 23.8676261901855 23.9956703186035
22.4060840606689 22.3763179779053 22.3754329681396 22.3430824279785 22.3415431976318 22.336706161499 22.3631267547607 22.3641929626465 22.3603076934814 22.3660945892334 22.3607196807861 22.3603057861328 22.3836288452148 22.3794441223145 22.3749008178711 22.3618335723877 22.3641414642334 22.3584442138672 22.3603115081787 22.3542633056641 22.3387413024902 22.3247032165527 22.3274612426758 22.3183689117432 22.3147716522217 22.3021259307861 22.2919940948486 22.273021697998 22.2643947601318 22.2667789459229 22.2507190704346 22.2454719543457 22.2448978424072 22.2490539550781 22.2536659240723 22.2791938781738 22.3080387115479 22.3463668823242 22.3965282440186 22.4519786834717 22.4843082427979 22.5309143066406 22.6076965332031 22.6419410705566 22.6805381774902 22.7699642181396 22.827091217041 22.8625869750977 23.0057353973389 23.0585899353027 23.1611461639404 23.3332118988037 23.4583358764648 23.5143222808838 23.7788372039795 23.9063816070557 23.9869441986084
22.4283409118652 22.3898506164551 22.3898029327393 22.3581809997559 22.3271198272705 22.352668762207 22.3706016540527 22.3667793273926 22.3750476837158 22.3590087890625 22.3671360015869 22.3715019226074 22.3750514984131 22.3938484191895 22.3845672607422 22.3588352203369 22.3552398681641 22.3481636047363 22.3422393798828 22.3425922393799 22.329517364502 22.3257350921631 22.3190116882324 22.3062725067139 22.2958812713623 22.2762584686279 22.2721786499023 22.2719192504883 22.2564296722412 22.2504940032959 22.242561340332 22.2166595458984 22.2403392791748 22.239465713501 22.231840133667 22.2793769836426 22.3187427520752 22.3308429718018 22.4088096618652 22.4439964294434 22.4649028778076 22.5244998931885 22.5904674530029 22.6215076446533 22.7002811431885 22.7494831085205 22.7639904022217 22.9011116027832 22.9542236328125 23.013708114624 23.1826801300049 23.3049812316895 23.3904514312744 23.5846328735352 23.679328918457 23.7969741821289 24.1027088165283
22.4286308288574 22.4120254516602 22.4074821472168 22.3606853485107 22.3592529296875 22.3600616455078 22.3792953491211 22.3838138580322 22.3740844726562 22.3671894073486 22.3519096374512 22.3585739135742 22.3720874786377 22.3757019042969 22.3828659057617 22.3449764251709 22.3450298309326 22.3377571105957 22.3266944885254 22.3226375579834 22.3064212799072 22.3027095794678 22.2947616577148 22.2962417602539 22.2797069549561 22.2697734832764 22.2689094543457 22.2549095153809 22.2510414123535 22.2438411712646 22.2354850769043 22.2284393310547 22.2343883514404 22.2412185668945 22.2464370727539 22.2794246673584 22.3300495147705 22.3681907653809 22.4091053009033 22.4664726257324 22.4977264404297 22.5245933532715 22.5992450714111 22.6680774688721 22.707820892334 22.7930393218994 22.8161659240723 22.8807220458984 23.0049934387207 23.0794868469238 23.1455821990967 23.3515586853027 23.4341316223145 23.5302867889404 23.7841491699219 23.8851299285889 24.0259780883789
22.4739437103271 22.45534324646 22.4255924224854 22.4156551361084 22.4070167541504 22.405387878418 22.4128913879395 22.4188804626465 22.409366607666 22.4130783081055 22.3871250152588 22.3625297546387 22.3846054077148 22.3743228912354 22.3702068328857 22.3480453491211 22.3419570922852 22.3325996398926 22.3222980499268 22.3109169006348 22.2951011657715 22.2798480987549 22.2888126373291 22.2777729034424 22.2711982727051 22.2609920501709 22.2618846893311 22.2503070831299 22.2528018951416 22.2535247802734 22.2440204620361 22.241397857666 22.2483940124512 22.2630882263184 22.2586555480957 22.3053340911865 22.3684539794922 22.4060688018799 22.4398441314697 22.4905052185059 22.5220756530762 22.5644683837891 22.623950958252 22.680139541626 22.7646446228027 22.79762840271 22.8763618469238 22.9399929046631 23.0144138336182 23.1113567352295 23.1689643859863 23.3567733764648 23.4489307403564 23.5265064239502 23.8171882629395 23.8941307067871 24.09202003479
22.4935855865479 22.435173034668 22.4381217956543 22.43776512146 22.439962387085 22.4331741333008 22.4272861480713 22.4471893310547 22.4266223907471 22.4164848327637 22.4153575897217 22.3882675170898 22.3694229125977 22.3822898864746 22.3588447570801 22.3546867370605 22.3368282318115 22.3253765106201 22.3138523101807 22.305248260498 22.2819366455078 22.2724857330322 22.273380279541 22.2672061920166 22.2534732818604 22.2305374145508 22.2307033538818 22.2411003112793 22.2280426025391 22.2441234588623 22.2405223846436 22.2191600799561 22.2464389801025 22.2565860748291 22.2591323852539 22.314790725708 22.3686714172363 22.4176921844482 22.4440078735352 22.4931468963623 22.5619297027588 22.58420753479 22.6343784332275 22.7222137451172 22.7725105285645 22.8556709289551 22.8942966461182 22.9465942382812 23.0173244476318 23.1378879547119 23.2551155090332 23.3265285491943 23.407434463501 23.6251811981201 23.7547092437744 23.888219833374 24.2384910583496
22.4766006469727 22.4613914489746 22.4501342773438 22.4484539031982 22.4461822509766 22.4479579925537 22.4495658874512 22.4428043365479 22.4379501342773 22.4310111999512 22.4268913269043 22.416332244873 22.3936386108398 22.3713226318359 22.3640098571777 22.3507556915283 22.3399505615234 22.3232612609863 22.2982959747314 22.2949752807617 22.2834701538086 22.2705478668213 22.2689838409424 22.2691917419434 22.2617206573486 22.2440376281738 22.2503814697266 22.2576694488525 22.2549781799316 22.2526512145996 22.2645511627197 22.2541694641113 22.2483348846436 22.273157119751 22.304859161377 22.3379020690918 22.3784103393555 22.4167881011963 22.4639682769775 22.4980659484863 22.5518741607666 22.5834808349609 -9999 -9999 22.7861709594727 22.8791027069092 22.9389533996582 23.0338821411133 23.0832500457764 23.1617527008057 23.2631549835205 23.3843574523926 23.4484519958496 23.5966148376465 23.9022350311279 24.0453414916992 24.161714553833
22.5423927307129 22.4988784790039 22.4870014190674 22.4847316741943 22.484188079834 22.4834213256836 22.4940128326416 22.4785633087158 22.4772453308105 22.467378616333 22.4592704772949 22.4291534423828 22.4219398498535 22.4110927581787 22.3742828369141 22.3539524078369 22.3363380432129 22.3161754608154 22.2858104705811 22.2829132080078 22.2685527801514 22.2609214782715 22.2685203552246 22.2805290222168 22.2765445709229 22.2784004211426 22.2756900787354 22.2822494506836 22.2890758514404 22.2899646759033 22.2813720703125 22.2762298583984 22.2641143798828 22.2851810455322 22.3307952880859 22.3678283691406 22.4069156646729 22.4420108795166 -9999 -9999 -9999 -9999 -9999 -9999 -9999 -9999 -9999 -9999 -9999 -9999 23.324348449707 23.4287414550781 23.6244373321533 23.7130260467529 23.9149990081787 24.1486301422119 -9999
22.5604286193848 22.4883518218994 22.4951419830322 22.4932746887207 22.4840564727783 22.4967670440674 22.4957447052002 22.5074310302734 22.5038871765137 22.4921398162842 22.4691486358643 22.4439888000488 22.4333763122559 22.4120903015137 22.3962841033936 22.35595703125 22.3310012817383 22.3177719116211 22.3035755157471 22.260950088501 22.2413063049316 22.2371520996094 22.2713470458984 22.2822914123535 22.2890701293945 22.319408416748 22.298210144043 22.3087882995605 22.3368911743164 22.3004684448242 22.2897548675537 22.3087387084961 22.2404270172119 22.2567768096924 22.3814659118652 -9999 -9999 -9999 -9999 -9999 -9999 -9999 -9999 -9999 -9999 -9999 -9999 -9999 -9999 -9999 -9999 -9999 -9999 -9999 -9999 -9999 -9999
22.5628242492676 22.5309810638428 22.521032333374 22.5008716583252 22.4973926544189 22.5015048980713 22.5070762634277 22.4971256256104 22.505313873291 22.5051746368408 22.4789047241211 22.456449508667 22.4385318756104 22.4215049743652 22.405345916748 22.3637409210205 22.3449420928955 22.3264255523682 22.3161697387695 22.2727317810059 22.2365818023682 22.239013671875 22.2650833129883 22.2861652374268 22.2949390411377 22.3131332397461 22.3181667327881 22.3195018768311 -9999 -9999 -9999 -9999 -9999 -9999 -9999 -9999 -9999 -9999 -9999 -9999 -9999 -9999 -9999 -9999 -9999 -9999 -9999 -9999 -9999 -9999 -9999 -9999 -9999 -9999 -9999 -9999 -9999
22.5993041992188 22.5594005584717 22.5503520965576 22.5447998046875 22.5228404998779 22.5240421295166 22.5003280639648 22.5064373016357 22.5080814361572 22.5042266845703 22.4963684082031 22.4690132141113 22.4440784454346 22.4125957489014 22.3918132781982 22.3499011993408 22.3319664001465 22.3200130462646 22.281867980957 22.2648887634277 22.2650470733643 22.2624378204346 22.2652339935303 -9999 -9999 -9999 -9999 -9999 -9999 -9999 -9999 -9999 -9999 -9999 -9999 -9999 -9999 -9999 -9999 -9999 -9999 -9999 -9999 -9999 -9999 -9999 -9999 -9999 -9999 -9999 -9999 -9999 -9999 -9999 -9999 -9999 -9999
22.6157531738281 22.5590267181396 22.5577392578125 22.5543174743652 22.4964981079102 22.5135517120361 22.5030994415283 22.5118923187256 22.508430480957 22.4962692260742 22.501745223999 22.4664192199707 22.4278755187988 22.4279003143311 22.368070602417 22.3424816131592 22.3218002319336 22.2955150604248 22.287805557251 22.2821216583252 22.2744960784912 -9999 -9999 -9999 -9999 -9999 -9999 -9999 -9999 -9999 -9999 -9999 -9999 -9999 -9999 -9999 -9999 -9999 -9999 -9999 -9999 -9999 -9999 -9999 -9999 -9999 -9999 -9999 -9999 -9999 -9999 -9999 -9999 -9999 -9999 -9999 -9999
22.6265487670898 22.6062450408936 22.5793838500977 22.5225658416748 22.5174789428711 22.5158061981201 22.508279800415 22.5012321472168 22.5038166046143 22.4849510192871 22.4755878448486 22.4686393737793 22.4055233001709 22.3863582611084 22.3648090362549 22.3363189697266 22.3171424865723 22.2882328033447 -9999 -9999 -9999 -9999 -9999 -9999 -9999 -9999 -9999 -9999 -9999 -9999 -9999 -9999 -9999 -9999 -9999 -9999 -9999 -9999 -9999 -9999 -9999 -9999 -9999 -9999 -9999 -9999 -9999 -9999 -9999 -9999 -9999 -9999 -9999 -9999 -9999 -9999 -9999
22.6582412719727 22.636157989502 22.6211891174316 22.5482177734375 22.5256614685059 22.5205554962158 22.5233345031738 22.5172080993652 22.5115222930908 22.4918384552002 22.4807186126709 22.4689292907715 22.38743019104 22.3639240264893 22.3339519500732 22.3069496154785 22.281759262085 -9999 -9999 -9999 -9999 -9999 -9999 -9999 -9999 -9999 -9999 -9999 -9999 -9999 -9999 -9999 -9999 -9999 -9999 -9999 -9999 -9999 -9999 -9999 -9999 -9999 -9999 -9999 -9999 -9999 -9999 -9999 -9999 -9999 -9999 -9999 -9999 -9999 -9999 -9999 -9999
22.6456298828125 22.590461730957 22.5894794464111 22.5404987335205 22.5161800384521 22.525074005127 22.519344329834 22.526912689209 22.507360458374 22.4913120269775 22.5165691375732 22.4233894348145 22.3848056793213 22.3183498382568 22.3228988647461 22.292516708374 22.2219371795654 -9999 -9999 -9999 -9999 -9999 -9999 -9999 -9999 -9999 -9999 -9999 -9999 -9999 -9999 -9999 -9999 -9999 -9999 -9999 -9999 -9999 -9999 -9999 -9999 -9999 -9999 -9999 -9999 -9999 -9999 -9999 -9999 -9999 -9999 -9999 -9999 -9999 -9999 -9999 -9999
22.6472148895264 22.6233825683594 22.6037635803223 22.5629253387451 22.5381889343262 22.5321769714355 22.5184020996094 22.5140438079834 22.5125026702881 22.47434425354 22.4658851623535 22.4529247283936 22.3666706085205 22.3440723419189 22.3225898742676 22.3089847564697 22.2871112823486 -9999 -9999 -9999 -9999 -9999 -9999 -9999 -9999 -9999 -9999 -9999 -9999 -9999 -9999 -9999 -9999 -9999 -9999 -9999 -9999 -9999 -9999 -9999 -9999 -9999 -9999 -9999 -9999 -9999 -9999 -9999 -9999 -9999 -9999 -9999 -9999 -9999 -9999 -9999 -9999
22.6845626831055 22.6600227355957 22.6247577667236 22.6012477874756 22.5797958374023 22.5690975189209 22.551736831665 22.5160598754883 22.4993724822998 22.474178314209 22.4434871673584 22.4323959350586 22.3721752166748 22.324649810791 22.3302879333496 22.3023109436035 -9999 -9999 -9999 -9999 -9999 -9999 -9999 -9999 -9999 -9999 -9999 -9999 -9999 -9999 -9999 -9999 -9999 -9999 -9999 -9999 -9999 -9999 -9999 -9999 -9999 -9999 -9999 -9999 -9999 -9999 -9999 -9999 -9999 -9999 -9999 -9999 -9999 -9999 -9999 -9999 26.2832126617432
22.7193641662598 22.6491241455078 22.6260871887207 22.6086711883545 22.5785999298096 22.5666122436523 22.5500392913818 22.5474185943604 22.5024642944336 22.473518371582 22.4715232849121 22.4200954437256 22.3699722290039 22.3055400848389 22.3245143890381 22.3102226257324 -9999 -9999 -9999 -9999 -9999 -9999 -9999 -9999 -9999 -9999 -9999 -9999 -9999 -9999 -9999 -9999 -9999 -9999 -9999 -9999 -9999 -9999 -9999 -9999 -9999 -9999 -9999 -9999 -9999 -9999 -9999 -9999 -9999 -9999 -9999 -9999 -9999 -9999 -9999 26.2849426269531 26.32541847229
22.7302837371826 22.6975975036621 22.6451930999756 22.6110305786133 22.5951862335205 22.5768241882324 22.5369510650635 22.5213203430176 22.5010757446289 22.4535293579102 22.4394207000732 22.4189395904541 22.3617248535156 22.3304996490479 22.3229179382324 -9999 -9999 -9999 -9999 -9999 -9999 -9999 -9999 -9999 -9999 -9999 -9999 -9999 -9999 -9999 -9999 -9999 -9999 -9999 -9999 -9999 -9999 -9999 -9999 -9999 -9999 -9999 -9999 -9999 -9999 -9999 -9999 -9999 -9999 -9999 -9999 -9999 -9999 -9999 26.2825088500977 26.3359146118164 26.3488140106201
22.7851696014404 22.7418441772461 22.7217750549316 22.6574115753174 22.6383628845215 22.5970897674561 22.5481662750244 22.5044898986816 22.4841022491455 22.4270458221436 22.4201431274414 22.413745880127 22.3621444702148 22.3502902984619 22.3513832092285 22.3223609924316 -9999 -9999 -9999 -9999 -9999 -9999 -9999 -9999 -9999 -9999 -9999 -9999 -9999 -9999 -9999 -9999 -9999 -9999 -9999 -9999 -9999 -9999 -9999 -9999 -9999 -9999 -9999 -9999 -9999 -9999 -9999 -9999 -9999 -9999 -9999 -9999 -9999 26.29616355896 26.3316650390625 26.3514060974121 26.3771648406982
22.7993698120117 22.746114730835 22.7241344451904 22.6781749725342 22.6611423492432 22.5998706817627 22.5430221557617 22.5297241210938 22.4764976501465 22.4641704559326 22.4289855957031 22.4000949859619 22.385799407959 22.3297119140625 22.3543510437012 -9999 -9999 -9999 -9999 -9999 -9999 -9999 -9999 -9999 -9999 -9999 -9999 -9999 -9999 -9999 -9999 -9999 -9999 -9999 -9999 -9999 -9999 -9999 -9999 -9999 -9999 -9999 -9999 -9999 -9999 -9999 -9999 -9999 -9999 -9999 -9999 -9999 -9999 26.3040237426758 26.3519592285156 26.3499755859375 26.3815040588379
22.8075103759766 22.7590980529785 22.7379016876221 22.6809158325195 22.6493244171143 22.5964336395264 22.5458106994629 22.520076751709 22.4987277984619 22.4572696685791 22.4229011535645 22.4238014221191 22.3879013061523 22.3709697723389 22.3593082427979 -9999 -9999 -9999 -9999 -9999 -9999 -9999 -9999 -9999 -9999 -9999 -9999 -9999 -9999 -9999 -9999 -9999 -9999 -9999 -9999 -9999 -9999 -9999 -9999 -9999 -9999 -9999 -9999 -9999 -9999 -9999 -9999 -9999 -9999 -9999 -9999 26.2215690612793 26.2415084838867 26.3041095733643 26.3630142211914 26.389705657959 26.390453338623
22.8626022338867 22.8292217254639 22.789493560791 22.7266426086426 22.6753768920898 22.6301651000977 22.5582160949707 22.5313568115234 22.513858795166 22.4606781005859 22.4409217834473 22.4090728759766 22.4016075134277 22.4007949829102 22.392578125 -9999 -9999 -9999 -9999 -9999 -9999 -9999 -9999 -9999 -9999 -9999 -9999 -9999 -9999 -9999 -9999 -9999 -9999 -9999 -9999 -9999 -9999 -9999 -9999 -9999 -9999 -9999 -9999 -9999 -9999 -9999 -9999 -9999 -9999 -9999 -9999 26.2169132232666 26.2393035888672 26.3125400543213 26.3673686981201 26.3889560699463 26.44162940979
22.8843765258789 22.8355560302734 22.7867393493652 22.7507667541504 22.7254981994629 22.6215839385986 22.5708065032959 22.5020790100098 22.494873046875 22.4749889373779 22.4165306091309 22.4038639068604 22.4109725952148 22.3946685791016 22.4167327880859 -9999 -9999 -9999 -9999 -9999 -9999 -9999 -9999 -9999 -9999 -9999 -9999 -9999 -9999 -9999 -9999 -9999 -9999 -9999 -9999 -9999 -9999 -9999 -9999 -9999 -9999 -9999 -9999 -9999 -9999 -9999 -9999 -9999 -9999 -9999 -9999 26.2066802978516 26.261474609375 26.3058910369873 26.3755111694336 26.445348739624 26.4657001495361
