G_variables/Set1/RCP2_2050/Sur_sal_min.asc
NCOLS 229 
NROWS 147 
XLLCORNER -101.25 
YLLCORNER 14.3333333333333 
CELLSIZE 0.0833333333333333 
NODATA_value -9999 
[rows 78 to 103 of 147, columns 171 to 227 of 229]
35.3945999145508 35.3884773254395 35.400074005127 35.3998947143555 35.3941307067871 35.3921928405762 35.3849868774414 35.3517532348633 35.3386650085449 35.3373413085938 35.3313598632812 35.3412094116211 35.3455924987793 35.3690338134766 35.3870124816895 35.3875389099121 35.3867263793945 35.3630523681641 35.3498992919922 35.3243026733398 35.297981262207 35.2851333618164 35.2654418945312 35.2456321716309 -9999 -9999 -9999 -9999 -9999 -9999 -9999 -9999 -9999 -9999 -9999 -9999 -9999 -9999 -9999 -9999 -9999 -9999 -9999 -9999 -9999 -9999 -9999 -9999 -9999 -9999 -9999 -9999 -9999 -9999 -9999 -9999 -9999
35.392204284668 35.3823394775391 35.3939247131348 35.3902435302734 35.3868522644043 35.3809280395508 35.3675880432129 35.3481101989746 35.3331642150879 35.3291702270508 35.3259353637695 35.3314018249512 35.3420829772949 35.3642501831055 35.3794898986816 35.3886795043945 35.384838104248 35.3749122619629 35.3518295288086 35.3300895690918 35.3050079345703 35.2934494018555 35.2684669494629 35.2518882751465 35.2406921386719 -9999 -9999 -9999 -9999 -9999 -9999 -9999 -9999 -9999 -9999 -9999 -9999 -9999 -9999 -9999 -9999 -9999 -9999 -9999 -9999 -9999 -9999 -9999 -9999 -9999 -9999 -9999 -9999 -9999 -9999 -9999 -9999
35.3855628967285 35.3802795410156 35.3738021850586 35.3787078857422 35.3754577636719 35.3630828857422 35.3535308837891 35.3419647216797 35.3204498291016 35.3157157897949 35.3195114135742 35.3264846801758 35.3350944519043 35.356128692627 35.3744049072266 35.3750076293945 35.3718223571777 35.3753814697266 35.3619537353516 35.3304901123047 35.3096199035645 35.3045883178711 35.2801094055176 35.2617111206055 35.2492065429688 35.2532615661621 -9999 -9999 -9999 -9999 -9999 -9999 -9999 -9999 -9999 -9999 -9999 -9999 -9999 -9999 -9999 -9999 -9999 -9999 -9999 -9999 -9999 -9999 -9999 -9999 -9999 -9999 -9999 -9999 -9999 -9999 -9999
35.3751678466797 35.3662910461426 35.3577919006348 35.3520774841309 35.3615264892578 35.3587493896484 35.3436393737793 35.3176879882812 35.2998695373535 35.2914962768555 35.291389465332 35.3068008422852 35.318790435791 35.3585815429688 35.3877830505371 35.3929100036621 35.3967781066895 35.3786888122559 35.3703804016113 35.350902557373 35.3228416442871 35.3072929382324 35.2883949279785 35.2623176574707 35.2549705505371 35.2446136474609 35.2385520935059 -9999 -9999 -9999 -9999 -9999 -9999 -9999 -9999 -9999 -9999 -9999 -9999 -9999 -9999 -9999 -9999 -9999 -9999 -9999 -9999 -9999 -9999 -9999 -9999 -9999 -9999 -9999 -9999 -9999 -9999
35.3701133728027 35.3600006103516 35.3505172729492 35.3431930541992 35.3462066650391 35.3481140136719 35.3291778564453 35.3104782104492 35.2882232666016 35.2837715148926 35.2844429016113 35.2966918945312 35.3202323913574 35.3608207702637 35.3893547058105 35.4030494689941 35.3979797363281 35.3830032348633 35.3639945983887 35.3509674072266 35.3248748779297 35.3096122741699 35.2792816162109 35.2611923217773 35.251766204834 35.2427597045898 35.2451400756836 -9999 -9999 -9999 -9999 -9999 -9999 -9999 -9999 -9999 -9999 -9999 -9999 -9999 -9999 -9999 -9999 -9999 -9999 -9999 -9999 -9999 -9999 -9999 -9999 -9999 -9999 -9999 -9999 -9999 -9999
35.3713798522949 35.3520660400391 35.3379249572754 35.3320350646973 35.3206367492676 35.312427520752 35.3094787597656 35.2959251403809 35.2838439941406 35.2792434692383 35.2904319763184 35.3055038452148 35.3158912658691 35.3478164672852 35.3780479431152 35.3835258483887 35.3874168395996 35.3861122131348 35.3715667724609 35.3432273864746 35.3320770263672 35.3180313110352 35.2870254516602 35.2613945007324 35.257022857666 35.252140045166 35.2490425109863 35.2524757385254 -9999 -9999 -9999 -9999 -9999 -9999 -9999 -9999 -9999 -9999 -9999 -9999 -9999 -9999 -9999 -9999 -9999 -9999 -9999 -9999 -9999 -9999 -9999 -9999 -9999 -9999 -9999 -9999 -9999
35.3706092834473 35.3442764282227 35.3311462402344 35.3249816894531 35.318489074707 35.3053169250488 35.298152923584 35.2798118591309 35.2665557861328 35.2588882446289 35.2673301696777 35.2898826599121 35.3107147216797 35.3572044372559 35.3943824768066 35.4064903259277 35.4049453735352 35.389575958252 35.3662796020508 35.3447189331055 35.3246726989746 35.3122787475586 35.2864227294922 35.2540016174316 35.2441940307617 35.2492599487305 35.2460861206055 35.2494316101074 35.2412643432617 35.2330207824707 35.2313995361328 35.2221832275391 -9999 -9999 -9999 -9999 -9999 -9999 -9999 -9999 -9999 -9999 -9999 -9999 -9999 -9999 -9999 -9999 -9999 -9999 -9999 -9999 -9999 -9999 -9999 -9999 -9999
35.3604049682617 35.3411979675293 35.3274383544922 35.3182945251465 35.3121948242188 35.2981796264648 35.2878723144531 35.2730827331543 35.2579078674316 35.2585945129395 35.2657852172852 35.2879333496094 35.3138046264648 35.3570327758789 35.3955879211426 35.4084510803223 35.4054946899414 35.3918151855469 35.3693695068359 35.3439025878906 35.3289756774902 35.3110771179199 35.2910957336426 35.2723388671875 35.2638664245605 35.2542152404785 35.2519378662109 35.2486457824707 35.2398452758789 35.2353401184082 35.220329284668 35.2159881591797 35.2023391723633 35.1909332275391 35.1911087036133 35.1926155090332 35.1975555419922 35.2217483520508 35.2343864440918 -9999 -9999 -9999 -9999 -9999 -9999 -9999 -9999 -9999 -9999 -9999 -9999 -9999 -9999 -9999 -9999 -9999 -9999
35.3620796203613 35.3455772399902 35.3202438354492 35.3152809143066 35.3001403808594 35.2891311645508 35.2780380249023 35.2694396972656 35.2619934082031 35.2628517150879 35.2779960632324 35.3002166748047 35.311767578125 35.3479080200195 35.3820686340332 35.3883895874023 35.3912658691406 35.3903350830078 35.3735427856445 35.3513603210449 35.3366203308105 35.3246192932129 35.2998466491699 35.2876052856445 35.2829322814941 35.2700538635254 35.2600212097168 35.2580146789551 35.2431755065918 35.2285537719727 35.2199592590332 35.2034301757812 35.1850128173828 35.1808853149414 35.1751403808594 35.169620513916 35.1711959838867 35.1882095336914 35.199836730957 35.2050666809082 35.2227363586426 35.2369575500488 35.2396087646484 -9999 -9999 -9999 -9999 -9999 -9999 -9999 -9999 -9999 -9999 -9999 -9999 -9999 -9999
35.3527450561523 35.3311920166016 35.3141784667969 35.306999206543 35.2903480529785 35.2858848571777 35.2700843811035 35.2538299560547 35.2488403320312 35.2435417175293 35.261848449707 35.292854309082 35.3151435852051 35.3581123352051 35.3890686035156 35.4022254943848 35.4121551513672 35.4014854431152 35.3793411254883 35.3576698303223 35.3431930541992 35.3290901184082 35.3090705871582 35.2936668395996 35.2808227539062 35.2690811157227 35.2613105773926 35.2544593811035 35.2415962219238 35.2240219116211 35.2183799743652 35.1982192993164 35.1778831481934 35.1682586669922 35.1502990722656 35.1422653198242 35.1445388793945 35.1481971740723 35.1630973815918 35.1756782531738 35.2000961303711 35.2170181274414 35.2221908569336 35.2249755859375 -9999 -9999 -9999 -9999 -9999 -9999 -9999 -9999 -9999 -9999 -9999 -9999 -9999
35.3458480834961 35.3276786804199 35.3113403320312 35.3005180358887 35.2932090759277 35.286018371582 35.2763557434082 35.2518348693848 35.2403030395508 35.2473449707031 35.2625274658203 35.2926368713379 35.3152885437012 35.357723236084 35.3921165466309 35.406078338623 35.4127616882324 35.402702331543 35.3856811523438 35.3600387573242 35.348274230957 35.3315887451172 35.3123092651367 35.2994842529297 35.2858657836914 35.2710952758789 35.2618865966797 35.2543296813965 35.2402801513672 35.2234649658203 35.2079048156738 35.1870040893555 35.1740875244141 35.1610374450684 35.1446647644043 35.1348915100098 35.1287879943848 35.1393241882324 35.1465072631836 35.1573257446289 35.1866073608398 35.2040901184082 35.2067794799805 35.2128486633301 35.2155799865723 -9999 -9999 -9999 -9999 -9999 -9999 -9999 -9999 -9999 -9999 -9999 -9999
35.3387870788574 35.3247489929199 35.3023300170898 35.2970199584961 35.2869071960449 35.275505065918 35.2674369812012 35.2593879699707 35.257511138916 35.2585563659668 35.2817001342773 35.3076782226562 35.3138465881348 35.3505096435547 35.3875160217285 35.394172668457 35.3993339538574 35.4006958007812 35.3890419006348 35.3603210449219 35.3478622436523 35.3390274047852 35.3191146850586 35.2999305725098 35.2910270690918 35.2750473022461 35.2594604492188 35.2547035217285 35.23828125 35.2154998779297 35.2069435119629 35.1798324584961 35.1650009155273 35.1599044799805 35.140941619873 35.1317977905273 35.128604888916 35.1338424682617 35.1394805908203 35.1449508666992 35.1635971069336 35.1711540222168 35.1751823425293 35.1801910400391 35.173511505127 35.1719017028809 -9999 -9999 -9999 -9999 -9999 -9999 -9999 -9999 -9999 -9999 -9999
35.3173217773438 35.2992553710938 35.2908477783203 35.2807083129883 35.2714309692383 35.2624092102051 35.2456550598145 35.2393379211426 35.247371673584 35.2518844604492 35.2749214172363 35.3073120117188 35.3222770690918 35.3656463623047 35.4003715515137 35.4146118164062 35.4223098754883 35.4131507873535 35.3897666931152 35.3681907653809 35.3529396057129 35.3377265930176 35.3148193359375 35.2971572875977 35.2861175537109 35.2727699279785 35.2602691650391 35.2485008239746 35.2365760803223 35.222713470459 35.1987953186035 35.1795234680176 35.1662864685059 35.1520385742188 35.1354789733887 35.1287651062012 35.1211357116699 35.1221961975098 35.1285591125488 35.1408538818359 35.1478233337402 35.1479110717773 35.155632019043 35.1485939025879 35.1342430114746 35.1320419311523 -9999 -9999 -9999 -9999 -9999 -9999 -9999 -9999 -9999 -9999 -9999
35.3095474243164 35.2926139831543 35.2746620178223 35.2770843505859 35.2639770507812 35.2513961791992 35.2401733398438 35.2394027709961 35.2449836730957 35.2555885314941 35.2782974243164 35.314998626709 35.334545135498 35.3732566833496 35.4068031311035 35.4185638427734 35.4247245788574 35.4110374450684 35.3940544128418 35.3686981201172 35.3465614318848 35.3290176391602 35.3064270019531 35.2977905273438 35.2849082946777 35.2724761962891 35.2598152160645 35.2482643127441 35.2362518310547 35.2173347473145 35.2025985717773 35.177906036377 35.1596031188965 35.1491317749023 35.130313873291 35.1192169189453 35.1212959289551 35.1233558654785 35.1298217773438 35.1278305053711 35.1419067382812 35.1397285461426 35.1302070617676 35.136302947998 35.1149406433105 35.1132888793945 35.1196632385254 -9999 -9999 -9999 -9999 -9999 -9999 -9999 -9999 -9999 -9999
35.2801895141602 35.282169342041 35.2656478881836 35.2632751464844 35.2608222961426 35.2385673522949 35.2361068725586 35.2425079345703 35.2607269287109 35.2642402648926 35.2962188720703 35.3301391601562 35.341682434082 35.3760566711426 35.4077606201172 35.4072532653809 35.4049873352051 35.4052543640137 35.3927154541016 35.3694458007812 35.3439331054688 35.3330268859863 35.3096923828125 35.2954025268555 35.2892227172852 35.2723007202148 35.2547416687012 35.2503471374512 35.2294082641602 35.2116241455078 35.2019729614258 35.179256439209 35.1574821472168 35.1508636474609 35.1349143981934 35.1260070800781 35.1250686645508 35.1248397827148 35.1304512023926 35.1301612854004 35.1223754882812 35.1165466308594 35.115119934082 35.1046409606934 35.0996856689453 35.1004257202148 35.0995864868164 35.1008110046387 -9999 -9999 -9999 -9999 -9999 -9999 -9999 -9999 -9999
35.2647590637207 35.2603950500488 35.2614440917969 35.2493362426758 35.2493629455566 35.235912322998 35.2311935424805 35.2273178100586 35.2474136352539 35.2595520019531 35.2827453613281 35.324821472168 35.3513984680176 35.3816795349121 35.4133720397949 35.4234809875488 35.4160995483398 35.4103355407715 35.3928642272949 35.3686943054199 35.3430099487305 35.3254203796387 35.3016166687012 35.2930755615234 35.2821464538574 35.2678756713867 35.2558631896973 35.2469329833984 35.2313690185547 35.215690612793 35.1982574462891 35.1828002929688 35.1628112792969 35.1481781005859 35.1382942199707 35.128963470459 35.1249771118164 35.1236343383789 35.1301116943359 35.1347579956055 35.1219177246094 35.1105346679688 35.1068954467773 35.1021461486816 35.0966300964355 35.0904235839844 35.0969848632812 35.1043548583984 35.1072006225586 -9999 -9999 -9999 -9999 -9999 -9999 -9999 -9999
35.2518196105957 35.2573127746582 35.2458343505859 35.2466087341309 35.2487602233887 35.2383422851562 35.228199005127 35.2267036437988 35.2378883361816 35.2496299743652 35.2777137756348 35.3305435180664 35.3544120788574 35.3823661804199 35.4091873168945 35.4177322387695 35.4109115600586 35.4040756225586 35.3903884887695 35.36767578125 35.339599609375 35.3241233825684 35.3001556396484 35.2782859802246 35.2786636352539 35.2673377990723 35.2555046081543 35.2469902038574 35.2316665649414 35.2148246765137 35.2026710510254 35.1865997314453 35.1632347106934 35.1551856994629 35.1375350952148 35.1254768371582 35.1175117492676 35.121208190918 35.1352424621582 35.1300735473633 35.1202850341797 35.109619140625 35.1070289611816 35.1005554199219 35.0912933349609 35.093132019043 35.0993309020996 35.1077766418457 35.1136589050293 -9999 -9999 -9999 -9999 -9999 -9999 -9999 -9999
35.2382125854492 35.2435874938965 35.2465744018555 35.2401008605957 35.2421531677246 35.2329788208008 35.2289848327637 35.234920501709 35.240894317627 35.2473106384277 35.2834663391113 35.317569732666 35.3354148864746 35.3648414611816 35.3885345458984 35.3907012939453 35.3911743164062 35.3874206542969 35.3776016235352 35.3600044250488 35.332218170166 35.3228912353516 35.2995223999023 35.274730682373 35.2694854736328 35.2560234069824 35.2401161193848 35.2464332580566 35.2237930297852 35.209659576416 35.2025909423828 35.1848182678223 35.1732482910156 35.1675643920898 35.1520614624023 35.1352195739746 35.1326103210449 35.125846862793 35.1214981079102 35.1213912963867 35.1202239990234 35.1130447387695 35.1119499206543 35.1068992614746 35.0995979309082 35.1012725830078 35.1075439453125 35.1155624389648 35.1194305419922 35.1296844482422 -9999 -9999 -9999 -9999 -9999 -9999 -9999
35.2240257263184 35.2422409057617 35.2546882629395 35.2563591003418 35.2417488098145 35.2216262817383 35.2218704223633 35.2161178588867 35.2276992797852 35.2313575744629 35.2497215270996 35.283561706543 35.3148460388184 35.3386154174805 35.3699989318848 35.3799514770508 35.3741760253906 35.3786735534668 35.3598098754883 35.3477478027344 35.3332099914551 35.3118934631348 35.2946624755859 35.2778434753418 35.2666435241699 35.2573165893555 35.244026184082 35.2426910400391 35.2286643981934 35.2153091430664 35.2025299072266 35.1908721923828 35.1817893981934 35.1748008728027 35.1587142944336 35.152156829834 35.1474685668945 35.1246910095215 35.1157035827637 35.1188812255859 35.1014747619629 35.1035499572754 35.0999526977539 35.0956420898438 35.0989532470703 35.0958518981934 35.0943489074707 35.112735748291 35.1199340820312 35.1188888549805 35.1419830322266 -9999 -9999 -9999 -9999 -9999 -9999
35.2204284667969 35.2376823425293 35.2504997253418 35.2500953674316 35.2408142089844 35.2277374267578 35.2177925109863 35.2170295715332 35.2213935852051 35.2255592346191 35.2486114501953 35.2778015136719 35.2915267944336 35.3268814086914 35.3533592224121 35.3623580932617 35.3730735778809 35.3573684692383 35.3558082580566 35.3415107727051 35.3202819824219 35.315185546875 35.2979354858398 35.27978515625 35.270133972168 35.2595863342285 35.2463607788086 35.2446517944336 35.2331962585449 35.218318939209 35.2098007202148 35.1916580200195 35.1852111816406 35.174934387207 35.1686172485352 35.1648941040039 35.1510887145996 35.1321411132812 35.1221733093262 35.1152992248535 35.1043701171875 35.0962371826172 35.0995864868164 35.0965347290039 35.0978355407715 35.0975036621094 35.0983276367188 35.1078910827637 35.1129531860352 35.1161804199219 35.1385231018066 -9999 -9999 -9999 -9999 -9999 -9999
35.2298622131348 35.2359771728516 35.2411308288574 35.2385444641113 35.2328300476074 35.2308731079102 35.2271537780762 35.2218742370605 35.2187728881836 35.2205657958984 35.2442855834961 35.258472442627 35.256534576416 35.2871208190918 35.3071594238281 35.3116340637207 35.3269081115723 35.3275718688965 35.3162994384766 35.3082885742188 35.310115814209 35.3051109313965 35.295352935791 35.2792510986328 35.2726821899414 35.259105682373 35.2455101013184 35.2404251098633 35.226188659668 35.2160682678223 35.2039794921875 35.1853408813477 35.1725311279297 35.1686706542969 35.1627578735352 35.1543235778809 35.1497993469238 35.1314315795898 35.1115760803223 35.1083145141602 35.1024436950684 35.0942535400391 35.0970993041992 35.1002616882324 35.0937614440918 35.0949859619141 35.101390838623 35.0965881347656 35.0946769714355 35.1222152709961 35.1172027587891 35.1193046569824 -9999 -9999 -9999 -9999 -9999
35.2324066162109 35.2386016845703 35.2446403503418 35.2466011047363 35.237190246582 35.2273254394531 35.2200622558594 35.2058219909668 35.2023582458496 35.2086334228516 35.2154808044434 35.2276153564453 35.2374725341797 35.252124786377 35.271297454834 35.2843017578125 35.291446685791 35.3008079528809 35.2868576049805 35.2755241394043 35.2911567687988 35.2898139953613 35.2726860046387 35.2780838012695 35.2667808532715 35.2464256286621 35.2471122741699 35.2377586364746 35.2192802429199 35.2173309326172 35.2027168273926 35.1795234680176 35.170238494873 35.164005279541 35.1428146362305 35.1444664001465 35.134220123291 35.1097183227539 35.0865020751953 35.0777702331543 35.0698890686035 35.0733833312988 35.0713233947754 35.064136505127 35.0729560852051 35.0738754272461 35.0627288818359 35.0670051574707 35.0663986206055 35.0623817443848 35.0796241760254 35.0849533081055 -9999 -9999 -9999 -9999 -9999
35.2350387573242 35.2412376403809 35.2504005432129 35.2504005432129 35.2401657104492 35.2266159057617 35.2205657958984 35.2069931030273 35.2033538818359 35.1999816894531 35.2078628540039 35.2182350158691 35.217716217041 35.2446212768555 35.2612037658691 35.2664909362793 35.286563873291 35.2775955200195 35.272533416748 35.2700080871582 35.2739715576172 35.274055480957 35.2700805664062 35.2668533325195 35.2635383605957 35.2466926574707 35.2419052124023 35.2379379272461 35.2218475341797 35.2082557678223 35.2000999450684 35.1877098083496 35.1703796386719 35.1632041931152 35.1570205688477 35.1357269287109 35.1327171325684 35.1109619140625 35.085018157959 35.0698928833008 35.0679664611816 35.0691566467285 35.0640182495117 35.0628318786621 35.0665054321289 35.0660209655762 35.0603523254395 35.0579719543457 35.052173614502 35.0593185424805 35.0572204589844 35.0634231567383 35.0671005249023 -9999 -9999 -9999 -9999
35.2461318969727 35.2414512634277 35.2432098388672 35.2410354614258 35.2323417663574 35.2233734130859 35.2183799743652 35.2100639343262 35.1969947814941 35.1938323974609 35.2001533508301 35.2019119262695 35.1999244689941 35.2175445556641 35.2256851196289 35.228199005127 35.2474594116211 35.250129699707 35.2284927368164 35.245044708252 35.239917755127 35.2395515441895 35.2456665039062 35.2412872314453 35.2300109863281 35.2324447631836 35.2172203063965 35.2141075134277 35.2103500366211 35.1934432983398 35.1935081481934 35.1786842346191 35.1623611450195 35.1583709716797 35.1487770080566 35.1273384094238 35.1186676025391 35.1112365722656 35.082706451416 35.0761032104492 35.0661354064941 35.0390243530273 35.0349540710449 35.0455741882324 35.0396766662598 35.0399856567383 35.0448951721191 35.0327949523926 35.0292739868164 35.0430793762207 35.0259895324707 35.0252075195312 35.0282249450684 35.0011253356934 -9999 -9999 -9999
35.2394218444824 35.2419738769531 35.2496185302734 35.2458419799805 35.2413024902344 35.2267456054688 35.2184181213379 35.2105598449707 35.192440032959 35.1897735595703 35.1888389587402 35.1842765808105 35.1927375793457 35.1996154785156 35.1973838806152 35.2070541381836 35.2134780883789 35.213924407959 35.2107315063477 35.2022857666016 35.2025985717773 35.2026290893555 35.2101821899414 35.2110633850098 35.2058143615723 35.2050552368164 35.1959190368652 35.1888694763184 35.1845054626465 35.1851272583008 35.1710586547852 35.1647033691406 35.1572265625 35.1478004455566 35.1537857055664 35.1409072875977 35.1253509521484 35.1108779907227 35.076229095459 35.064754486084 35.045597076416 35.0213508605957 35.0208473205566 35.0110740661621 35.0028991699219 35.0132484436035 35.012279510498 35.0098724365234 35.0058555603027 35.0039978027344 34.9948425292969 34.9931907653809 34.9832382202148 34.9732818603516 -9999 -9999 -9999
35.2479591369629 35.248851776123 35.2470817565918 35.2448196411133 35.2415733337402 35.2280006408691 35.2221565246582 35.2076454162598 35.1981353759766 35.1870346069336 35.1842422485352 35.177074432373 35.174072265625 35.190055847168 35.193489074707 35.1934814453125 35.2035636901855 35.1990776062012 35.1878967285156 35.2030868530273 35.1901588439941 35.1913032531738 35.2009239196777 35.1911888122559 35.1926002502441 35.1973648071289 35.1862678527832 35.1860427856445 35.1833419799805 35.1728630065918 35.1667175292969 35.1642990112305 35.1514167785645 35.1536827087402 35.1566581726074 35.1423492431641 35.1376800537109 35.1185417175293 35.0883827209473 35.0682373046875 35.0511703491211 35.0286521911621 35.0085029602051 35.0105934143066 34.9975280761719 34.9904861450195 35.0052642822266 34.9946441650391 34.9870262145996 34.9974250793457 34.985912322998 34.9749031066895 34.9675903320312 34.9483985900879 34.9354133605957 -9999 -9999
