G_variables/Set1/RCP2_2050/Sur_tem_min.asc
NCOLS 229 
NROWS 147 
XLLCORNER -101.25 
YLLCORNER 14.3333333333333 
CELLSIZE 0.0833333333333333 
NODATA_value -9999 
[rows 104 to 129 of 147, columns 171 to 227 of 229]
26.816951751709 26.8099308013916 26.8023242950439 26.7965698242188 26.8235187530518 26.8277530670166 26.8516616821289 26.8616676330566 26.868860244751 26.8701114654541 26.8716106414795 26.8792190551758 26.8782348632812 26.8778667449951 26.8840065002441 26.8883876800537 26.8978652954102 26.9114665985107 26.9171314239502 26.9271125793457 26.9229011535645 26.9277286529541 26.9371700286865 26.9559116363525 26.9629154205322 26.9637222290039 26.9797286987305 26.9834823608398 26.993070602417 26.9974594116211 26.9947090148926 27.0029373168945 27.0167961120605 27.020357131958 27.0325088500977 27.0255661010742 27.0301475524902 27.0539875030518 27.0494499206543 27.0545978546143 27.0682144165039 27.0606079101562 27.0414524078369 27.0412082672119 27.0399379730225 27.0427207946777 27.0554008483887 27.0678577423096 27.0697212219238 27.0665473937988 27.0543251037598 27.0500202178955 27.0440082550049 27.0377330780029 27.0305976867676 27.0390625 -9999
26.8371391296387 26.8163909912109 26.8021583557129 26.8060646057129 26.8356227874756 26.8374099731445 26.8545227050781 26.8607311248779 26.8743705749512 26.8770790100098 26.8761444091797 26.8728981018066 26.875358581543 26.8813781738281 26.8857498168945 26.8965244293213 26.9031925201416 26.9106922149658 26.9229545593262 26.935941696167 26.9309997558594 26.9407329559326 26.9486656188965 26.9624004364014 26.9762153625488 26.9747562408447 26.9845123291016 26.9960746765137 26.9925556182861 26.9959850311279 27.0124740600586 27.0143604278564 27.0175151824951 27.0277652740479 27.0286483764648 27.0242519378662 27.0333309173584 27.0435523986816 27.0507698059082 27.0578632354736 27.0590724945068 27.0633430480957 27.0613059997559 27.0583953857422 27.0410823822021 27.0488052368164 27.0565242767334 27.070707321167 27.0805263519287 27.0657978057861 27.0574474334717 27.0612773895264 27.0504531860352 27.0482730865479 27.0574436187744 27.0571022033691 27.0499362945557
26.7913589477539 26.8023414611816 26.7949771881104 26.8254375457764 26.8349590301514 26.8393707275391 26.8573551177979 26.8678874969482 26.8741474151611 26.8803310394287 26.8809452056885 26.8840961456299 26.8879146575928 26.895809173584 26.8995304107666 26.9136772155762 26.9236793518066 26.9280815124512 26.9414405822754 26.9550094604492 26.9506797790527 26.9624462127686 26.9696598052979 26.9772510528564 26.9897994995117 26.9931945800781 26.9948444366455 27.0018730163574 27.0070781707764 27.0068988800049 27.0231590270996 27.0254497528076 27.0218391418457 27.0313529968262 27.0373649597168 27.0366916656494 27.0447406768799 27.0456409454346 27.0486335754395 27.046178817749 27.0522060394287 27.0562782287598 27.0559329986572 27.0557117462158 27.0519676208496 27.0457649230957 27.053653717041 27.0590057373047 27.0685234069824 27.0661926269531 27.0657367706299 27.0739307403564 27.0632514953613 27.0624294281006 27.0733318328857 27.0805530548096 27.0951919555664
26.7804527282715 26.8253936767578 26.8139324188232 26.8190937042236 26.8525466918945 26.8583869934082 26.8572177886963 26.8878898620605 26.8771743774414 26.8767032623291 26.8847579956055 26.887149810791 26.8973484039307 26.9081764221191 26.910177230835 26.9152545928955 26.9289722442627 26.9385395050049 26.940544128418 26.9571323394775 26.9573631286621 26.9632568359375 26.9775791168213 26.980899810791 26.9815120697021 26.9873161315918 26.9938430786133 26.9978199005127 27.010684967041 27.0105113983154 27.012264251709 27.0328159332275 27.0285625457764 27.0295085906982 27.0445327758789 27.0417613983154 27.0365562438965 27.042875289917 27.0405025482178 27.0428123474121 27.0484962463379 27.0451126098633 27.0508499145508 27.0495185852051 27.0518131256104 27.0548248291016 27.0585536956787 27.0689907073975 27.0618782043457 27.0729808807373 27.0720863342285 27.0730381011963 27.0760040283203 27.0693588256836 27.0787544250488 27.0962314605713 27.0947780609131
26.7725658416748 26.7838001251221 26.7893142700195 26.8096084594727 26.8245449066162 26.8412265777588 26.8606929779053 26.8615665435791 26.8667831420898 26.8744487762451 26.8766651153564 26.8811511993408 26.8979358673096 26.9025573730469 26.9059410095215 26.921932220459 26.9279174804688 26.931713104248 26.9367752075195 26.951509475708 26.9551010131836 26.9666423797607 26.9722766876221 26.9761505126953 26.9820823669434 26.9835186004639 26.9889984130859 26.9982013702393 26.9998970031738 26.9990501403809 27.0097694396973 27.0258808135986 27.0247325897217 27.0289554595947 27.0403270721436 27.0405178070068 27.0355567932129 27.0375423431396 27.0365123748779 27.0396842956543 27.0416984558105 27.0412120819092 27.0390377044678 27.0463256835938 27.0466613769531 27.0546226501465 27.0584487915039 27.0616188049316 27.0636177062988 27.0678253173828 27.067741394043 27.0805759429932 27.0744781494141 27.0824375152588 -9999 -9999 -9999
26.7345790863037 26.7456340789795 26.7572498321533 26.7798023223877 26.7976703643799 26.8155994415283 26.8358459472656 26.835428237915 26.8463916778564 26.8564357757568 26.8600978851318 26.8663330078125 26.8850002288818 26.8906650543213 26.8971061706543 26.9139308929443 26.9199752807617 26.9256553649902 26.9308471679688 26.9501991271973 26.9532108306885 26.9648265838623 26.9726066589355 26.9750919342041 26.9806442260742 26.984037399292 26.9855194091797 26.9932556152344 26.9970264434814 26.9911727905273 27.0047969818115 27.0170516967773 27.0156135559082 27.0193634033203 27.0287628173828 27.0287704467773 27.022970199585 27.0224132537842 27.0225372314453 27.0240268707275 27.0255565643311 27.0263004302979 27.0252666473389 27.0359439849854 27.037202835083 27.0452499389648 27.0464859008789 27.053050994873 27.0559482574463 27.0575580596924 27.0617198944092 27.0756015777588 -9999 -9999 -9999 -9999 -9999
26.7036514282227 26.7273769378662 26.7444915771484 26.7566776275635 26.7872314453125 26.7987461090088 26.8182792663574 26.8398056030273 26.8427429199219 26.852725982666 26.8688430786133 26.8689155578613 26.8678493499756 26.8938980102539 26.8864898681641 26.8974723815918 26.9233932495117 26.9149684906006 26.9257621765137 26.9587459564209 26.95285987854 26.9586658477783 26.9835929870605 26.9739837646484 26.9728145599365 26.9926128387451 26.9830188751221 26.984884262085 27.0001335144043 26.9915676116943 27.0005645751953 27.0106258392334 27.0047740936279 27.0053329467773 27.0186710357666 27.0173435211182 27.0203247070312 27.0220966339111 27.0240077972412 27.0256462097168 27.0264625549316 27.0213012695312 27.0244827270508 27.0306015014648 27.0355186462402 27.0383892059326 27.0417041778564 27.0552864074707 27.0706272125244 -9999 -9999 -9999 -9999 -9999 -9999 -9999 -9999
26.6897010803223 26.7030334472656 26.7177104949951 26.7425708770752 26.7619476318359 26.776554107666 26.8072319030762 26.8187580108643 26.8217487335205 26.8402614593506 26.8444786071777 26.848030090332 26.8556575775146 26.8629894256592 26.8693466186523 26.8866405487061 26.894645690918 26.8960590362549 26.9158878326416 26.9299907684326 26.9351902008057 26.9492778778076 26.954647064209 26.957462310791 26.9631690979004 26.9687366485596 26.968505859375 26.9749450683594 26.9794101715088 26.9781551361084 26.9894123077393 26.9912796020508 26.9943428039551 26.9990119934082 27.0077247619629 27.0078010559082 27.0141258239746 27.0152435302734 27.0172290802002 27.0204544067383 27.0225296020508 27.0160064697266 27.0218143463135 27.0261650085449 27.0298862457275 27.0412693023682 -9999 -9999 -9999 -9999 -9999 -9999 -9999 -9999 -9999 -9999 -9999
26.6434936523438 26.6638603210449 26.6742572784424 26.701286315918 26.715087890625 26.7320575714111 26.7552661895752 26.7749271392822 26.7794036865234 26.7993068695068 26.8021907806396 26.8060855865479 26.8223133087158 26.8241310119629 26.8353805541992 26.8521270751953 26.8565864562988 26.8631496429443 26.8729686737061 26.8905487060547 26.8992919921875 26.9151477813721 26.923454284668 26.9188251495361 26.9334659576416 26.937780380249 26.9411392211914 26.9473876953125 26.9483661651611 26.9514942169189 26.9630317687988 26.964147567749 26.9652614593506 26.9715366363525 26.9867420196533 26.9895648956299 26.99241065979 26.9959354400635 26.9990577697754 27.0025978088379 27.0049133300781 27.0124683380127 27.0145416259766 27.0121841430664 -9999 -9999 -9999 -9999 -9999 -9999 -9999 -9999 -9999 -9999 -9999 -9999 -9999
26.6181793212891 26.6378898620605 26.6578769683838 26.6708564758301 26.7051811218262 26.7155265808105 26.7335987091064 26.7381439208984 26.7603435516357 26.7656803131104 26.7734355926514 26.7916889190674 26.7993774414062 26.8117485046387 26.8253421783447 26.8324813842773 26.8338203430176 26.8505611419678 26.8558616638184 26.8674697875977 26.8792457580566 26.8886814117432 26.9065475463867 26.9162445068359 26.9194240570068 26.9229736328125 26.9263458251953 26.9277324676514 26.9327220916748 26.9411296844482 26.9489898681641 26.9560661315918 26.9623470306396 26.9669761657715 26.9829635620117 26.9816837310791 26.9833297729492 26.9899501800537 26.9914264678955 26.9939575195312 27.0047340393066 -9999 -9999 -9999 -9999 -9999 -9999 -9999 -9999 -9999 -9999 -9999 -9999 -9999 -9999 -9999 -9999
26.6034374237061 26.6227130889893 26.6403541564941 26.6614894866943 26.6896133422852 26.6972007751465 26.7190246582031 26.7274341583252 26.7415943145752 26.7552890777588 26.7610721588135 26.7708015441895 26.790189743042 26.7960472106934 26.8056812286377 26.8221817016602 26.8252105712891 26.8338222503662 26.845552444458 26.8542213439941 26.8595504760742 26.8788013458252 26.8891563415527 26.9036312103271 26.91526222229 26.9125289916992 26.9104080200195 26.9171180725098 26.9224319458008 26.9245376586914 26.9425163269043 26.9453239440918 26.9485321044922 26.9627666473389 26.9661293029785 26.9652099609375 26.9736061096191 26.980354309082 26.9836044311523 -9999 -9999 -9999 -9999 -9999 -9999 -9999 -9999 -9999 -9999 -9999 -9999 -9999 -9999 -9999 -9999 -9999 -9999
26.5731067657471 26.5912628173828 26.6035194396973 26.6248607635498 26.6434478759766 26.6513652801514 26.672534942627 26.6779232025146 26.7034301757812 26.7174434661865 26.7233905792236 26.734733581543 26.7506484985352 26.7566967010498 26.7647247314453 26.7846908569336 26.7830028533936 26.7900466918945 26.7992000579834 26.804723739624 26.8167858123779 26.8359832763672 26.8444957733154 26.8589954376221 26.8715076446533 26.8709926605225 26.8705959320068 26.8779449462891 26.8893203735352 26.8915863037109 26.9023723602295 26.9056625366211 26.9161033630371 26.9271278381348 26.9301071166992 26.933219909668 -9999 -9999 -9999 -9999 -9999 -9999 -9999 -9999 -9999 -9999 -9999 -9999 -9999 -9999 -9999 -9999 -9999 -9999 -9999 -9999 -9999
26.5652885437012 26.5834140777588 26.5974216461182 26.6082439422607 26.6248722076416 26.6424102783203 26.6560688018799 26.6603546142578 26.6935577392578 26.6993846893311 26.7074584960938 26.7203483581543 26.7316970825195 26.7407894134521 26.7573661804199 26.7653961181641 26.7673873901367 26.7804565429688 26.7791042327881 26.7865867614746 26.8054065704346 26.8157482147217 26.8290939331055 26.8402786254883 26.8449726104736 26.8489074707031 26.8583393096924 26.8615074157715 26.8774909973145 26.8805332183838 26.8839797973633 26.8907222747803 26.9029636383057 -9999 -9999 -9999 -9999 -9999 -9999 -9999 -9999 -9999 -9999 -9999 -9999 -9999 -9999 -9999 -9999 -9999 -9999 -9999 -9999 -9999 -9999 -9999 -9999
26.5631809234619 26.5773429870605 26.5861625671387 26.6012001037598 26.6174392700195 26.6280212402344 26.6503620147705 26.6545009613037 26.675256729126 26.692798614502 26.6989498138428 26.7022361755371 26.718864440918 26.734899520874 26.7421417236328 26.7564105987549 26.7549362182617 26.764030456543 26.76930809021 26.7743244171143 26.7865543365479 26.8036994934082 26.8115291595459 26.8154220581055 26.8278579711914 26.8290843963623 26.83522605896 26.8463191986084 26.8522605895996 26.8600444793701 26.87131690979 -9999 -9999 -9999 -9999 -9999 -9999 -9999 -9999 -9999 -9999 -9999 -9999 -9999 -9999 -9999 -9999 -9999 -9999 -9999 -9999 -9999 -9999 -9999 -9999 -9999 -9999
26.5417366027832 26.5532703399658 26.5613193511963 26.5752487182617 26.5900650024414 26.6004829406738 26.6234016418457 26.630729675293 26.6487598419189 26.6674842834473 26.6653728485107 26.6672458648682 26.6900157928467 26.7050399780273 26.7122440338135 26.7257709503174 26.7235240936279 26.7286682128906 26.73268699646 26.7379188537598 26.7456550598145 26.7611637115479 26.7678718566895 26.7705154418945 26.7818946838379 26.7812538146973 26.7863216400146 26.7999172210693 -9999 -9999 -9999 -9999 -9999 -9999 -9999 -9999 -9999 -9999 -9999 -9999 -9999 -9999 -9999 -9999 -9999 -9999 -9999 -9999 -9999 -9999 -9999 -9999 -9999 -9999 -9999 -9999 -9999
26.5362205505371 26.542013168335 26.5591793060303 26.5726871490479 26.5754241943359 26.5964031219482 26.6114273071289 26.6177234649658 26.6321105957031 26.6552600860596 26.6610107421875 26.667573928833 26.6769180297852 26.6931190490723 26.7038478851318 26.7056274414062 26.7110252380371 26.7203788757324 26.7155570983887 26.7176284790039 26.7321586608887 26.7417221069336 26.7523956298828 26.7570533752441 26.7597732543945 26.7658920288086 -9999 -9999 -9999 -9999 -9999 -9999 -9999 -9999 -9999 -9999 -9999 -9999 -9999 -9999 -9999 -9999 -9999 -9999 -9999 -9999 -9999 -9999 -9999 -9999 -9999 -9999 -9999 -9999 -9999 -9999 -9999
26.539363861084 26.5473155975342 26.5549411773682 26.5680084228516 26.5767402648926 26.5821571350098 26.6112766265869 26.6155242919922 26.6227359771729 26.6559543609619 26.6574649810791 26.6633834838867 26.6761779785156 26.6883087158203 26.695442199707 26.694543838501 26.6975746154785 26.7035675048828 26.7150115966797 26.7202072143555 26.7230625152588 26.7283687591553 26.7309856414795 -9999 -9999 -9999 -9999 -9999 -9999 -9999 -9999 -9999 -9999 -9999 -9999 -9999 -9999 -9999 -9999 -9999 -9999 -9999 -9999 -9999 -9999 -9999 -9999 -9999 -9999 -9999 -9999 -9999 -9999 -9999 -9999 -9999 -9999
26.5348491668701 26.5398826599121 26.5441303253174 26.5559825897217 26.5625400543213 26.5690326690674 26.5976142883301 26.6050205230713 26.6154499053955 26.6304702758789 26.647611618042 26.6508693695068 26.6627616882324 26.6727600097656 26.6692047119141 26.6766014099121 26.6764965057373 26.6792373657227 26.6892738342285 26.6874103546143 -9999 -9999 -9999 -9999 -9999 -9999 -9999 -9999 -9999 -9999 -9999 -9999 -9999 -9999 -9999 -9999 -9999 -9999 -9999 -9999 -9999 -9999 -9999 -9999 -9999 -9999 -9999 -9999 -9999 -9999 -9999 -9999 -9999 -9999 -9999 -9999 -9999
26.5416946411133 26.5403118133545 26.5484619140625 26.5525245666504 26.5518169403076 26.5685329437256 26.58984375 26.6016025543213 26.6125984191895 26.622371673584 26.6382026672363 26.6504039764404 26.6557540893555 26.661039352417 26.6665496826172 26.6683940887451 26.6638793945312 26.6722068786621 26.6764125823975 26.6672058105469 -9999 -9999 -9999 -9999 -9999 -9999 -9999 -9999 -9999 -9999 -9999 -9999 -9999 -9999 -9999 -9999 -9999 -9999 -9999 -9999 -9999 -9999 -9999 -9999 -9999 -9999 -9999 -9999 -9999 -9999 -9999 -9999 -9999 -9999 -9999 -9999 -9999
26.5607604980469 26.5559635162354 26.5515422821045 26.5580520629883 26.5583782196045 26.564661026001 26.5941352844238 26.6031131744385 26.6071472167969 26.6268768310547 26.6338500976562 26.6464080810547 26.657262802124 26.6529026031494 26.6651248931885 26.6676979064941 26.6683158874512 26.6683349609375 26.6700038909912 -9999 -9999 -9999 -9999 -9999 -9999 -9999 -9999 -9999 -9999 -9999 -9999 -9999 -9999 -9999 -9999 -9999 -9999 -9999 -9999 -9999 -9999 -9999 -9999 -9999 -9999 -9999 -9999 -9999 -9999 -9999 -9999 -9999 -9999 -9999 -9999 -9999 -9999
26.5893363952637 26.5666484832764 26.5574607849121 26.5618095397949 26.5607814788818 26.5711688995361 26.5760040283203 26.5984344482422 26.6104927062988 26.6264400482178 26.6322422027588 26.6379661560059 26.6498031616211 26.6516819000244 26.6612930297852 26.6632232666016 26.6619033813477 26.6569175720215 -9999 -9999 -9999 -9999 -9999 -9999 -9999 -9999 -9999 -9999 -9999 -9999 -9999 -9999 -9999 -9999 -9999 -9999 -9999 -9999 -9999 -9999 -9999 -9999 -9999 -9999 -9999 -9999 -9999 -9999 -9999 -9999 -9999 -9999 -9999 -9999 -9999 -9999 -9999
26.5822315216064 26.5600814819336 26.5619468688965 26.5589866638184 26.559383392334 26.5735912322998 26.5721626281738 26.5782470703125 26.6151142120361 26.6227436065674 26.6307315826416 26.6408004760742 26.6472644805908 26.6551361083984 26.6627445220947 26.6587905883789 26.6600074768066 -9999 -9999 -9999 -9999 -9999 -9999 -9999 -9999 -9999 -9999 -9999 -9999 -9999 -9999 -9999 -9999 -9999 -9999 -9999 -9999 -9999 -9999 -9999 -9999 -9999 -9999 -9999 -9999 -9999 -9999 -9999 -9999 -9999 -9999 -9999 -9999 -9999 -9999 -9999 -9999
26.5668182373047 26.5620937347412 26.560827255249 26.5656089782715 26.5643749237061 26.5702857971191 26.5760059356689 26.5915260314941 26.5993824005127 26.6289768218994 26.6329689025879 26.632532119751 26.6420078277588 26.6508331298828 26.6605186462402 26.6592330932617 26.6583309173584 -9999 -9999 -9999 -9999 -9999 -9999 -9999 -9999 -9999 -9999 -9999 -9999 -9999 -9999 -9999 -9999 -9999 -9999 -9999 -9999 -9999 -9999 -9999 -9999 -9999 -9999 -9999 -9999 -9999 -9999 -9999 -9999 -9999 -9999 -9999 -9999 -9999 -9999 -9999 -9999
26.5648040771484 26.5632438659668 26.567590713501 26.5712623596191 26.5701236724854 26.575267791748 26.5788555145264 26.5961570739746 26.6016178131104 26.6317825317383 26.6385841369629 26.6328296661377 26.6477375030518 26.6491928100586 26.6601371765137 26.660737991333 -9999 -9999 -9999 -9999 -9999 -9999 -9999 -9999 -9999 -9999 -9999 -9999 -9999 -9999 -9999 -9999 -9999 -9999 -9999 -9999 -9999 -9999 -9999 -9999 -9999 -9999 -9999 -9999 -9999 -9999 -9999 -9999 -9999 -9999 -9999 -9999 -9999 -9999 -9999 -9999 -9999
26.5595970153809 26.5657234191895 26.568380355835 26.5710334777832 26.5770435333252 26.5776748657227 26.5875797271729 26.6043796539307 26.6054611206055 26.6125583648682 26.639533996582 26.6340713500977 26.6450176239014 -9999 -9999 -9999 -9999 -9999 -9999 -9999 -9999 -9999 -9999 -9999 -9999 -9999 -9999 -9999 -9999 -9999 -9999 -9999 -9999 -9999 -9999 -9999 -9999 -9999 -9999 -9999 -9999 -9999 -9999 -9999 -9999 -9999 -9999 -9999 -9999 -9999 -9999 -9999 -9999 -9999 -9999 -9999 -9999
26.5566101074219 26.5636501312256 26.5671043395996 26.5702056884766 26.5717582702637 26.5775356292725 26.5894222259521 26.5961055755615 26.6030197143555 -9999 -9999 -9999 -9999 -9999 -9999 -9999 -9999 -9999 -9999 -9999 -9999 -9999 -9999 -9999 -9999 -9999 -9999 -9999 -9999 -9999 -9999 -9999 -9999 -9999 -9999 -9999 -9999 -9999 -9999 -9999 -9999 -9999 -9999 -9999 -9999 -9999 -9999 -9999 -9999 -9999 -9999 -9999 -9999 -9999 -9999 -9999 -9999
