G_variables/Set1/RCP4_2100/Min_tem_max.asc
NCOLS 229 
NROWS 147 
XLLCORNER -101.25 
YLLCORNER 14.3333333333333 
CELLSIZE 0.0833333333333333 
NODATA_value -9999 
[rows 104 to 129 of 147, columns 171 to 227 of 229]
3.72214460372925 3.65163946151733 3.61683940887451 3.6168749332428 3.61696362495422 3.61703205108643 3.65213465690613 3.7105119228363 3.74015808105469 3.80833196640015 3.84236741065979 3.82847881317139 4.29054689407349 4.22444248199463 3.71088123321533 3.72309350967407 3.7213568687439 3.72136735916138 3.72309494018555 3.5378897190094 3.61558818817139 3.70076656341553 3.64865326881409 3.50562191009521 3.49215650558472 3.50059914588928 3.50060319900513 3.50710582733154 3.50048041343689 3.50047421455383 3.46667122840881 3.46877312660217 3.4995698928833 3.4696249961853 2.83493638038635 2.85674333572388 2.18396615982056 2.18881344795227 2.85494327545166 3.70309281349182 3.65041971206665 3.50055599212646 3.53273010253906 3.49830317497253 3.49812769889832 3.46598720550537 2.93375158309937 3.50152587890625 3.53326034545898 3.53240823745728 3.61455798149109 3.53411197662354 3.61562085151672 3.58714008331299 3.52695870399475 3.65090274810791 -9999
3.72334051132202 3.65124416351318 3.65152072906494 3.65323066711426 3.61666989326477 3.61670637130737 3.6170015335083 3.76552271842957 3.89329886436462 3.89328169822693 3.86764788627625 3.74167776107788 3.61625146865845 3.72130656242371 3.74180126190186 3.72297310829163 3.58959412574768 3.53512930870056 3.53481364250183 3.53228616714478 3.72138547897339 3.70204472541809 3.61560344696045 3.50562310218811 3.50060296058655 3.5005624294281 3.50138521194458 3.50178289413452 3.49456787109375 3.50050282478333 3.46702647209167 3.46962022781372 3.46999311447144 2.85908842086792 2.85322570800781 3.46603059768677 2.81858444213867 2.994220495224 2.89492917060852 2.84706735610962 3.49328541755676 2.95718240737915 3.53173494338989 3.465980052948 2.82412052154541 2.61817836761475 2.23231291770935 3.4663233757019 3.48975110054016 2.85612010955811 3.49822354316711 2.94015502929688 3.46729946136475 3.52741169929504 3.53339910507202 3.58961248397827 3.71929311752319
3.7059166431427 3.65449285507202 3.65216374397278 3.72308039665222 3.71832776069641 3.71960186958313 3.6845281124115 3.73058819770813 3.86761212348938 3.86750483512878 3.89350748062134 3.61591839790344 3.61592149734497 3.72316527366638 3.89414048194885 3.71298861503601 3.54069566726685 3.53930330276489 3.53451085090637 3.5333468914032 3.54943656921387 3.53446412086487 3.50562334060669 3.50562310218811 3.50362777709961 3.50941753387451 3.5004780292511 3.50047850608826 3.46670293807983 3.46667337417603 3.46663403511047 3.46962285041809 3.4665994644165 3.46601009368896 3.46600580215454 3.46659088134766 2.81935143470764 2.81982707977295 2.93329954147339 2.88320398330688 2.24679493904114 2.27540278434753 2.84706616401672 2.94916224479675 2.2321515083313 2.24288392066956 2.2390878200531 2.56144618988037 2.90071654319763 2.22402834892273 2.23086094856262 2.90317702293396 3.05387783050537 3.4969310760498 3.49693012237549 3.52480816841125 3.55228781700134
3.72218132019043 3.65198349952698 3.65198564529419 3.70587062835693 3.71065282821655 3.71055316925049 3.71063780784607 3.71057391166687 3.709636926651 3.65338516235352 3.65348148345947 3.55014657974243 3.6170916557312 3.62081670761108 3.53897476196289 3.535475730896 3.53571844100952 3.53723788261414 3.53329515457153 3.5355339050293 3.53274655342102 3.50562310218811 3.50045657157898 3.50043749809265 3.50048756599426 3.50060343742371 3.4917893409729 3.49915051460266 3.47140789031982 3.46818590164185 3.46660852432251 3.46642756462097 3.46599459648132 3.46896028518677 3.53172659873962 3.61809372901917 3.5890781879425 3.53510546684265 3.5327422618866 3.49794578552246 2.92040252685547 2.92038488388062 3.46727871894836 2.18122363090515 2.22046303749084 2.22090888023376 2.22050285339355 2.22004079818726 2.22500681877136 3.09441423416138 3.5385901927948 3.7168116569519 3.65084552764893 3.72454595565796 3.75846409797668 3.70515990257263 3.75809168815613
3.7222056388855 3.72218656539917 3.7060489654541 3.65368151664734 3.65373635292053 3.65370202064514 3.65262484550476 3.61695122718811 3.59307932853699 3.5912721157074 3.54203939437866 3.5398907661438 3.61762857437134 3.61738514900208 3.5396773815155 3.55285573005676 3.53541874885559 3.53194952011108 3.53601741790771 3.53724813461304 3.53076124191284 3.50562286376953 3.5004575252533 3.49215912818909 3.50011587142944 3.5001106262207 3.49265503883362 3.49088644981384 3.50398445129395 3.4660062789917 3.49088716506958 3.53213882446289 3.53297352790833 3.53524470329285 3.73395037651062 3.71052384376526 3.84505414962769 4.04026317596436 4.23586320877075 3.71729564666748 3.70564436912537 3.7413125038147 3.75378060340881 3.53467226028442 3.46711206436157 2.22011065483093 3.40733027458191 3.53195905685425 3.71716690063477 3.74487447738647 3.75960946083069 3.75933170318604 3.74242782592773 3.74277091026306 -9999 -9999 -9999
3.72458744049072 3.72179794311523 3.72228455543518 3.72008562088013 3.72230529785156 3.72229290008545 3.65380716323853 3.65354609489441 3.59351134300232 3.59116387367249 3.54286885261536 3.54001021385193 3.61749291419983 3.61741828918457 3.54213428497314 3.53547644615173 3.53517866134644 3.55215978622437 3.55224871635437 3.4921567440033 3.50562143325806 3.50045847892761 3.50009179115295 3.5059187412262 3.49179196357727 3.49922227859497 3.50398421287537 3.4991774559021 3.50398445129395 3.53568768501282 3.70494031906128 3.72027254104614 3.73039841651917 4.03472423553467 5.3996753692627 30.0632190704346 31.0427856445312 31.0471477508545 15.4404535293579 4.67919397354126 4.18673229217529 3.82927465438843 3.70475840568542 3.71762228012085 3.65278697013855 3.72204637527466 3.70616769790649 3.69067001342773 3.74280500411987 3.83466958999634 3.85528993606567 3.83449459075928 -9999 -9999 -9999 -9999 -9999
3.72662138938904 3.72396993637085 3.72348427772522 3.72346019744873 3.72230434417725 3.72228908538818 3.65379738807678 3.65330791473389 3.59290552139282 3.54022765159607 3.53876662254333 3.53541898727417 3.53584599494934 3.53587746620178 3.53166103363037 3.53281211853027 3.53221035003662 3.55227613449097 3.5519392490387 3.49215793609619 3.50009393692017 3.49993777275085 3.5000205039978 3.50074362754822 3.49919128417969 3.49932312965393 3.53797507286072 3.59146881103516 3.65350794792175 3.69387316703796 3.73288726806641 4.03169775009155 4.75323438644409 11.129358291626 30.0490207672119 31.0394096374512 31.0430202484131 31.0484085083008 16.5023174285889 5.61782646179199 4.54961347579956 4.2386326789856 3.84835863113403 3.84919261932373 3.87852811813354 4.12690162658691 4.24641132354736 4.05624103546143 3.90850377082825 -9999 -9999 -9999 -9999 -9999 -9999 -9999 -9999
3.72665214538574 3.72366666793823 3.70910978317261 3.71110558509827 3.72231841087341 3.70748734474182 3.65382623672485 3.61817026138306 3.59105396270752 3.53975963592529 3.53908586502075 3.55290484428406 3.53571271896362 3.53558278083801 3.53231883049011 3.53286743164062 3.53082227706909 3.53244614601135 3.5052535533905 3.50008296966553 3.50009083747864 3.50189638137817 3.49907541275024 3.50524926185608 3.53431153297424 3.65537929534912 3.71926927566528 3.7245614528656 3.74009156227112 3.74421000480652 3.87058997154236 4.03132343292236 4.67090940475464 5.39296960830688 5.12928056716919 4.75476121902466 4.58565998077393 4.32117652893066 4.54817581176758 5.03323364257812 4.32462072372437 4.04365730285645 4.04477882385254 4.05042028427124 3.96916556358337 4.24589538574219 -9999 -9999 -9999 -9999 -9999 -9999 -9999 -9999 -9999 -9999 -9999
3.72672367095947 3.72064161300659 3.72356629371643 3.72364735603333 3.72242021560669 3.6558473110199 3.65482139587402 3.59510922431946 3.5907928943634 3.54049491882324 3.53855752944946 3.55285954475403 3.53572559356689 3.53734803199768 3.53356337547302 3.53244781494141 3.50525546073914 3.50008535385132 3.50017237663269 3.50050020217896 3.53249335289001 3.53304672241211 3.53857421875 3.65460467338562 3.7251341342926 3.7261209487915 3.73902320861816 3.72768974304199 3.70369815826416 3.71268439292908 3.7418007850647 3.74345850944519 3.74451971054077 4.03266286849976 4.38400459289551 4.58819103240967 4.54649019241333 4.11216115951538 4.04161357879639 3.83011078834534 3.8479962348938 3.95347356796265 4.19382286071777 4.24594020843506 -9999 -9999 -9999 -9999 -9999 -9999 -9999 -9999 -9999 -9999 -9999 -9999 -9999
3.71118402481079 3.71109986305237 3.72244024276733 3.65521597862244 3.65604543685913 3.65506815910339 3.6547064781189 3.59455370903015 3.54024171829224 3.5384349822998 3.5374231338501 3.53595900535583 3.53712940216064 3.53280687332153 3.4917938709259 3.50009036064148 3.50002408027649 3.49994659423828 3.50008320808411 3.53482389450073 3.6195216178894 3.72512698173523 3.72355484962463 3.72573733329773 3.72561836242676 3.73762178421021 3.71323418617249 3.72052717208862 3.73335075378418 3.68822550773621 4.09948968887329 4.03153371810913 4.28675079345703 6.57425260543823 7.17568206787109 5.12552642822266 4.39368391036987 4.18570470809937 4.04142999649048 3.95276045799255 4.24358987808228 -9999 -9999 -9999 -9999 -9999 -9999 -9999 -9999 -9999 -9999 -9999 -9999 -9999 -9999 -9999 -9999
3.71116304397583 3.71122932434082 3.72242951393127 3.72241687774658 3.65519094467163 3.65579223632812 3.62087249755859 3.59227514266968 3.53974437713623 3.53740525245667 3.53372192382812 3.53335285186768 3.53558540344238 3.49179172515869 3.50008916854858 3.50007700920105 3.50003504753113 3.50525546073914 3.59308242797852 3.6552631855011 3.72335481643677 3.73314785957336 3.73777365684509 3.72425937652588 3.73767828941345 3.73482275009155 3.96208953857422 3.89725828170776 4.53258657455444 5.02039003372192 5.12620544433594 6.01384019851685 5.12407112121582 5.12497329711914 4.54258251190186 4.3191704750061 4.29561710357666 4.32067489624023 4.11196756362915 -9999 -9999 -9999 -9999 -9999 -9999 -9999 -9999 -9999 -9999 -9999 -9999 -9999 -9999 -9999 -9999 -9999 -9999
3.71118974685669 3.72381091117859 3.72543668746948 3.72218203544617 3.65707087516785 3.65668225288391 3.62541794776917 3.539874792099 3.5358259677887 3.53924584388733 3.53517389297485 3.50525546073914 3.50009226799011 3.50008845329285 3.49997925758362 3.50330758094788 3.50014042854309 3.55150365829468 3.65530204772949 3.72674679756165 3.72123718261719 3.72647142410278 3.71404123306274 3.7435941696167 3.89928507804871 4.21899604797363 4.28592014312744 5.12503480911255 5.3807373046875 5.81121110916138 5.38601684570312 5.27605819702148 4.54060840606689 4.22943544387817 4.31650876998901 4.75026416778564 -9999 -9999 -9999 -9999 -9999 -9999 -9999 -9999 -9999 -9999 -9999 -9999 -9999 -9999 -9999 -9999 -9999 -9999 -9999 -9999 -9999
3.71117854118347 3.72377157211304 3.72340035438538 3.72385954856873 3.65688419342041 3.62269282341003 3.59351992607117 3.53866481781006 3.54131507873535 3.53585958480835 3.53491616249084 3.50007104873657 3.50025987625122 3.4941987991333 3.50525546073914 3.65737199783325 3.72539234161377 3.72108578681946 3.90042281150818 4.28664064407349 3.96463108062744 4.02991771697998 4.17163515090942 4.03051424026489 4.30819749832153 4.53616046905518 4.70042037963867 5.12518787384033 5.5702166557312 5.38907384872437 4.74669408798218 4.54027557373047 4.22888946533203 -9999 -9999 -9999 -9999 -9999 -9999 -9999 -9999 -9999 -9999 -9999 -9999 -9999 -9999 -9999 -9999 -9999 -9999 -9999 -9999 -9999 -9999 -9999 -9999
3.72474455833435 3.72397804260254 3.72260212898254 3.72307014465332 3.65638136863708 3.62385630607605 3.5400755405426 3.5386528968811 3.53531837463379 3.50207662582397 3.5001232624054 3.46945595741272 3.53987622261047 3.71644043922424 3.81525492668152 5.01990413665771 5.36846256256104 4.93363666534424 5.86044645309448 7.85006809234619 7.08291816711426 6.10596036911011 6.10702228546143 5.12114906311035 5.01663160324097 4.74581670761108 4.53588151931763 4.53793907165527 4.29132556915283 4.29201507568359 4.17682695388794 -9999 -9999 -9999 -9999 -9999 -9999 -9999 -9999 -9999 -9999 -9999 -9999 -9999 -9999 -9999 -9999 -9999 -9999 -9999 -9999 -9999 -9999 -9999 -9999 -9999 -9999
3.72389626502991 3.72312569618225 3.65800595283508 3.6573646068573 3.60574412345886 3.53872299194336 3.53508996963501 3.50019335746765 2.838214635849 3.53880143165588 3.72250437736511 4.03350591659546 5.12058305740356 5.57901906967163 6.50086545944214 6.49748992919922 6.10596895217896 5.01454973220825 6.09656238555908 7.85479211807251 7.08629131317139 5.86553573608398 6.10494184494019 5.57030057907104 5.12419128417969 5.35684633255005 5.12351036071777 4.38621187210083 -9999 -9999 -9999 -9999 -9999 -9999 -9999 -9999 -9999 -9999 -9999 -9999 -9999 -9999 -9999 -9999 -9999 -9999 -9999 -9999 -9999 -9999 -9999 -9999 -9999 -9999 -9999 -9999 -9999
3.72435164451599 3.65788793563843 3.60730671882629 3.59347558021545 3.59350109100342 3.59504175186157 3.53943943977356 3.65805244445801 3.72410583496094 4.53725671768188 5.27847719192505 5.22943830490112 6.12211847305298 5.69550800323486 7.0977258682251 7.8897533416748 7.08580303192139 6.50987672805786 7.10567712783813 7.88108396530151 6.57007598876953 7.0788106918335 5.57042837142944 5.378586769104 4.53616762161255 5.12389278411865 -9999 -9999 -9999 -9999 -9999 -9999 -9999 -9999 -9999 -9999 -9999 -9999 -9999 -9999 -9999 -9999 -9999 -9999 -9999 -9999 -9999 -9999 -9999 -9999 -9999 -9999 -9999 -9999 -9999 -9999 -9999
3.72309923171997 3.62359046936035 3.65899586677551 3.7021689414978 3.72181630134583 3.69332122802734 3.73660969734192 4.11008501052856 5.83862781524658 8.98847579956055 7.94693899154663 7.90123224258423 30.2478523254395 31.2568645477295 31.2410202026367 31.1546401977539 6.51242208480835 6.51722717285156 8.95355319976807 9.63672637939453 9.698805809021 9.66061878204346 5.87291765213013 -9999 -9999 -9999 -9999 -9999 -9999 -9999 -9999 -9999 -9999 -9999 -9999 -9999 -9999 -9999 -9999 -9999 -9999 -9999 -9999 -9999 -9999 -9999 -9999 -9999 -9999 -9999 -9999 -9999 -9999 -9999 -9999 -9999 -9999
3.71683025360107 3.62336874008179 3.65930962562561 3.72164130210876 3.95388531684875 6.55779361724854 30.8761940002441 31.3131275177002 31.3233604431152 31.3165340423584 31.2909507751465 25.2589168548584 31.2765331268311 31.2748718261719 31.2704010009766 25.263334274292 7.10583162307739 6.51331615447998 5.95761775970459 5.68479013442993 -9999 -9999 -9999 -9999 -9999 -9999 -9999 -9999 -9999 -9999 -9999 -9999 -9999 -9999 -9999 -9999 -9999 -9999 -9999 -9999 -9999 -9999 -9999 -9999 -9999 -9999 -9999 -9999 -9999 -9999 -9999 -9999 -9999 -9999 -9999 -9999 -9999
3.74514317512512 3.77466678619385 3.71255016326904 3.79522371292114 31.2577781677246 31.3752384185791 31.3701019287109 31.3747806549072 31.3571662902832 31.326789855957 31.3573684692383 24.4087047576904 31.2988033294678 31.3057613372803 19.8733329772949 9.84844970703125 7.12956571578979 5.96594381332397 5.68421173095703 5.68434143066406 -9999 -9999 -9999 -9999 -9999 -9999 -9999 -9999 -9999 -9999 -9999 -9999 -9999 -9999 -9999 -9999 -9999 -9999 -9999 -9999 -9999 -9999 -9999 -9999 -9999 -9999 -9999 -9999 -9999 -9999 -9999 -9999 -9999 -9999 -9999 -9999 -9999
4.54932260513306 4.04800081253052 4.54658603668213 12.4265394210815 31.4197959899902 31.4079303741455 31.4012546539307 9.86192607879639 8.00876331329346 5.14042949676514 5.1357889175415 5.03227949142456 5.59776306152344 6.58623933792114 8.89017391204834 17.9254493713379 17.8939590454102 7.96415328979492 5.69019603729248 -9999 -9999 -9999 -9999 -9999 -9999 -9999 -9999 -9999 -9999 -9999 -9999 -9999 -9999 -9999 -9999 -9999 -9999 -9999 -9999 -9999 -9999 -9999 -9999 -9999 -9999 -9999 -9999 -9999 -9999 -9999 -9999 -9999 -9999 -9999 -9999 -9999 -9999
7.33727359771729 11.1769685745239 18.0680980682373 14.9612054824829 31.1024932861328 9.11704635620117 5.40352392196655 5.28790616989136 5.61102390289307 5.72358703613281 7.98757791519165 19.9257392883301 30.6975708007812 30.5869903564453 30.288537979126 31.1221466064453 30.280876159668 29.9096565246582 -9999 -9999 -9999 -9999 -9999 -9999 -9999 -9999 -9999 -9999 -9999 -9999 -9999 -9999 -9999 -9999 -9999 -9999 -9999 -9999 -9999 -9999 -9999 -9999 -9999 -9999 -9999 -9999 -9999 -9999 -9999 -9999 -9999 -9999 -9999 -9999 -9999 -9999 -9999
31.4667301177979 31.446741104126 28.2798805236816 11.1066484451294 11.0849084854126 11.0383605957031 8.92602348327637 16.0264339447021 30.4865627288818 31.1164951324463 31.198823928833 31.22825050354 31.2875881195068 30.9355888366699 30.520565032959 30.3268260955811 30.5276126861572 -9999 -9999 -9999 -9999 -9999 -9999 -9999 -9999 -9999 -9999 -9999 -9999 -9999 -9999 -9999 -9999 -9999 -9999 -9999 -9999 -9999 -9999 -9999 -9999 -9999 -9999 -9999 -9999 -9999 -9999 -9999 -9999 -9999 -9999 -9999 -9999 -9999 -9999 -9999 -9999
31.4716682434082 31.4941329956055 30.7394962310791 31.2601432800293 30.9175224304199 31.5514698028564 31.3740978240967 30.9185199737549 31.2550010681152 31.1961975097656 31.246166229248 31.3959560394287 31.388671875 31.3706493377686 31.3192176818848 31.2735614776611 31.174674987793 -9999 -9999 -9999 -9999 -9999 -9999 -9999 -9999 -9999 -9999 -9999 -9999 -9999 -9999 -9999 -9999 -9999 -9999 -9999 -9999 -9999 -9999 -9999 -9999 -9999 -9999 -9999 -9999 -9999 -9999 -9999 -9999 -9999 -9999 -9999 -9999 -9999 -9999 -9999 -9999
31.428201675415 31.4961109161377 31.2505531311035 31.3402729034424 31.4441871643066 31.4720592498779 31.4661922454834 31.327241897583 31.2673072814941 31.2123336791992 31.4486827850342 31.3956165313721 31.3980751037598 31.3846054077148 31.3518104553223 31.3336563110352 -9999 -9999 -9999 -9999 -9999 -9999 -9999 -9999 -9999 -9999 -9999 -9999 -9999 -9999 -9999 -9999 -9999 -9999 -9999 -9999 -9999 -9999 -9999 -9999 -9999 -9999 -9999 -9999 -9999 -9999 -9999 -9999 -9999 -9999 -9999 -9999 -9999 -9999 -9999 -9999 -9999
31.2981948852539 31.2989521026611 31.27956199646 31.3781871795654 31.4479103088379 31.4657535552979 31.5012588500977 31.4382095336914 31.4691104888916 31.4541149139404 31.4445667266846 31.4295787811279 31.39231300354 -9999 -9999 -9999 -9999 -9999 -9999 -9999 -9999 -9999 -9999 -9999 -9999 -9999 -9999 -9999 -9999 -9999 -9999 -9999 -9999 -9999 -9999 -9999 -9999 -9999 -9999 -9999 -9999 -9999 -9999 -9999 -9999 -9999 -9999 -9999 -9999 -9999 -9999 -9999 -9999 -9999 -9999 -9999 -9999
31.5015602111816 31.5067119598389 31.5003604888916 31.4985065460205 31.5019512176514 31.490306854248 31.4864749908447 31.4858722686768 31.473804473877 -9999 -9999 -9999 -9999 -9999 -9999 -9999 -9999 -9999 -9999 -9999 -9999 -9999 -9999 -9999 -9999 -9999 -9999 -9999 -9999 -9999 -9999 -9999 -9999 -9999 -9999 -9999 -9999 -9999 -9999 -9999 -9999 -9999 -9999 -9999 -9999 -9999 -9999 -9999 -9999 -9999 -9999 -9999 -9999 -9999 -9999 -9999 -9999
