G_variables/Set1/RCP4_2100/Min_tem_max.asc
NCOLS 229 
NROWS 147 
XLLCORNER -101.25 
YLLCORNER 14.3333333333333 
CELLSIZE 0.0833333333333333 
NODATA_value -9999 
[rows 0 to 25 of 147, columns 114 to 170 of 229]
-9999 -9999 -9999 -9999 -9999 -9999 -9999 -9999 -9999 -9999 -9999 -9999 -9999 -9999 -9999 -9999 -9999 -9999 -9999 -9999 -9999 -9999 -9999 -9999 -9999 -9999 -9999 -9999 -9999 -9999 -9999 -9999 -9999 -9999 -9999 -9999 -9999 -9999 -9999 -9999 -9999 -9999 -9999 -9999 -9999 -9999 -9999 -9999 -9999 -9999 -9999 -9999 -9999 -9999 -9999 -9999 -9999
-9999 -9999 -9999 -9999 -9999 -9999 -9999 -9999 -9999 -9999 -9999 -9999 -9999 -9999 -9999 -9999 -9999 -9999 -9999 -9999 -9999 -9999 -9999 -9999 -9999 -9999 -9999 -9999 -9999 -9999 -9999 -9999 -9999 -9999 -9999 -9999 -9999 -9999 -9999 -9999 -9999 -9999 -9999 -9999 -9999 -9999 -9999 -9999 -9999 -9999 -9999 -9999 -9999 -9999 -9999 -9999 -9999
-9999 -9999 -9999 -9999 -9999 -9999 -9999 -9999 -9999 -9999 -9999 -9999 -9999 -9999 -9999 -9999 -9999 -9999 -9999 -9999 -9999 -9999 -9999 -9999 -9999 -9999 -9999 -9999 -9999 -9999 -9999 -9999 -9999 -9999 -9999 -9999 -9999 -9999 -9999 -9999 -9999 -9999 -9999 -9999 -9999 -9999 -9999 -9999 -9999 -9999 -9999 -9999 -9999 -9999 -9999 -9999 3.98793625831604
-9999 -9999 -9999 -9999 -9999 -9999 -9999 -9999 -9999 -9999 -9999 -9999 -9999 -9999 -9999 -9999 -9999 -9999 -9999 -9999 -9999 -9999 -9999 -9999 -9999 -9999 -9999 -9999 -9999 -9999 -9999 -9999 -9999 -9999 -9999 -9999 -9999 -9999 -9999 -9999 -9999 -9999 -9999 -9999 -9999 -9999 -9999 -9999 -9999 -9999 -9999 -9999 -9999 -9999 3.98805451393127 3.98792099952698 3.9879355430603
-9999 -9999 -9999 -9999 -9999 -9999 -9999 -9999 -9999 -9999 -9999 -9999 -9999 -9999 -9999 -9999 -9999 -9999 -9999 -9999 -9999 -9999 -9999 -9999 -9999 -9999 -9999 -9999 -9999 -9999 -9999 -9999 -9999 -9999 -9999 -9999 -9999 -9999 -9999 -9999 -9999 -9999 -9999 -9999 -9999 -9999 -9999 -9999 -9999 -9999 -9999 -9999 -9999 3.98832225799561 3.98820018768311 3.98817420005798 4.00291728973389
-9999 -9999 -9999 -9999 -9999 -9999 -9999 -9999 -9999 -9999 -9999 -9999 -9999 -9999 -9999 -9999 -9999 -9999 -9999 -9999 -9999 -9999 -9999 -9999 -9999 -9999 -9999 -9999 -9999 -9999 -9999 -9999 -9999 -9999 -9999 -9999 -9999 -9999 -9999 -9999 -9999 -9999 -9999 -9999 -9999 -9999 -9999 -9999 -9999 -9999 -9999 3.98807406425476 3.98792195320129 4.0029239654541 4.00292444229126 4.00264930725098 4.00311756134033
-9999 -9999 -9999 -9999 -9999 -9999 -9999 -9999 -9999 -9999 -9999 -9999 -9999 -9999 -9999 -9999 -9999 -9999 -9999 -9999 -9999 -9999 -9999 -9999 -9999 -9999 -9999 -9999 -9999 -9999 -9999 -9999 -9999 -9999 -9999 -9999 -9999 -9999 -9999 -9999 -9999 -9999 -9999 -9999 -9999 -9999 -9999 -9999 -9999 -9999 3.98821353912354 4.00284385681152 4.00253105163574 4.00311517715454 4.00282669067383 4.00144863128662 4.00287199020386
-9999 -9999 -9999 -9999 -9999 -9999 -9999 -9999 -9999 -9999 -9999 -9999 -9999 -9999 -9999 -9999 -9999 -9999 -9999 -9999 -9999 -9999 -9999 -9999 -9999 -9999 -9999 -9999 -9999 -9999 -9999 -9999 -9999 -9999 -9999 -9999 -9999 -9999 -9999 -9999 -9999 -9999 -9999 -9999 -9999 -9999 -9999 -9999 4.00330209732056 4.00281763076782 4.00364875793457 4.00212383270264 4.00276279449463 4.00308561325073 4.00292491912842 4.00328874588013 4.00324153900146
-9999 -9999 -9999 -9999 -9999 -9999 -9999 -9999 -9999 -9999 -9999 -9999 -9999 -9999 -9999 -9999 -9999 -9999 -9999 -9999 -9999 -9999 -9999 -9999 -9999 -9999 -9999 -9999 -9999 -9999 -9999 -9999 -9999 -9999 -9999 -9999 -9999 -9999 -9999 -9999 -9999 -9999 -9999 -9999 -9999 -9999 -9999 4.00386142730713 4.00333118438721 4.00376033782959 4.00318431854248 4.00321626663208 4.00349855422974 4.00336885452271 4.00301599502563 4.0032901763916 4.00374221801758
-9999 -9999 -9999 -9999 -9999 -9999 -9999 -9999 -9999 -9999 -9999 -9999 -9999 -9999 -9999 -9999 -9999 -9999 -9999 -9999 -9999 -9999 -9999 -9999 -9999 -9999 -9999 -9999 -9999 -9999 -9999 -9999 -9999 -9999 -9999 -9999 -9999 -9999 -9999 -9999 -9999 -9999 -9999 4.00539875030518 4.00445604324341 4.00359869003296 4.00408697128296 4.003577709198 4.00321483612061 4.00379514694214 4.00347185134888 4.00357866287231 4.00344944000244 4.00325202941895 4.00232744216919 4.0028510093689 4.00287103652954
3.99584889411926 4.00988674163818 4.0093879699707 3.99848532676697 4.00963640213013 4.01021480560303 -9999 -9999 -9999 -9999 -9999 -9999 -9999 -9999 -9999 -9999 -9999 -9999 -9999 -9999 -9999 -9999 -9999 -9999 -9999 -9999 -9999 -9999 -9999 -9999 -9999 -9999 -9999 -9999 -9999 -9999 -9999 -9999 -9999 4.00705194473267 4.00710535049438 4.00655126571655 4.00600719451904 4.00606203079224 4.00546216964722 4.00414514541626 4.00475215911865 4.00414800643921 4.00430774688721 4.00344657897949 4.00282859802246 3.99601769447327 3.99583959579468 4.00299263000488 4.00543260574341 4.00521612167358 4.00286531448364
4.00986528396606 4.009765625 4.00908756256104 4.00427055358887 4.00953102111816 4.01015758514404 4.01043939590454 4.0101375579834 4.01014518737793 4.01255989074707 4.01265525817871 4.00993728637695 4.01261615753174 4.01227521896362 -9999 -9999 -9999 -9999 -9999 -9999 -9999 -9999 -9999 -9999 -9999 -9999 -9999 -9999 -9999 -9999 -9999 -9999 -9999 -9999 -9999 -9999 4.00714206695557 4.00747346878052 4.0080623626709 4.0078649520874 4.00762414932251 4.00638294219971 4.00678443908691 4.00683546066284 4.00536251068115 4.00514602661133 4.00580167770386 4.00381994247437 4.00303220748901 4.00294733047485 4.00593042373657 4.00592041015625 4.00547742843628 4.00588274002075 4.00561428070068 4.00552988052368 4.00561237335205
4.00997543334961 4.01017093658447 4.0046534538269 4.00792455673218 4.01070737838745 4.01088619232178 4.01076221466064 4.01187467575073 4.01055812835693 4.01255989074707 4.01701927185059 4.01689004898071 4.01697874069214 4.01663780212402 4.01701307296753 4.01700639724731 4.01027727127075 -9999 4.01156759262085 4.01020956039429 4.01007699966431 4.0098729133606 4.00998115539551 4.00956153869629 4.00984621047974 4.01004266738892 4.01003170013428 4.00997114181519 4.00968980789185 4.01020812988281 4.01012325286865 4.01054811477661 4.01053380966187 4.01034498214722 4.0094895362854 4.00462675094604 4.00854444503784 4.00721645355225 4.00766515731812 4.00806713104248 4.00800943374634 4.00773811340332 4.00389909744263 4.00288009643555 4.00367164611816 4.00378751754761 4.0029616355896 4.00558471679688 4.0070219039917 4.00405263900757 4.00611400604248 4.00625133514404 4.00565767288208 4.00592708587646 4.00552797317505 4.00582075119019 4.00582408905029
4.01049661636353 4.006676197052 3.9963231086731 4.01046371459961 4.01178932189941 4.01155614852905 4.01215982437134 4.01170825958252 4.0110764503479 4.01731967926025 4.01701831817627 4.01740121841431 4.01717138290405 4.01701164245605 4.01725482940674 4.01720952987671 4.0170373916626 4.01043558120728 4.01027250289917 4.01037836074829 4.01061010360718 4.0110034942627 4.01077508926392 4.01120710372925 4.01076555252075 4.01146507263184 4.01175832748413 4.01155996322632 4.01162099838257 4.01120376586914 4.01101207733154 4.01203012466431 4.01065111160278 4.01049423217773 4.01086950302124 4.00976371765137 4.00979042053223 4.0093994140625 4.00940036773682 4.00951957702637 4.0088210105896 4.00845241546631 4.00813150405884 4.00818920135498 4.00755929946899 4.00671052932739 4.00692653656006 4.00731039047241 4.00735569000244 4.00641441345215 4.00637674331665 4.0059494972229 4.00569581985474 4.00595569610596 4.00572681427002 4.00586462020874 4.00610637664795
4.00745820999146 4.00935029983521 4.01259088516235 4.01324224472046 4.01210165023804 4.0116605758667 4.01169586181641 4.01170778274536 4.01291418075562 4.01731824874878 4.01770067214966 4.01740074157715 4.01717138290405 4.01733636856079 4.01782131195068 4.00845766067505 4.01731109619141 4.01717233657837 4.01309490203857 4.01102685928345 4.01178121566772 4.01163911819458 4.01131296157837 4.01208686828613 4.01140308380127 4.01144552230835 4.01204490661621 4.01169013977051 4.0115818977356 4.01199865341187 4.01148891448975 4.0120210647583 4.01155519485474 4.01155138015747 4.01164722442627 4.00996732711792 4.00990056991577 4.00957822799683 4.01053714752197 4.00965261459351 4.00908279418945 4.00933122634888 4.00856065750122 4.00945711135864 4.00803661346436 4.00769376754761 4.00791931152344 4.00741291046143 4.00745010375977 4.00645065307617 4.00647068023682 4.00638294219971 4.00605344772339 4.0059871673584 4.00597715377808 4.00584316253662 4.00609302520752
4.01276254653931 4.01345205307007 4.01355409622192 4.01378631591797 4.0139594078064 4.01461219787598 4.01439237594604 4.01452159881592 4.01952886581421 4.01959180831909 4.01823997497559 4.01740026473999 4.01745414733887 4.01281261444092 4.01294660568237 4.01300096511841 4.0127911567688 4.0174355506897 4.01745462417603 4.01716661453247 4.0178050994873 4.0176944732666 4.01748991012573 4.01325988769531 4.01321887969971 4.0132794380188 4.01261138916016 4.01247406005859 4.01242256164551 4.01242637634277 4.01213121414185 4.0121922492981 4.01219320297241 4.01154613494873 4.01186800003052 4.01103544235229 4.01045179367065 4.01118946075439 4.01072311401367 4.01072692871094 4.01039695739746 4.0103964805603 4.01000356674194 4.00978469848633 4.00899600982666 4.00797700881958 4.00842380523682 4.00759935379028 4.00711584091187 4.00678205490112 4.00648212432861 4.00632667541504 4.00602865219116 4.00606632232666 4.00585031509399 4.00610446929932 4.00610446929932
4.01432991027832 4.01477146148682 4.01632785797119 4.01443004608154 4.01445198059082 4.014732837677 4.01496458053589 4.01367092132568 4.01975536346436 4.01981639862061 4.01965951919556 4.01980400085449 4.01464891433716 4.01376819610596 4.01398944854736 4.01432180404663 4.01417112350464 4.01003217697144 4.01301574707031 4.01766681671143 4.01780462265015 4.01769304275513 4.01748943328857 4.01800489425659 4.01804733276367 4.01580190658569 4.01662683486938 4.01410484313965 4.01426362991333 4.01311492919922 4.01299095153809 4.01463556289673 4.01715660095215 4.01263284683228 4.01463603973389 4.01463651657104 4.0146369934082 4.01204681396484 4.01807975769043 4.01807975769043 4.0183572769165 4.01862525939941 4.01665258407593 4.00976705551147 4.009765625 4.00837230682373 4.00852108001709 4.00830936431885 4.00734090805054 4.00668334960938 4.00642204284668 4.00658559799194 4.00664854049683 4.00630712509155 4.00584745407104 4.00609254837036 4.00613927841187
4.01494741439819 4.01509857177734 4.01493787765503 4.01479625701904 4.01987409591675 4.01996374130249 4.02002716064453 4.01985359191895 4.01994323730469 4.02012252807617 4.0198278427124 4.01980447769165 4.01517915725708 4.01542329788208 4.01566743850708 4.01576232910156 4.01569890975952 4.01032066345215 4.01449584960938 4.01944446563721 4.01904630661011 4.01916790008545 4.01914644241333 4.01925802230835 4.01933097839355 4.01833391189575 4.0184497833252 4.01678371429443 4.01678371429443 4.01678466796875 4.01723909378052 4.01728057861328 4.01728057861328 4.01728057861328 4.01379776000977 4.01782512664795 4.01782512664795 4.01807928085327 4.01807928085327 4.0186243057251 4.01890230178833 4.01665258407593 4.01024341583252 4.01690769195557 4.01004076004028 4.00933074951172 4.00930309295654 4.00790643692017 4.00825071334839 4.00735235214233 4.00658178329468 4.00645112991333 4.00665807723999 4.00678825378418 4.00582599639893 4.00614309310913 4.00615262985229
4.02192687988281 4.02195310592651 4.02191209793091 4.02163553237915 4.02199172973633 4.02178907394409 4.0201621055603 4.02063417434692 4.02034044265747 4.02036809921265 4.01588344573975 4.01567268371582 4.01590156555176 4.0165433883667 4.01630258560181 4.01652812957764 4.01633977890015 4.01630544662476 4.01627159118652 4.0145411491394 4.01387071609497 4.0144157409668 4.01461744308472 4.0190954208374 4.01457262039185 4.01950454711914 4.01913642883301 4.01922225952148 4.01972103118896 4.01972103118896 4.01835441589355 4.01868534088135 4.01728010177612 4.01728010177612 4.01530599594116 4.01837015151978 4.01837015151978 4.0186243057251 4.0186243057251 4.01890230178833 4.01890230178833 4.01917028427124 4.01917028427124 4.01690912246704 4.0107684135437 4.01017665863037 4.00930738449097 4.00818157196045 4.00359153747559 3.99805641174316 4.00743246078491 4.00657749176025 4.00636577606201 4.0068473815918 4.00610303878784 4.00615787506104 4.00633430480957
4.02275991439819 4.02266979217529 4.02215623855591 4.0221586227417 4.02250576019287 4.02223539352417 4.02231979370117 4.01904439926147 4.01822185516357 4.01631784439087 4.01651525497437 4.01627492904663 4.01650619506836 4.01650667190552 4.01641321182251 4.01702690124512 4.01717329025269 4.01677322387695 4.01664638519287 4.02205467224121 4.02215909957886 4.01741170883179 4.01996755599976 4.019446849823 4.01972913742065 4.01495933532715 4.01201963424683 4.02085828781128 4.02085828781128 4.02113676071167 4.02113676071167 4.021409034729 4.0216817855835 4.02172422409058 4.01927375793457 4.01927375793457 4.01927328109741 4.01952791213989 4.0186243057251 4.01890230178833 4.01917028427124 3.99965763092041 4.0110764503479 4.00352573394775 4.03747892379761 4.00783634185791 4.0141806602478 4.01315927505493 4.03738307952881 4.03218650817871 4.01294040679932 4.00782871246338 4.00628662109375 4.00649547576904 4.0064263343811 4.00675201416016 4.00693511962891
4.01810836791992 4.01841497421265 4.01907682418823 4.01915073394775 4.01937198638916 4.01895666122437 4.01908826828003 4.01938724517822 4.01916790008545 4.01936101913452 4.01965188980103 4.02391004562378 4.0228705406189 4.0176362991333 4.01792860031128 4.01882696151733 4.01787042617798 4.01778793334961 4.01785516738892 4.02230167388916 4.02237606048584 4.0179386138916 4.02099800109863 4.02109432220459 4.02223348617554 4.01807451248169 4.01680994033813 4.01669502258301 4.01685810089111 4.01688671112061 4.01715612411499 4.02168226242065 4.02168273925781 4.02172374725342 4.02172422409058 4.02172374725342 4.0217490196228 4.0217490196228 4.0217490196228 4.01921844482422 4.05679702758789 4.08732032775879 4.08087396621704 4.02080249786377 4.06420230865479 4.05898666381836 4.05587387084961 4.10256004333496 4.10331869125366 4.08554840087891 4.04772758483887 4.07897567749023 4.01031303405762 4.0093469619751 4.00648880004883 4.00668478012085 4.00692129135132
4.02145481109619 4.02123260498047 4.0216121673584 4.01983404159546 4.01966190338135 4.02008533477783 4.01995277404785 4.01986360549927 4.01984071731567 4.02466917037964 4.02290916442871 4.02374982833862 4.02337074279785 4.02251291275024 4.02262258529663 4.02142095565796 4.0248122215271 4.01843786239624 4.01842498779297 4.01433563232422 4.0187406539917 4.01867055892944 4.0232982635498 4.02284812927246 4.01436614990234 4.01436042785645 4.01922845840454 4.01924753189087 4.01944828033447 4.01944541931152 4.01944017410278 4.02395725250244 4.02395725250244 4.01721239089966 4.01697683334351 4.02149486541748 4.0217490196228 4.0217490196228 4.02202033996582 4.0487847328186 4.10422420501709 4.28665494918823 4.23742532730103 4.11497783660889 4.0890531539917 4.09010744094849 4.14385366439819 4.24123287200928 4.24178457260132 4.14718770980835 4.14766693115234 4.09199953079224 4.08729648590088 4.07833337783813 4.07873010635376 4.00465631484985 4.00367736816406
4.02439498901367 4.02405214309692 4.02285575866699 4.02265357971191 4.02367353439331 4.02462148666382 4.02246141433716 4.02041912078857 4.02427911758423 4.02300882339478 4.02301263809204 4.02343654632568 4.0235424041748 4.02303218841553 2.86326026916504 4.02327680587769 4.02472114562988 4.02160358428955 4.02165126800537 4.02135133743286 4.01921510696411 4.01910924911499 4.01913118362427 4.02014493942261 4.01988220214844 4.01979112625122 4.0195779800415 4.01960134506226 4.01945543289185 4.019446849823 4.0194411277771 4.01944208145142 4.01944971084595 4.01945972442627 4.01949739456177 4.01950883865356 4.02425241470337 4.02425336837769 4.03364753723145 4.10600614547729 4.25203943252563 4.28558778762817 4.28684425354004 4.23902034759521 4.14439010620117 4.14497518539429 4.25315141677856 4.40730571746826 4.25752449035645 4.1481032371521 4.21349763870239 4.21617317199707 4.20030212402344 4.15105056762695 4.09267330169678 4.08962821960449 4.11076164245605
4.0237135887146 4.02409934997559 4.02423429489136 4.02510690689087 4.02893209457397 4.02594947814941 4.02554273605347 4.02545261383057 4.02348327636719 4.02440929412842 4.02452898025513 4.0229024887085 4.02323341369629 4.02325820922852 3.97875738143921 4.0238356590271 4.02240943908691 4.02278900146484 4.02287769317627 4.02203559875488 4.02250671386719 4.02563953399658 4.02197885513306 4.02197551727295 4.02038288116455 4.0202112197876 4.01989555358887 4.01992607116699 4.01974725723267 4.01552057266235 4.01974582672119 4.01980257034302 4.01985263824463 4.01989078521729 4.01984024047852 4.01985549926758 4.01972484588623 4.02484035491943 4.1884331703186 4.28527069091797 4.40450143814087 4.50193405151367 4.50102233886719 4.24120855331421 4.40331697463989 4.8834753036499 4.53833246231079 4.5066294670105 4.41066932678223 4.41173791885376 4.41581583023071 4.2990870475769 4.26667308807373 4.25770235061646 4.14943075180054 4.22129249572754 4.26183128356934
4.02456521987915 4.02494335174561 4.02468013763428 4.0242805480957 4.02517461776733 4.0251932144165 4.02538919448853 4.02578830718994 4.0259952545166 4.02415132522583 4.02456092834473 4.0246467590332 4.0246467590332 4.02478075027466 4.02488279342651 4.02392339706421 4.02473592758179 4.02344703674316 4.02350187301636 4.02384233474731 4.02424097061157 4.02476167678833 4.02299165725708 4.02271413803101 4.02220439910889 4.02197647094727 4.02189683914185 4.02040815353394 4.02462673187256 4.02462768554688 4.0246262550354 4.0201473236084 4.02014780044556 4.02367162704468 4.02063512802124 4.02031660079956 4.02021026611328 4.0251932144165 4.18835783004761 4.40528869628906 4.57653570175171 4.57614469528198 6.50300741195679 7.53223037719727 6.539870262146 4.61344623565674 4.88965225219727 4.89200925827026 4.90078830718994 4.62017583847046 4.59432888031006 4.46536684036255 4.42387104034424 4.30390071868896 4.30386972427368 4.30542325973511 4.36362600326538
4.02479314804077 4.02501153945923 4.02486324310303 4.02497005462646 4.02529048919678 4.02519416809082 4.02543115615845 4.02583932876587 4.02596855163574 4.02632570266724 4.02650213241577 4.02467441558838 4.0247917175293 4.0248064994812 4.0248589515686 4.02514123916626 4.02672863006592 4.02637958526611 4.02628707885742 4.0251293182373 4.02744722366333 4.02415037155151 4.02417516708374 4.02306699752808 4.02286100387573 4.02270269393921 4.02223062515259 4.02229595184326 4.02205562591553 4.02629423141479 4.02045965194702 4.02047204971313 4.02037954330444 4.02053022384644 4.02063179016113 4.02470827102661 4.02123117446899 4.02049779891968 4.14141464233398 4.40233325958252 4.57317447662354 4.57583284378052 4.45245552062988 6.50483322143555 7.4844012260437 7.52079582214355 7.52082061767578 7.65656042098999 5.98597717285156 5.90403699874878 5.22099494934082 4.93374443054199 4.8427267074585 4.61483192443848 4.5340518951416 4.43053579330444 4.43177938461304
