G_variables/Set1/RCP4_2100/Min_tem_max.asc
NCOLS 229 
NROWS 147 
XLLCORNER -101.25 
YLLCORNER 14.3333333333333 
CELLSIZE 0.0833333333333333 
NODATA_value -9999 
[rows 78 to 103 of 147, columns 171 to 227 of 229]
6.0372109413147 5.54060745239258 5.20771312713623 5.55407428741455 15.6177453994751 16.8277130126953 10.3251886367798 11.6524572372437 4.91371202468872 3.74988865852356 3.65006446838379 3.61221051216125 3.54134035110474 3.54137516021729 3.54138088226318 3.54069137573242 3.54065227508545 3.54103827476501 3.5410361289978 3.54067969322205 3.54067349433899 3.55614399909973 3.54061603546143 3.54063844680786 -9999 -9999 -9999 -9999 -9999 -9999 -9999 -9999 -9999 -9999 -9999 -9999 -9999 -9999 -9999 -9999 -9999 -9999 -9999 -9999 -9999 -9999 -9999 -9999 -9999 -9999 -9999 -9999 -9999 -9999 -9999 -9999 -9999
6.03900671005249 5.42970180511475 5.20884323120117 11.2682342529297 10.2115755081177 8.08591175079346 4.57038307189941 4.72375535964966 3.74933958053589 3.72569251060486 3.54044628143311 3.54141807556152 3.54145431518555 3.54073667526245 3.54074454307556 3.54101014137268 3.54102492332458 3.55599856376648 3.55618476867676 3.54072237014771 3.54068541526794 3.55615258216858 3.5426173210144 3.54955363273621 3.54060697555542 -9999 -9999 -9999 -9999 -9999 -9999 -9999 -9999 -9999 -9999 -9999 -9999 -9999 -9999 -9999 -9999 -9999 -9999 -9999 -9999 -9999 -9999 -9999 -9999 -9999 -9999 -9999 -9999 -9999 -9999 -9999 -9999
5.51652908325195 5.20267486572266 5.57460451126099 11.329288482666 11.2380266189575 4.20299577713013 4.04613876342773 3.79552698135376 3.71111011505127 3.54126477241516 3.54143786430359 3.54142236709595 3.54071593284607 3.54071855545044 3.54077482223511 3.54068803787231 3.54069113731384 3.54071688652039 3.54070830345154 3.54079508781433 3.54080319404602 3.54068398475647 3.54335880279541 3.55287981033325 3.55614757537842 3.54072237014771 -9999 -9999 -9999 -9999 -9999 -9999 -9999 -9999 -9999 -9999 -9999 -9999 -9999 -9999 -9999 -9999 -9999 -9999 -9999 -9999 -9999 -9999 -9999 -9999 -9999 -9999 -9999 -9999 -9999 -9999 -9999
5.53614616394043 5.09988594055176 4.79889726638794 6.42067384719849 4.90293025970459 5.44106960296631 3.68812608718872 3.59183669090271 3.54061222076416 3.54140162467957 3.540771484375 3.54075694084167 3.5407190322876 3.54073667526245 3.54072046279907 3.54072546958923 3.54076480865479 3.54073548316956 3.5407338142395 3.53318333625793 3.53268194198608 3.5337929725647 3.54070448875427 3.54070162773132 3.54082322120667 3.54073238372803 3.54072260856628 -9999 -9999 -9999 -9999 -9999 -9999 -9999 -9999 -9999 -9999 -9999 -9999 -9999 -9999 -9999 -9999 -9999 -9999 -9999 -9999 -9999 -9999 -9999 -9999 -9999 -9999 -9999 -9999 -9999 -9999
6.00434350967407 6.01640796661377 4.79808855056763 4.3385066986084 5.10261058807373 6.04903602600098 3.68793249130249 3.54137253761292 3.54138779640198 3.54071378707886 3.55628609657288 3.54071879386902 3.5407247543335 3.54076433181763 3.54071450233459 3.54071855545044 3.53911972045898 3.50088977813721 3.50643539428711 3.53241610527039 3.53936529159546 3.54073643684387 3.54071450233459 3.54074788093567 3.54076433181763 3.54071831703186 3.54070067405701 -9999 -9999 -9999 -9999 -9999 -9999 -9999 -9999 -9999 -9999 -9999 -9999 -9999 -9999 -9999 -9999 -9999 -9999 -9999 -9999 -9999 -9999 -9999 -9999 -9999 -9999 -9999 -9999 -9999 -9999
7.09202146530151 6.12806129455566 7.16709041595459 5.41758489608765 6.40935707092285 5.21106243133545 3.72469067573547 3.54077863693237 3.5560781955719 3.59137344360352 3.5409414768219 3.54106211662292 3.54123902320862 3.54079055786133 3.54078149795532 3.533034324646 3.5326828956604 3.50068020820618 3.50099658966064 3.5323851108551 3.53381752967834 3.54074287414551 3.54073095321655 3.54082036018372 3.54074048995972 3.54071187973022 3.54073119163513 3.54100441932678 -9999 -9999 -9999 -9999 -9999 -9999 -9999 -9999 -9999 -9999 -9999 -9999 -9999 -9999 -9999 -9999 -9999 -9999 -9999 -9999 -9999 -9999 -9999 -9999 -9999 -9999 -9999 -9999 -9999
5.98424339294434 5.5454421043396 8.89581966400146 5.8877739906311 4.79818344116211 4.31560707092285 3.54113435745239 3.54174423217773 3.54108071327209 3.54071378707886 3.54109716415405 3.54124736785889 3.53890228271484 3.54071974754333 3.54072642326355 3.54075717926025 3.5407452583313 3.53753447532654 3.50518703460693 3.50645637512207 3.53398275375366 3.54091286659241 3.54081034660339 3.54078793525696 3.54095721244812 3.55599021911621 3.54080176353455 3.54069542884827 3.54066562652588 3.54064083099365 3.54077982902527 3.54065823554993 -9999 -9999 -9999 -9999 -9999 -9999 -9999 -9999 -9999 -9999 -9999 -9999 -9999 -9999 -9999 -9999 -9999 -9999 -9999 -9999 -9999 -9999 -9999 -9999 -9999
4.55876302719116 4.33342504501343 3.95315933227539 3.71006965637207 3.6549334526062 3.5913519859314 3.54081463813782 3.54074668884277 3.540776014328 3.55623340606689 3.54133200645447 3.54124236106873 3.54075884819031 3.54073166847229 3.54076147079468 3.54142928123474 3.55274868011475 3.54132533073425 3.53252387046814 3.53314805030823 3.54080677032471 3.54079961776733 3.54081106185913 3.54102110862732 3.54036998748779 3.54098558425903 3.54117774963379 3.55594420433044 3.54072785377502 3.54073119163513 3.55589079856873 3.55526757240295 3.53957414627075 3.5395495891571 3.55517172813416 3.54080843925476 3.65096807479858 3.72102332115173 3.72112894058228 -9999 -9999 -9999 -9999 -9999 -9999 -9999 -9999 -9999 -9999 -9999 -9999 -9999 -9999 -9999 -9999 -9999 -9999
4.60191965103149 4.56470966339111 3.85094380378723 3.7088143825531 3.64848804473877 3.54080128669739 3.54076647758484 3.54076600074768 3.5408022403717 3.54073333740234 3.54072523117065 3.5407509803772 3.54079747200012 3.54136371612549 3.54131507873535 3.54124522209167 3.54279327392578 3.54157137870789 3.53894114494324 3.54103827476501 3.54079723358154 3.54080247879028 3.54075765609741 3.55095863342285 3.54086208343506 3.54079914093018 3.54038000106812 3.54096865653992 3.53963422775269 3.53958892822266 3.54114651679993 3.55530381202698 3.53958678245544 3.53953385353088 3.6168258190155 3.65084600448608 3.72204899787903 3.72661375999451 3.72501444816589 3.7272515296936 3.73948097229004 3.73954319953918 3.74147009849548 -9999 -9999 -9999 -9999 -9999 -9999 -9999 -9999 -9999 -9999 -9999 -9999 -9999 -9999
4.5600438117981 4.56159734725952 3.85100364685059 3.61355805397034 3.59172248840332 3.54072642326355 3.54079985618591 3.54081892967224 3.5408501625061 3.54079413414001 3.5408456325531 3.54078125953674 3.54085326194763 3.54141330718994 3.54158425331116 3.54078364372253 3.54159307479858 3.54150223731995 3.54083204269409 3.54105114936829 3.55604434013367 3.54081201553345 3.55601835250854 3.54903817176819 3.54184508323669 3.54102826118469 3.54574680328369 3.55539345741272 3.53959536552429 3.59246277809143 3.6194007396698 3.55505204200745 3.53931260108948 3.54047393798828 3.65066194534302 3.73384261131287 3.69530344009399 3.70330929756165 3.70250773429871 3.74030947685242 3.72929978370667 3.73148393630981 3.70152854919434 3.70158672332764 -9999 -9999 -9999 -9999 -9999 -9999 -9999 -9999 -9999 -9999 -9999 -9999 -9999
5.51075553894043 4.70425701141357 3.71344590187073 3.55608534812927 3.54076933860779 3.54076051712036 3.54083204269409 3.54083108901978 3.54081630706787 3.54083251953125 3.54089498519897 3.5408353805542 3.5408456325531 3.54081058502197 3.54082345962524 3.54080176353455 3.54078674316406 3.54099416732788 3.54127883911133 3.59247517585754 3.5403950214386 3.53281235694885 3.55601644515991 3.541259765625 3.54098987579346 3.55540657043457 3.54265427589417 3.54187440872192 3.54098558425903 3.59249687194824 3.61643719673157 3.7325918674469 3.7225604057312 3.72251296043396 3.72279667854309 3.70354461669922 3.80759525299072 3.83972501754761 3.78476595878601 3.74207639694214 3.74026036262512 3.73142004013062 3.7418327331543 3.70883750915527 3.7084858417511 -9999 -9999 -9999 -9999 -9999 -9999 -9999 -9999 -9999 -9999 -9999 -9999
27.1755390167236 7.10968494415283 4.04214239120483 3.54165363311768 3.54075241088867 3.55625557899475 3.55627846717834 3.54083800315857 3.54089856147766 3.54089093208313 3.54090046882629 3.54086995124817 3.54078674316406 3.54077672958374 3.54088282585144 3.54084515571594 3.5408308506012 3.54076766967773 3.5412232875824 3.54095077514648 3.54039359092712 3.54038763046265 3.5397036075592 3.53972315788269 3.53972220420837 3.55542325973511 3.5544695854187 3.55405950546265 3.54196071624756 3.71820902824402 3.71233415603638 3.74437046051025 3.72254037857056 3.6952862739563 3.68802118301392 3.71152067184448 3.89135432243347 3.95539140701294 3.86747860908508 3.74031519889832 3.71002626419067 3.70965266227722 3.68843626976013 3.71482801437378 3.72913289070129 3.69308686256409 -9999 -9999 -9999 -9999 -9999 -9999 -9999 -9999 -9999 -9999 -9999
19.8992214202881 5.95282459259033 4.04145526885986 3.59396433830261 3.55629086494446 3.55630373954773 3.55628037452698 3.54080414772034 3.54078006744385 3.54083490371704 3.54084897041321 3.54086089134216 3.54086470603943 3.54083466529846 3.54081964492798 3.5408501625061 3.54083132743835 3.54023194313049 3.5560154914856 3.54125237464905 3.54108500480652 3.53979396820068 3.53980755805969 3.53966879844666 3.53966999053955 3.5411057472229 3.54823637008667 3.54370212554932 3.61617755889893 3.70436263084412 3.71200132369995 3.73202133178711 3.72009491920471 3.72290802001953 3.70386457443237 3.74287891387939 3.89016771316528 3.95526814460754 4.03035640716553 3.95356440544128 3.88804745674133 3.78294157981873 3.70250749588013 3.78181552886963 3.80389833450317 3.8052122592926 -9999 -9999 -9999 -9999 -9999 -9999 -9999 -9999 -9999 -9999 -9999
4.7847056388855 3.90293002128601 3.81282162666321 3.64905214309692 3.54163408279419 3.54195189476013 3.5407657623291 3.5407874584198 3.54077839851379 3.54077911376953 3.5407989025116 3.54086184501648 3.54084634780884 3.54087066650391 3.54083490371704 3.54019808769226 3.54020071029663 3.5402934551239 3.53970861434937 3.53979086875916 3.53975939750671 3.53972792625427 3.53975796699524 3.53969502449036 3.53938031196594 3.55482006072998 3.55481290817261 3.53878355026245 3.61732578277588 3.69539093971252 4.0368480682373 3.84332942962646 3.72696685791016 3.72605228424072 3.70403861999512 3.86851930618286 6.86484718322754 23.3425045013428 29.572265625 22.044527053833 12.8752279281616 4.22447490692139 3.739177942276 4.56858587265015 5.13002586364746 4.56770706176758 3.8048779964447 -9999 -9999 -9999 -9999 -9999 -9999 -9999 -9999 -9999 -9999
4.11007642745972 3.70611834526062 3.7219386100769 3.72193503379822 3.54149651527405 3.54155921936035 3.54076361656189 3.55649447441101 3.54075717926025 3.55649495124817 3.5407657623291 3.54077172279358 3.54101157188416 3.5410053730011 3.54022765159607 3.53963923454285 3.53966999053955 3.53972697257996 3.53976225852966 3.53988742828369 3.53973817825317 3.53970670700073 3.53938841819763 3.54093670845032 3.54057574272156 3.54126381874084 3.61620664596558 3.61613988876343 3.6157214641571 3.72059750556946 3.89587950706482 3.69525051116943 3.7348268032074 3.703937292099 3.8229444026947 19.3650875091553 31.3939990997314 31.3944816589355 31.3984622955322 30.3273048400879 8.66433811187744 4.22507524490356 3.86574339866638 5.12704992294312 26.3371505737305 24.5449504852295 5.18330192565918 6.93708944320679 -9999 -9999 -9999 -9999 -9999 -9999 -9999 -9999 -9999
4.23475980758667 3.65205574035645 3.54151153564453 3.54153800010681 3.54149723052979 3.55629348754883 3.54133868217468 3.54162383079529 3.55651569366455 3.54019522666931 3.54021143913269 3.53964734077454 3.5410521030426 3.54115772247314 3.5554404258728 3.53972601890564 3.53975462913513 3.53973698616028 3.55542683601379 3.55546498298645 3.55515789985657 3.53937244415283 3.53906464576721 3.61820936203003 3.6506507396698 3.65052914619446 3.65017104148865 3.6493935585022 3.72630548477173 3.7320077419281 3.80891847610474 3.7852578163147 3.71063423156738 3.95610427856445 6.78875732421875 31.3539237976074 31.3577651977539 31.3629932403564 31.3622493743896 6.74856805801392 4.30169200897217 4.39095544815063 4.32351541519165 5.12365865707397 31.3732872009277 31.3756980895996 6.93060111999512 4.90620040893555 4.56994962692261 -9999 -9999 -9999 -9999 -9999 -9999 -9999 -9999
3.90278124809265 3.6512508392334 3.55590224266052 3.54124331474304 3.54115056991577 3.54110193252563 3.54176878929138 3.5407919883728 3.54272270202637 3.55514025688171 3.53940677642822 3.53942513465881 3.53943729400635 3.54078197479248 3.55521202087402 3.53949570655823 3.5395028591156 3.53948736190796 3.55492949485779 3.54040789604187 3.5403048992157 3.55400705337524 3.59203052520752 3.72418880462646 3.72435164451599 3.72178816795349 3.72956371307373 3.72417259216309 3.72034025192261 3.72080183029175 3.80878639221191 3.7853798866272 3.86803650856018 9.65443325042725 14.0798625946045 31.015230178833 29.2724380493164 8.56336212158203 4.32311916351318 4.81080341339111 5.23630094528198 4.9080810546875 4.80791854858398 4.80685949325562 14.1428966522217 15.5893068313599 4.80534744262695 3.89036154747009 3.72356414794922 -9999 -9999 -9999 -9999 -9999 -9999 -9999 -9999
9.66833591461182 3.78855848312378 3.54119157791138 3.72173118591309 3.72363924980164 3.54110312461853 3.54114985466003 3.54069209098816 3.54636979103088 3.54054713249207 3.55501222610474 3.53892731666565 3.53892588615417 3.53917670249939 3.53918433189392 3.53919148445129 3.53917717933655 3.5391526222229 3.54138517379761 3.55429553985596 3.53960371017456 3.59157514572144 3.72044610977173 3.70254993438721 3.70297455787659 3.72742176055908 3.74252009391785 3.74218010902405 3.71949291229248 3.73208403587341 3.73132133483887 3.73118209838867 3.9431471824646 6.10721778869629 6.12569093704224 5.23907852172852 19.7949848175049 13.9207029342651 5.57084846496582 5.95531415939331 5.46449708938599 4.80529308319092 5.56376457214355 5.97297525405884 5.42230892181396 4.80195569992065 3.70225715637207 3.61242818832397 3.61123323440552 3.53456497192383 -9999 -9999 -9999 -9999 -9999 -9999 -9999
17.0085964202881 4.78479290008545 3.61639595031738 3.70892810821533 3.72012090682983 3.54425668716431 3.54229617118835 3.54268217086792 3.54282522201538 3.5487003326416 3.54114627838135 3.55476379394531 3.53892278671265 3.53892254829407 3.53893518447876 3.55482387542725 3.5385365486145 3.53829908370972 3.55544447898865 3.55506134033203 3.61565589904785 3.6964545249939 3.70283770561218 3.70216417312622 3.74267339706421 3.74242329597473 3.8087956905365 3.80861735343933 3.84086632728577 3.82486963272095 3.71048808097839 3.73102068901062 3.83843612670898 4.72238922119141 29.2952213287354 31.2647857666016 31.2669506072998 12.0280904769897 12.0369853973389 13.6949710845947 8.41583633422852 5.22422504425049 5.22546052932739 5.56206750869751 5.55540561676025 3.72911596298218 3.54922962188721 3.58502101898193 3.52704477310181 3.71522068977356 3.71472501754761 -9999 -9999 -9999 -9999 -9999 -9999
10.5814800262451 3.78689908981323 3.54144406318665 3.65144944190979 3.65012097358704 3.54143810272217 3.54120016098022 3.54202032089233 3.54504990577698 3.55015468597412 3.54109239578247 3.53985857963562 3.5403904914856 3.53969621658325 3.55524158477783 3.54083514213562 3.53778529167175 3.54048466682434 3.54089903831482 3.55459976196289 3.59098052978516 3.70267796516418 3.71078062057495 3.71075749397278 3.7543888092041 3.80866503715515 3.70317578315735 5.95259428024292 27.8037395477295 13.5066804885864 3.86749196052551 3.89244842529297 7.50259399414062 9.4229154586792 28.9475593566895 30.4464950561523 31.2420253753662 7.42461252212524 31.249870300293 31.2518672943115 13.5025901794434 4.90028285980225 3.73988389968872 3.73933720588684 3.69431662559509 3.49956202507019 3.52905821800232 3.53467130661011 3.58469581604004 3.68884921073914 3.75353646278381 -9999 -9999 -9999 -9999 -9999 -9999
3.72218346595764 3.6155891418457 3.54034662246704 3.54030776023865 3.53998780250549 3.54008388519287 3.54033279418945 3.54018068313599 3.54383420944214 3.55408573150635 3.53944492340088 3.54452061653137 3.54198837280273 3.54049849510193 3.61619424819946 3.72149872779846 3.65077185630798 3.65599131584167 3.65019655227661 3.72081637382507 3.72086644172668 3.72102522850037 3.71631264686584 3.71038842201233 3.84125423431396 3.826247215271 3.73103666305542 5.22630596160889 11.5550565719604 7.31627321243286 4.80752372741699 11.649320602417 31.2270965576172 30.914665222168 5.17001819610596 4.03110408782959 4.17551136016846 4.80214405059814 25.3253955841064 24.343376159668 3.95596551895142 3.61189079284668 3.49956226348877 3.70822238922119 3.70338749885559 3.46666812896729 3.57628917694092 3.53387975692749 3.64793395996094 3.75273203849792 3.74317836761475 3.61154341697693 -9999 -9999 -9999 -9999 -9999
3.65099787712097 3.72216701507568 3.65102672576904 3.65054512023926 3.61565232276917 3.59193968772888 3.53999590873718 3.54168629646301 3.54332637786865 3.54840803146362 3.54138135910034 3.54149270057678 3.5486319065094 3.55470609664917 3.72119688987732 3.72567915916443 3.72276258468628 3.70068264007568 3.80827760696411 3.80800414085388 3.71758723258972 3.72346448898315 3.72601890563965 3.74186301231384 3.82672262191772 3.8069109916687 3.80752682685852 3.80732345581055 3.86694264411926 4.03305435180664 4.90427732467651 8.13835906982422 9.21177577972412 5.38630151748657 3.71672415733337 3.64842939376831 3.53147292137146 3.64849066734314 3.71704149246216 3.71692252159119 3.52979302406311 3.49125146865845 3.49930262565613 3.71877980232239 3.78676986694336 3.72461175918579 3.6496274471283 3.75463366508484 3.74247169494629 3.74889135360718 3.61385226249695 3.64911675453186 -9999 -9999 -9999 -9999 -9999
3.64996933937073 3.72217154502869 3.7104926109314 3.72612142562866 3.65159153938293 3.59196710586548 3.54162669181824 3.54147863388062 3.54131960868835 3.6504602432251 3.65079879760742 3.54124331474304 3.54128193855286 3.61810922622681 3.72147870063782 3.6516444683075 3.72267270088196 3.6922402381897 3.80899739265442 3.80971956253052 3.82943630218506 3.84270000457764 3.84236717224121 3.7313346862793 3.71040415763855 3.8252170085907 3.76756262779236 3.71679425239563 3.89210224151611 4.10422515869141 3.73016738891602 3.72644472122192 3.7182240486145 3.53632116317749 3.53028726577759 3.50052952766418 3.46720123291016 3.49953746795654 3.49959826469421 3.49957418441772 3.53525900840759 3.64969038963318 3.52980446815491 3.50336241722107 3.73902535438538 3.72478580474854 3.71531128883362 3.74302577972412 3.75405955314636 3.75420260429382 3.71497249603271 3.64887642860413 3.75468444824219 -9999 -9999 -9999 -9999
3.72215986251831 3.72315454483032 3.72216129302979 3.72213792800903 3.61611652374268 3.59177827835083 3.59173846244812 3.59169578552246 3.59249544143677 3.65218448638916 3.65210556983948 3.59130620956421 3.72158670425415 3.72588014602661 3.72574615478516 3.72343635559082 3.70062685012817 3.73035860061646 3.73042488098145 3.80827951431274 3.86955618858337 3.84167265892029 3.84129810333252 3.74252915382385 3.73073315620422 3.86831331253052 3.73050355911255 3.53657650947571 3.58954095840454 3.5975649356842 3.53288221359253 3.5328164100647 3.53699994087219 3.50064325332642 3.53004145622253 3.49960017204285 3.53098177909851 3.53094673156738 3.53082609176636 2.84333610534668 3.53398871421814 3.59770131111145 3.49919414520264 3.53185534477234 3.71556639671326 3.6506519317627 3.71532344818115 3.71780467033386 3.74266576766968 3.74169158935547 3.71875429153442 3.71509218215942 3.71477270126343 3.71486163139343 -9999 -9999 -9999
3.65103149414062 3.7231752872467 3.72333025932312 3.60565328598022 3.59309816360474 3.59259438514709 3.59351277351379 3.59518051147461 3.54085183143616 3.54119777679443 3.72431707382202 3.72599124908447 3.69945573806763 3.80698013305664 3.78572607040405 3.71010613441467 3.74202370643616 3.94548106193542 3.94568753242493 3.82850551605225 3.86939835548401 3.78487658500671 3.77295565605164 3.78423261642456 3.71782898902893 3.71790814399719 3.59011125564575 3.50044512748718 3.50065231323242 3.5046751499176 3.50065231323242 3.50065803527832 3.49473166465759 3.50048327445984 3.49957013130188 3.46668982505798 3.53086996078491 3.54896211624146 3.53448295593262 3.49919748306274 3.52978372573853 3.52982187271118 3.49926900863647 3.53203940391541 3.61322498321533 3.58500647544861 3.53296232223511 3.53422594070435 3.53388261795044 3.54674530029297 3.71474361419678 3.71468329429626 3.53320860862732 3.5460741519928 -9999 -9999 -9999
3.61563324928284 3.65160012245178 3.61698007583618 3.6202552318573 3.6190173625946 3.60154128074646 3.62424564361572 3.62161707878113 3.59129691123962 3.86865592002869 3.75167298316956 3.78534936904907 4.69066047668457 4.7786750793457 4.02924346923828 3.73059797286987 3.74195170402527 3.8942539691925 3.89432311058044 3.74298357963562 3.72574090957642 3.72227621078491 3.74235796928406 3.71028351783752 3.53804135322571 3.53153491020203 3.50062298774719 3.50055193901062 3.50065493583679 3.50065422058105 3.46668219566345 3.46667075157166 3.49930858612061 3.46669673919678 3.40194463729858 2.85624933242798 2.83783626556396 3.52994871139526 3.5310161113739 3.53383660316467 3.53618955612183 3.53351926803589 3.53459787368774 3.53189420700073 3.53329372406006 3.5333297252655 3.53237867355347 3.49808049201965 3.49924921989441 3.52965450286865 3.61452746391296 3.65114426612854 3.65290069580078 3.64870834350586 3.52992463111877 -9999 -9999
