G_variables/Set1/RCP4_2100/Min_tem_max.asc
NCOLS 229 
NROWS 147 
XLLCORNER -101.25 
YLLCORNER 14.3333333333333 
CELLSIZE 0.0833333333333333 
NODATA_value -9999 
[rows 78 to 103 of 147, columns 57 to 113 of 229]
28.7516441345215 25.469539642334 23.2426738739014 8.28005790710449 5.14868688583374 4.36134910583496 4.20450925827026 4.12665557861328 4.08985996246338 4.08988523483276 4.07938051223755 4.07928228378296 4.04951190948486 4.0315260887146 4.03138113021851 4.0267481803894 4.02674913406372 4.02674961090088 4.02674913406372 4.02708959579468 4.03204488754272 4.04386281967163 4.05469274520874 4.25452184677124 4.41934585571289 4.36298608779907 4.71313333511353 4.96666526794434 4.52529764175415 4.96605634689331 6.06325960159302 4.56616592407227 4.52826833724976 4.52820634841919 4.71908140182495 6.67606687545776 6.65722036361694 5.60246801376343 5.72137355804443 6.11453580856323 5.61414861679077 5.53848600387573 5.54107046127319 6.7902717590332 6.21663475036621 5.61862850189209 4.842848777771 4.58022403717041 5.00409126281738 6.13494157791138 12.6942615509033 23.31422996521 25.5230007171631 29.920166015625 30.3839378356934 30.7801513671875 30.9058170318604
31.0500984191895 27.7873973846436 24.8577709197998 19.1839218139648 6.75708675384521 4.52528285980225 4.25472640991211 4.20430517196655 4.12532186508179 4.10189151763916 4.08968210220337 4.08440685272217 4.04987573623657 4.0436840057373 4.04392766952515 4.03164768218994 4.03145027160645 4.03131723403931 4.0317120552063 4.0317120552063 4.03173971176147 4.05475091934204 4.12376737594604 4.42006969451904 4.36380863189697 4.56243562698364 4.81727695465088 4.81856632232666 4.56290006637573 5.58072185516357 5.58816051483154 4.56722068786621 4.56825637817383 4.82259941101074 5.51688146591187 6.15334367752075 6.0606050491333 5.598219871521 6.75544357299805 7.38139247894287 6.77472257614136 6.12465524673462 5.53957223892212 6.20592069625854 6.21140909194946 6.80619668960571 6.22148323059082 6.14839267730713 6.12705707550049 7.47120952606201 10.8484230041504 27.9528064727783 29.9168739318848 28.0174446105957 30.4190673828125 30.7864856719971 30.8065776824951
31.2357330322266 30.8467426300049 26.8316917419434 24.0224151611328 9.96662998199463 5.52395534515381 4.52408075332642 4.25457382202148 4.2038311958313 4.12549734115601 4.10174083709717 4.08458375930786 4.1269474029541 4.04990291595459 4.0436954498291 4.03143548965454 4.0314793586731 4.03144645690918 4.03193235397339 4.03194856643677 4.03183364868164 4.07911109924316 4.36358690261841 4.56264066696167 4.81581687927246 4.96276187896729 4.31236362457275 4.45140266418457 4.52470064163208 4.71622800827026 4.82173633575439 5.25771188735962 5.04681777954102 5.50974369049072 6.07650375366211 6.05476903915405 5.59549903869629 5.59901428222656 6.75480508804321 6.75974941253662 7.3874077796936 6.77781915664673 6.1313624382019 6.10423564910889 6.11084032058716 7.3685884475708 9.13479804992676 10.8031930923462 10.7699575424194 13.5578012466431 25.5029850006104 29.0334014892578 28.9239597320557 28.0256309509277 29.0491504669189 30.5014820098877 30.7963256835938
31.2331085205078 31.2452869415283 29.7073192596436 24.8479156494141 20.6334552764893 9.0453462600708 4.82201719284058 4.45026397705078 4.36353302001953 4.20373249053955 4.12586164474487 4.10159063339233 4.08963441848755 4.04990816116333 4.04983139038086 4.04372644424438 4.04375791549683 4.03363275527954 4.0317268371582 4.03174209594727 4.04386281967163 4.07891464233398 4.70900440216064 5.11965274810791 4.81827592849731 4.52725267410278 4.42235088348389 4.52745008468628 4.71565246582031 4.52856397628784 6.02757787704468 5.1271800994873 5.05674266815186 5.63846731185913 6.07602310180664 5.59626722335815 5.51527166366577 7.28440570831299 9.81077766418457 7.38008689880371 6.76716327667236 6.77028369903564 6.12369155883789 7.41452932357788 6.79203796386719 8.36139678955078 10.7765445709229 15.5848236083984 21.4633693695068 24.8372573852539 27.2507133483887 26.4008922576904 26.372220993042 28.0095977783203 29.9432067871094 30.8019027709961 30.8192558288574
-9999 31.2397174835205 30.5188083648682 26.8015613555908 23.901195526123 18.1429214477539 6.16854238510132 4.81800270080566 4.44885301589966 4.25573253631592 4.22027587890625 4.12574481964111 4.16709327697754 4.07154321670532 4.04998159408569 4.0437183380127 4.05000782012939 4.0499792098999 4.04377365112305 4.04386377334595 4.05011320114136 4.15440988540649 4.81704378128052 4.9671368598938 4.71553945541382 4.82142496109009 4.82152938842773 4.64376258850098 4.56449222564697 4.52802085876465 5.50995826721191 4.96765947341919 6.13942432403564 6.7212815284729 6.65072059631348 7.31503295898438 6.78905868530273 7.33679866790771 9.00162696838379 6.7594838142395 9.03098964691162 9.05782604217529 6.84013414382935 8.28142929077148 7.42450380325317 14.6115303039551 17.7119026184082 20.5707416534424 24.1393222808838 24.851318359375 26.386438369751 26.4173583984375 27.2343940734863 28.0751514434814 29.9608097076416 30.7984924316406 30.8701686859131
-9999 31.2373847961426 31.2276859283447 28.8394947052002 24.8174438476562 21.4638919830322 10.8359594345093 6.06854104995728 4.81696224212646 4.42138671875 4.22027635574341 4.16698312759399 4.16714572906494 4.09041452407837 4.0799674987793 4.08517980575562 4.04999732971191 4.05001735687256 4.05000972747803 4.05006170272827 4.05593967437744 4.15441513061523 4.81695985794067 4.4510931968689 4.71515083312988 5.5010724067688 5.04842376708984 5.12324619293213 5.58674049377441 5.58773612976074 5.12676620483398 5.05074787139893 6.14153051376343 6.14155292510986 6.14377498626709 7.32225513458252 7.25738763809204 8.96536254882812 9.00786590576172 9.02906322479248 9.78353595733643 9.77526950836182 7.39225101470947 9.06770515441895 11.6031560897827 19.689453125 21.440580368042 23.2352695465088 28.9229831695557 25.5298461914062 27.1896324157715 28.9235363006592 28.9444026947021 29.074728012085 29.9559326171875 30.5439376831055 30.8339595794678
-9999 31.2299747467041 31.197603225708 30.1097202301025 25.3407535552979 23.0951061248779 19.8986740112305 8.20473194122314 5.26495456695557 4.45118570327759 4.2559289932251 4.20550680160522 4.12492704391479 4.12557935714722 4.08529138565063 4.0723819732666 4.04996013641357 4.05607461929321 4.05490398406982 4.05504465103149 4.08055925369263 4.13819408416748 4.52730464935303 4.564772605896 4.71521377563477 5.12335872650146 4.82134771347046 4.71621417999268 5.25336456298828 5.50847101211548 5.58921575546265 5.70518159866333 6.06657123565674 7.28946352005005 7.35642433166504 8.19461059570312 8.95704936981201 8.98112773895264 9.74055004119873 9.03370761871338 9.78576755523682 10.6724243164062 9.04346656799316 13.401065826416 18.5928592681885 22.3026962280273 22.3294239044189 23.2505550384521 24.0887832641602 25.568790435791 28.1176128387451 30.9638175964355 30.7373924255371 30.5958576202393 30.8138389587402 30.8094615936279 31.0597534179688
-9999 -9999 31.2203273773193 30.5280075073242 29.7333984375 25.3556804656982 23.1085147857666 15.9342832565308 6.72002124786377 4.82019853591919 4.52370500564575 4.22043180465698 4.18323469161987 4.12691307067871 4.08636093139648 4.08635377883911 4.05496788024902 4.07348394393921 4.08060646057129 4.0806097984314 4.09119129180908 4.25509262084961 4.45128154754639 4.71481990814209 4.56506013870239 5.12265968322754 6.01795291900635 5.69537115097046 5.50586748123169 6.12927103042603 6.13244581222534 6.13729047775269 6.77864742279053 8.17142772674561 8.17330837249756 8.96629905700684 8.24383640289307 7.27474069595337 9.76121807098389 10.620906829834 11.4752969741821 9.80263328552246 11.5465316772461 17.5471515655518 20.5120086669922 25.5225067138672 30.4407768249512 29.9723091125488 24.7933712005615 27.2628955841064 29.9600811004639 30.976806640625 31.0244331359863 30.7968559265137 30.7493362426758 30.8135623931885 30.8554344177246
-9999 -9999 31.2151775360107 31.0000915527344 30.2992992401123 27.8979587554932 24.769624710083 22.3068962097168 13.7428941726685 5.13130760192871 4.5272045135498 4.36580324172974 4.22026586532593 4.16834878921509 4.12649917602539 4.09144973754883 4.08012676239014 4.08608436584473 4.12592887878418 4.12592887878418 4.155442237854 4.25560760498047 4.52743434906006 5.5803689956665 5.50271415710449 4.71525526046753 6.04885053634644 6.04895353317261 6.02285766601562 6.13220167160034 6.13343191146851 6.71345281600952 7.22755527496338 7.28998851776123 8.17528533935547 8.95700550079346 8.20602321624756 10.5686101913452 10.5832529067993 10.6316471099854 11.4826927185059 17.4892826080322 16.4971446990967 19.6793689727783 21.3886070251465 23.243595123291 30.6854305267334 30.5115451812744 27.2879161834717 29.9486026763916 30.7439613342285 30.9737071990967 30.7800102233887 30.8524017333984 31.0366306304932 31.036262512207 31.0655746459961
-9999 -9999 31.2177772521973 31.220703125 31.1718902587891 30.2860507965088 28.9458293914795 26.928596496582 23.1585445404053 7.37178659439087 4.82138681411743 4.52749109268188 4.42170143127441 4.25574016571045 4.25574159622192 4.20565843582153 4.2056565284729 4.12588977813721 4.1257758140564 4.15512371063232 4.2203311920166 4.52732038497925 4.71367216110229 4.82033205032349 5.58255958557129 6.05614185333252 5.69945526123047 5.50425386428833 5.50646352767944 5.5860333442688 7.20050191879272 7.27263689041138 8.14068031311035 8.14548683166504 8.1707067489624 10.5402860641479 8.96156787872314 10.5692129135132 9.79667663574219 11.434473991394 13.3254384994507 17.5266094207764 20.4905796051025 20.4924392700195 21.3802795410156 23.2360134124756 25.5447216033936 27.2317180633545 29.9595470428467 30.731388092041 30.9395599365234 31.2091197967529 31.2469787597656 31.45703125 31.5290012359619 31.592472076416 31.6320495605469
-9999 -9999 -9999 -9999 31.2219352722168 31.3514499664307 31.0305614471436 31.4580993652344 29.7300510406494 28.0766334533691 13.6641750335693 6.0476222038269 4.71870899200439 4.52953958511353 4.42508888244629 4.25537204742432 4.22008419036865 4.16850519180298 4.21953439712524 4.31358575820923 4.52911615371704 5.05119609832764 5.49586772918701 5.50102758407593 6.69983100891113 6.05620002746582 5.69944524765015 6.12493419647217 6.70957612991333 6.71341943740845 7.2715220451355 8.17017841339111 9.73394203186035 9.70488548278809 8.95511341094971 8.94680595397949 9.70175170898438 9.72449493408203 11.4045381546021 13.3659114837646 17.4387512207031 19.6427783966064 23.1988792419434 22.2854995727539 23.2379989624023 27.2457294464111 27.2725658416748 29.9473934173584 30.7378234863281 30.7849979400635 30.9488868713379 31.214958190918 31.4505653381348 31.4426155090332 31.6750411987305 31.825309753418 31.8318786621094
-9999 -9999 -9999 -9999 31.217342376709 31.2915630340576 31.1840877532959 31.1824283599854 31.336332321167 28.8680171966553 26.2261905670166 21.3110847473145 8.15373802185059 6.04054832458496 5.26557970046997 4.56699180603027 4.52891731262207 4.36754846572876 4.36761093139648 4.3676176071167 4.52919387817383 5.49591302871704 6.03229570388794 5.58212947845459 6.70278930664062 6.12771511077881 7.27089929580688 8.13354587554932 8.13633441925049 8.87347412109375 8.87893962860107 9.64894390106201 10.5359621047974 11.3160791397095 11.3284645080566 10.5658016204834 11.3609008789062 14.3182020187378 18.4712944030762 19.5698070526123 19.5608062744141 19.5817375183105 23.2090873718262 24.6794738769531 26.3803825378418 27.9838428497314 29.9379978179932 30.7046718597412 30.8938388824463 30.9321727752686 31.2081451416016 31.1949863433838 31.7390975952148 31.7149353027344 31.7905559539795 31.8283882141113 31.8852291107178
-9999 -9999 -9999 -9999 -9999 31.2189083099365 31.2097282409668 31.1798648834229 31.2172451019287 30.5290641784668 28.0197429656982 24.7687606811523 18.7408428192139 11.5367488861084 7.30236101150513 6.70865058898926 5.26014518737793 4.82048892974854 4.97161960601807 4.81875228881836 5.05315542221069 6.69956684112549 7.28240728378296 7.27888345718384 8.13581275939941 8.86682033538818 9.63705253601074 9.63420391082764 8.8879508972168 8.89019870758057 10.5204210281372 11.3042287826538 13.1787567138672 13.1710596084595 14.2568855285645 14.278790473938 13.3089389801025 16.3507747650146 18.4566230773926 19.5553798675537 21.3129539489746 23.9468307495117 25.3754196166992 27.2243633270264 28.9015216827393 30.4541893005371 30.7182960510254 30.7307739257812 31.3457717895508 31.3551464080811 31.5733985900879 31.5944480895996 31.6271820068359 31.7316913604736 31.7939853668213 31.9905166625977 31.6415061950684
-9999 -9999 -9999 -9999 -9999 -9999 31.2050037384033 31.4409694671631 31.3839664459229 30.2824726104736 29.7411003112793 27.4341812133789 24.8551902770996 23.7426128387451 19.681432723999 16.7318000793457 9.74894428253174 8.14520931243896 6.70960283279419 6.71105003356934 6.70653009414673 9.66009044647217 9.67937469482422 8.88498020172119 10.5252704620361 11.3510875701904 11.3257493972778 11.3027696609497 12.2922697067261 11.3281650543213 10.5174684524536 13.1591701507568 15.2286262512207 18.3628234863281 16.3478870391846 19.4902038574219 20.3372039794922 20.3653602600098 20.4155693054199 21.2977905273438 25.3554725646973 27.8064575195312 29.7948017120361 30.335765838623 30.6615295410156 30.706563949585 30.9120559692383 30.9732475280762 31.3389167785645 31.565544128418 31.6152191162109 31.6235046386719 31.7300472259521 31.2771701812744 31.8663063049316 31.8339805603027 32.0186882019043
-9999 -9999 -9999 -9999 -9999 -9999 31.202751159668 31.1905498504639 31.1938495635986 31.3811302185059 30.3188247680664 28.9289245605469 28.0161380767822 27.9430313110352 25.4963417053223 24.3012714385986 23.0311183929443 21.2382984161377 24.9007472991943 14.4680681228638 9.68301486968994 10.5931205749512 10.5823240280151 8.89479732513428 10.5384588241577 13.238431930542 13.2934093475342 13.2026929855347 13.2017192840576 13.1952848434448 13.1952648162842 15.2111682891846 19.5159549713135 18.387638092041 23.0901737213135 25.3183727264404 25.1904735565186 24.5896759033203 24.5659027099609 27.759069442749 30.2517013549805 30.2986297607422 30.6445064544678 30.9115123748779 31.135232925415 31.2684535980225 31.2451362609863 31.4749927520752 31.4570713043213 31.5569381713867 31.6019344329834 31.6240081787109 31.7106189727783 31.3333225250244 31.5288715362549 31.5524578094482 31.9851016998291
-9999 -9999 -9999 -9999 -9999 -9999 -9999 -9999 31.1873226165771 31.1843852996826 31.1445388793945 31.2925319671631 31.3915004730225 31.2689094543457 31.4059886932373 31.0325298309326 27.055233001709 25.3874835968018 24.8976898193359 23.0072269439697 19.4911651611328 19.4607410430908 20.2965335845947 15.4187507629395 16.4033203125 19.4941921234131 15.2446346282959 17.3196773529053 19.4791278839111 19.4981708526611 17.3757991790771 23.0674076080322 24.4001789093018 23.9152297973633 28.523551940918 30.8578605651855 31.2698154449463 31.1426277160645 30.5906391143799 30.6084671020508 30.6193218231201 30.6250343322754 30.9236602783203 31.4159488677979 31.4404335021973 31.3935928344727 31.4496192932129 31.4711608886719 31.1937122344971 31.1742782592773 31.3068237304688 31.3368263244629 31.3965110778809 31.2828407287598 31.2959823608398 31.4089736938477 31.3983135223389
-9999 -9999 -9999 -9999 -9999 -9999 -9999 31.1808700561523 31.1855278015137 -9999 31.1730632781982 31.1763286590576 31.164249420166 31.1685600280762 31.1569080352783 31.15159034729 31.1474056243896 27.1724605560303 27.1728782653809 25.5755786895752 25.5878047943115 25.0265426635742 24.3105983734131 24.9177684783936 23.0244979858398 22.1878089904785 20.2543487548828 20.2565574645996 22.1831836700439 23.0351295471191 24.3778915405273 25.1451187133789 28.369592666626 25.9506607055664 30.9975109100342 31.0142726898193 31.2954425811768 30.9886150360107 30.920129776001 30.9107208251953 30.9032974243164 31.1393566131592 31.2296466827393 31.0934467315674 31.066234588623 31.0408363342285 31.0679035186768 31.1032905578613 31.131462097168 31.1529750823975 31.2004489898682 31.2192363739014 31.2272968292236 31.243896484375 31.2719707489014 31.363338470459 31.3183670043945
-9999 -9999 -9999 -9999 -9999 -9999 -9999 -9999 -9999 -9999 -9999 -9999 -9999 -9999 -9999 -9999 31.1262664794922 31.1267280578613 25.5967903137207 26.3446464538574 31.3409023284912 31.2862186431885 26.5368881225586 26.5215339660645 25.7659130096436 25.7180614471436 24.9919090270996 22.2101364135742 23.7655200958252 29.4897441864014 27.3419227600098 29.3043842315674 30.1225872039795 31.2734336853027 30.9699363708496 30.9949588775635 30.7216053009033 31.0694046020508 31.0931529998779 31.0894508361816 31.1187801361084 31.083610534668 31.2998008728027 31.4325428009033 31.0687732696533 31.1061401367188 31.1069507598877 31.1136169433594 31.1791667938232 -9999 -9999 -9999 -9999 31.2505340576172 31.2577857971191 31.2996959686279 31.3156070709229
-9999 -9999 -9999 -9999 -9999 -9999 -9999 -9999 -9999 -9999 -9999 -9999 -9999 -9999 -9999 -9999 -9999 31.1232738494873 31.1067028045654 31.1053867340088 31.1161422729492 31.0616149902344 30.5676746368408 28.2203979492188 27.3311576843262 28.1038055419922 28.1396446228027 28.1851444244385 29.2319278717041 29.9804515838623 31.2085514068604 31.0128231048584 30.9982795715332 30.956392288208 30.955924987793 30.9888458251953 30.8719387054443 31.2235221862793 31.1135921478271 31.2329025268555 31.309476852417 31.2895221710205 31.4059276580811 30.9910888671875 31.0570983886719 -9999 -9999 -9999 -9999 -9999 -9999 -9999 -9999 31.2515182495117 31.2658252716064 31.308910369873 31.3834457397461
-9999 -9999 -9999 -9999 -9999 -9999 -9999 -9999 -9999 -9999 -9999 -9999 -9999 -9999 -9999 -9999 -9999 -9999 -9999 -9999 31.1120262145996 31.1031227111816 31.1546840667725 30.8587207794189 30.5989551544189 30.5457210540771 30.8641204833984 30.9938163757324 31.2016525268555 30.501314163208 31.0157299041748 30.99485206604 30.9859409332275 30.1321506500244 28.4366416931152 30.6109352111816 31.0193138122559 31.012809753418 31.0176677703857 31.0274143218994 31.0260810852051 31.0271415710449 31.0441818237305 31.0519638061523 -9999 -9999 -9999 -9999 -9999 -9999 -9999 -9999 -9999 -9999 -9999 31.2963638305664 31.3281326293945
-9999 -9999 -9999 -9999 -9999 -9999 -9999 -9999 -9999 -9999 -9999 -9999 -9999 -9999 -9999 -9999 -9999 -9999 -9999 -9999 -9999 31.0919189453125 31.0880908966064 31.223295211792 30.8739700317383 30.8597526550293 30.8987464904785 31.2866706848145 30.9890651702881 31.0216445922852 29.3361396789551 31.243408203125 31.0194969177246 31.0168495178223 31.0047397613525 30.9997978210449 -9999 -9999 -9999 -9999 31.0251903533936 -9999 -9999 -9999 -9999 -9999 -9999 -9999 -9999 -9999 -9999 -9999 -9999 -9999 -9999 -9999 -9999
-9999 -9999 -9999 -9999 -9999 -9999 -9999 -9999 -9999 -9999 -9999 -9999 -9999 -9999 -9999 -9999 -9999 -9999 -9999 -9999 -9999 -9999 31.0776977539062 31.2111568450928 31.0222454071045 30.8466491699219 31.027307510376 31.2640247344971 30.991641998291 31.0323753356934 31.0277805328369 31.0213508605957 31.0088005065918 31.0083522796631 31.003381729126 -9999 -9999 -9999 -9999 -9999 -9999 -9999 -9999 -9999 -9999 -9999 -9999 -9999 -9999 -9999 -9999 -9999 -9999 -9999 -9999 -9999 -9999
-9999 -9999 -9999 -9999 -9999 -9999 -9999 -9999 -9999 -9999 -9999 -9999 -9999 -9999 -9999 -9999 -9999 -9999 -9999 -9999 -9999 -9999 -9999 31.0613956451416 31.1938343048096 31.0018920898438 31.0399036407471 31.0382499694824 31.0319843292236 31.0303535461426 -9999 31.0147972106934 -9999 -9999 -9999 -9999 -9999 -9999 -9999 -9999 -9999 -9999 -9999 -9999 -9999 -9999 -9999 -9999 -9999 -9999 -9999 -9999 -9999 -9999 -9999 -9999 -9999
-9999 -9999 -9999 -9999 -9999 -9999 -9999 -9999 -9999 -9999 -9999 -9999 -9999 -9999 -9999 -9999 -9999 -9999 -9999 -9999 -9999 -9999 -9999 -9999 31.0509834289551 31.0484256744385 -9999 -9999 -9999 -9999 -9999 -9999 -9999 -9999 -9999 -9999 -9999 -9999 -9999 -9999 -9999 -9999 -9999 -9999 -9999 -9999 -9999 -9999 -9999 -9999 -9999 -9999 -9999 -9999 -9999 -9999 -9999
-9999 -9999 -9999 -9999 -9999 -9999 -9999 -9999 -9999 -9999 -9999 -9999 -9999 -9999 -9999 -9999 -9999 -9999 -9999 -9999 -9999 -9999 -9999 -9999 -9999 -9999 -9999 -9999 -9999 -9999 -9999 -9999 -9999 -9999 -9999 -9999 -9999 -9999 -9999 -9999 -9999 -9999 -9999 -9999 -9999 -9999 -9999 -9999 -9999 -9999 -9999 -9999 -9999 -9999 -9999 -9999 -9999
-9999 -9999 -9999 -9999 -9999 -9999 -9999 -9999 -9999 -9999 -9999 -9999 -9999 -9999 -9999 -9999 -9999 -9999 -9999 -9999 -9999 -9999 -9999 -9999 -9999 -9999 -9999 -9999 -9999 -9999 -9999 -9999 -9999 -9999 -9999 -9999 -9999 -9999 -9999 -9999 -9999 -9999 -9999 -9999 -9999 -9999 -9999 -9999 -9999 -9999 -9999 -9999 -9999 -9999 -9999 -9999 -9999
