G_variables/Set1/RCP4_2100/Sur_sal_min.asc
NCOLS 229 
NROWS 147 
XLLCORNER -101.25 
YLLCORNER 14.3333333333333 
CELLSIZE 0.0833333333333333 
NODATA_value -9999 
[rows 78 to 103 of 147, columns 57 to 113 of 229]
33.6799659729004 33.800838470459 33.8107376098633 33.922290802002 34.1782875061035 34.6199035644531 34.804988861084 35.0830841064453 35.3860549926758 35.4767417907715 35.5240058898926 35.599739074707 35.6036987304688 35.5933685302734 35.6327743530273 35.6367835998535 35.6532936096191 35.6611557006836 35.6694869995117 35.622688293457 35.5783157348633 35.5630264282227 35.5100708007812 35.5356788635254 35.5195465087891 35.4670028686523 35.4559745788574 35.4253768920898 35.3665237426758 35.331600189209 35.2642402648926 35.1508407592773 35.0567932128906 34.9761657714844 34.8533744812012 34.7774047851562 34.767219543457 34.687084197998 34.5784721374512 34.4921684265137 34.202335357666 33.9684638977051 33.8573989868164 33.7206192016602 33.7528533935547 33.761287689209 33.8134269714355 33.9620018005371 34.0325927734375 34.1314964294434 34.2327194213867 34.2506828308105 34.2368927001953 34.2498474121094 34.2886848449707 34.3648567199707 34.5122489929199
33.6168746948242 33.7249526977539 33.7195510864258 33.7737083435059 34.0913963317871 34.4305229187012 34.6966209411621 35.023136138916 35.2781753540039 35.4310989379883 35.4953689575195 35.5213966369629 35.5960235595703 35.5870208740234 35.6077613830566 35.646053314209 35.6574897766113 35.6914520263672 35.6719703674316 35.6318321228027 35.5931510925293 35.5424575805664 35.5093536376953 35.4946937561035 35.5091247558594 35.4614143371582 35.4313430786133 35.4151992797852 35.3660125732422 35.3197822570801 35.2750358581543 35.1551742553711 35.0520133972168 34.9875564575195 34.8615188598633 34.7866592407227 34.7236137390137 34.6839332580566 34.5748863220215 34.4040756225586 34.1704788208008 33.9029197692871 33.7572746276855 33.6748542785645 33.6508445739746 33.6916122436523 33.778507232666 33.8657264709473 33.9735527038574 34.101806640625 34.1691818237305 34.2033958435059 34.2093276977539 34.1936721801758 34.236270904541 34.3436126708984 34.4751510620117
33.332706451416 33.6271514892578 33.3347358703613 33.401985168457 33.931827545166 34.238956451416 34.3850746154785 34.7899436950684 35.070255279541 35.1444473266602 35.3416137695312 35.456356048584 35.4891967773438 35.5843734741211 35.6087226867676 35.62451171875 35.6788215637207 35.6652908325195 35.6582412719727 35.6244430541992 35.5595779418945 35.5395812988281 35.4898071289062 35.4340858459473 35.4317665100098 35.4243469238281 35.376163482666 35.3660163879395 35.3320083618164 35.2538795471191 35.2301025390625 35.1413803100586 35.0335006713867 34.9988861083984 34.9015083312988 34.7695808410645 34.7399291992188 34.5956993103027 34.3713912963867 34.2939567565918 34.0611228942871 33.7924652099609 33.7187385559082 33.6419372558594 33.5500717163086 33.5678176879883 33.7028923034668 33.7839508056641 33.837718963623 33.976318359375 34.0473365783691 34.0560684204102 34.1360206604004 34.1766738891602 34.1952095031738 34.3437576293945 34.4641380310059
33.1733627319336 33.1718826293945 33.0912399291992 33.147590637207 33.4042587280273 33.9656105041504 34.2228546142578 34.5363960266113 34.8400726318359 34.9703178405762 35.1147232055664 35.3238143920898 35.3593978881836 35.3812217712402 35.5554618835449 35.5762825012207 35.5441818237305 35.6336250305176 35.6201438903809 35.4962043762207 35.47998046875 35.4492950439453 35.3396949768066 35.3335227966309 35.3212051391602 35.2646560668945 35.300422668457 35.275764465332 35.2355346679688 35.2194480895996 35.170482635498 35.0693016052246 35.0014801025391 34.9259338378906 34.808780670166 34.7489585876465 34.6913414001465 34.5256652832031 34.3608283996582 34.2197875976562 33.8477592468262 33.5862007141113 33.4530715942383 33.3023147583008 33.3638381958008 33.3949508666992 33.4664535522461 33.6314888000488 33.7264747619629 33.819995880127 33.955738067627 33.9784202575684 34.0133743286133 34.0847969055176 34.1154098510742 34.2358360290527 34.3840293884277
-9999 32.9334106445312 32.8888778686523 33.0393295288086 33.2804489135742 33.6895599365234 34.041820526123 34.4396934509277 34.6666488647461 34.8249740600586 35.035774230957 35.1558837890625 35.2538986206055 35.3482894897461 35.4378509521484 35.4900817871094 35.4989929199219 35.5367240905762 35.5387916564941 35.45703125 35.4016456604004 35.3756561279297 35.3020401000977 35.255313873291 35.2521820068359 35.2298431396484 35.2182273864746 35.2193412780762 35.2042465209961 35.1588172912598 35.1216468811035 35.0418891906738 34.948917388916 34.8805694580078 34.7874984741211 34.7024002075195 34.6162452697754 34.4952507019043 34.3186798095703 34.1132011413574 33.8055229187012 33.4979133605957 33.3540725708008 33.263988494873 33.2610054016113 33.3087844848633 33.4180374145508 33.5346755981445 33.6300735473633 33.771614074707 33.8552551269531 33.9341163635254 33.9864044189453 34.0125274658203 34.1146583557129 34.233715057373 34.366626739502
-9999 32.789981842041 32.7275505065918 32.9006500244141 33.1758232116699 33.4161758422852 33.5806922912598 34.1192207336426 34.4105567932129 34.5006332397461 34.783992767334 34.9474906921387 34.9985237121582 35.181884765625 35.234016418457 35.2606582641602 35.3593444824219 35.3211936950684 35.3208847045898 35.3427352905273 35.2551651000977 35.2364387512207 35.2280654907227 35.1316833496094 35.1310768127441 35.1503982543945 35.111198425293 35.1095542907715 35.1104125976562 35.0398826599121 35.0198402404785 34.9686088562012 34.8453979492188 34.8128776550293 34.7252731323242 34.5629043579102 34.5236434936523 34.3377151489258 34.0567665100098 33.9595222473145 33.701961517334 33.3934478759766 33.3161506652832 33.2561645507812 33.1535682678223 33.174919128418 33.3221473693848 33.3960151672363 33.4491386413574 33.6086196899414 33.7257461547852 33.755241394043 33.9111213684082 34.0331611633301 34.0760841369629 34.2629852294922 34.374942779541
-9999 32.3260116577148 32.070182800293 32.1781692504883 32.625617980957 32.9608383178711 33.262035369873 33.5171394348145 34.0601768493652 34.2353057861328 34.3586235046387 34.6518859863281 34.748836517334 34.8171806335449 34.9668884277344 35.0130653381348 35.0500564575195 35.1154327392578 35.1042671203613 35.0844078063965 35.0879135131836 35.0370407104492 34.9851036071777 34.9873847961426 34.9721298217773 34.9459915161133 34.9883575439453 34.9816017150879 34.9506912231445 34.9563751220703 34.9153327941895 34.8083877563477 34.7412223815918 34.6787948608398 34.5686988830566 34.4752197265625 34.402530670166 34.2094535827637 33.990909576416 33.7976570129395 33.3807983398438 33.1259613037109 32.9773750305176 32.7922401428223 32.9101829528809 32.9545516967773 32.9297027587891 33.1425704956055 33.2257919311523 33.2653007507324 33.525032043457 33.5790824890137 33.6641082763672 33.9267997741699 33.9969024658203 34.0869522094727 34.3070640563965
-9999 -9999 32.0225448608398 32.0939483642578 32.5092887878418 32.8433685302734 32.9559135437012 33.3478660583496 33.6642723083496 34.0059356689453 34.2296524047852 34.3765182495117 34.5620155334473 34.7192764282227 34.7616882324219 34.849479675293 34.9667320251465 34.9488906860352 34.987606048584 35.0179443359375 34.9413948059082 34.9373435974121 34.932014465332 34.8873634338379 34.8823394775391 34.9015731811523 34.896858215332 34.8918724060059 34.9066467285156 34.8676528930664 34.8334579467773 34.7666168212891 34.6534843444824 34.5966110229492 34.5271224975586 34.3914680480957 34.283504486084 34.1552467346191 33.8945693969727 33.6461563110352 33.3054656982422 32.9787063598633 32.7975387573242 32.7031173706055 32.7436485290527 32.7458801269531 32.8282356262207 32.9495162963867 33.0417823791504 33.1642723083496 33.3177261352539 33.469123840332 33.5955238342285 33.7639694213867 33.9093360900879 34.0445747375488 34.2249946594238
-9999 -9999 32.2606925964355 32.2827033996582 32.2092704772949 32.4331703186035 32.5330619812012 32.7638740539551 33.181266784668 33.3319396972656 33.8683052062988 34.0509223937988 34.1332855224609 34.4372940063477 34.514404296875 34.558292388916 34.7046890258789 34.726146697998 34.7423133850098 34.8081817626953 34.7719573974609 34.7709579467773 34.8021125793457 34.7519989013672 34.7527046203613 34.7877540588379 34.7564964294434 34.7553024291992 34.7631225585938 34.6950492858887 34.677303314209 34.6319389343262 34.516788482666 34.4852447509766 34.4025611877441 34.2021560668945 34.1547355651855 33.9286689758301 33.5757865905762 33.4584884643555 33.1729125976562 32.7747383117676 32.6916542053223 32.6193733215332 32.432243347168 32.4400596618652 32.6077613830566 32.6282043457031 32.6731262207031 32.9324836730957 33.0576553344727 33.1201171875 33.4493598937988 33.5956687927246 33.6644401550293 33.9242820739746 34.009880065918
-9999 -9999 32.1500015258789 32.1186866760254 31.6746768951416 31.4602088928223 31.5229167938232 32.108081817627 32.3615493774414 32.5838012695312 32.7517280578613 33.4976654052734 33.625602722168 33.6387329101562 34.1271743774414 34.1955108642578 34.2030982971191 34.4852600097656 34.5024909973145 34.4965019226074 34.6127586364746 34.5983047485352 34.5852394104004 34.6187744140625 34.6182823181152 34.6022262573242 34.6130065917969 34.6272087097168 34.5872039794922 34.5651702880859 34.5303535461426 34.4418487548828 34.3953132629395 34.3352241516113 34.2061233520508 34.1136283874512 34.016960144043 33.6571502685547 33.3929138183594 33.1674385070801 32.4804725646973 32.2542037963867 32.1016654968262 31.6176223754883 31.8334255218506 31.8738422393799 31.5480499267578 31.9349842071533 32.0214347839355 31.8216552734375 32.4096260070801 32.5257682800293 32.4891815185547 33.1250953674316 33.2568092346191 33.2553176879883 33.6624183654785
-9999 -9999 -9999 -9999 31.5525188446045 31.3237552642822 31.3575916290283 31.8804721832275 31.9073753356934 32.0021476745605 32.4382362365723 32.8358039855957 33.2148208618164 33.4114112854004 33.6373672485352 33.9360122680664 34.057243347168 34.1622276306152 34.3572807312012 34.4112358093262 34.4184951782227 34.5122413635254 34.534236907959 34.509880065918 34.5332717895508 34.5629119873047 34.5320472717285 34.5266952514648 34.5433883666992 34.4795036315918 34.4324760437012 34.394401550293 34.2911033630371 34.2263526916504 34.1558303833008 34.0123023986816 33.7980918884277 33.5638008117676 33.2344436645508 32.7861289978027 32.3041343688965 31.9443817138672 31.60862159729 31.3764495849609 31.3811302185059 31.2930774688721 31.263542175293 31.395658493042 31.41721534729 31.5162906646729 31.8147068023682 32.0355796813965 32.2216415405273 32.5624923706055 32.8988418579102 33.0595245361328 33.2436141967773
-9999 -9999 -9999 -9999 31.524019241333 31.4363594055176 31.6182270050049 31.297212600708 31.2909832000732 31.3684139251709 31.5630416870117 31.9069519042969 32.0751838684082 32.7937126159668 33.0211753845215 33.1543922424316 33.6662368774414 33.7961311340332 33.8725318908691 34.1730842590332 34.2191390991211 34.2606620788574 34.394416809082 34.3850402832031 34.3949127197266 34.4481811523438 34.3999519348145 34.4067878723145 34.3973121643066 34.3116683959961 34.290111541748 34.2451477050781 34.1078605651855 34.0806579589844 33.9669876098633 33.6478881835938 33.5571136474609 33.2296562194824 32.5677871704102 32.3718452453613 31.9423561096191 31.2051773071289 31.057788848877 30.948823928833 30.4365386962891 30.4092216491699 30.6696338653564 30.3644580841064 30.3877506256104 30.8627223968506 30.836389541626 30.9288845062256 31.592378616333 31.776912689209 31.9118614196777 32.5355453491211 32.5873374938965
-9999 -9999 -9999 -9999 -9999 30.9822902679443 31.1096744537354 30.9353160858154 30.3691864013672 30.2970886230469 30.9060859680176 31.2789878845215 31.4366550445557 31.9747486114502 32.5929946899414 32.7243766784668 32.8391952514648 33.3114585876465 33.412727355957 33.6537780761719 34.0167808532715 34.0541572570801 34.1248474121094 34.2455177307129 34.2547874450684 34.2610130310059 34.3077659606934 34.3000259399414 34.2386665344238 34.1868209838867 34.1485786437988 34.01513671875 33.9533157348633 33.8917121887207 33.6379280090332 33.4394912719727 33.2843818664551 32.5947875976562 32.0525970458984 31.7105846405029 30.7355632781982 30.204553604126 29.9504203796387 29.4701976776123 29.4037780761719 29.3589248657227 29.4447650909424 29.6386318206787 29.6503448486328 29.860372543335 30.0754146575928 30.1636142730713 30.6869773864746 31.2212047576904 31.3570575714111 31.5119571685791 31.9347019195557
-9999 -9999 -9999 -9999 -9999 -9999 31.0277919769287 30.7931232452393 30.0679779052734 30.1402378082275 31.0272064208984 31.1303367614746 31.2864990234375 31.8331050872803 32.2650718688965 32.4324340820312 32.6922760009766 33.1144905090332 33.1918334960938 33.5176811218262 33.694896697998 33.9259643554688 34.0557670593262 34.0972480773926 34.171142578125 34.2173652648926 34.2059669494629 34.2142143249512 34.2053565979004 34.1169548034668 34.026741027832 33.9722137451172 33.8474006652832 33.6717720031738 33.5406875610352 33.2655067443848 32.8442268371582 32.4003448486328 31.724910736084 31.1133422851562 30.4455986022949 29.6565742492676 29.310489654541 29.1452941894531 28.7702445983887 28.7611446380615 29.1298236846924 29.0003128051758 29.097635269165 29.6886749267578 29.9081993103027 29.9896907806396 30.526575088501 30.8006038665771 31.0016708374023 31.3207817077637 31.5722198486328
-9999 -9999 -9999 -9999 -9999 -9999 31.037296295166 30.7191848754883 30.5822792053223 30.6321907043457 30.8381748199463 31.329906463623 31.571683883667 31.5683937072754 32.2973556518555 32.4547309875488 32.400447845459 32.8534049987793 32.9350128173828 33.0704002380371 33.3902740478516 33.4900436401367 33.8207397460938 33.9179801940918 33.9534492492676 34.061206817627 34.0525894165039 34.0624313354492 34.0802536010742 33.9436454772949 33.9040603637695 33.8048057556152 33.5240631103516 33.4439468383789 33.1650428771973 32.5668106079102 32.3754539489746 31.7272529602051 30.7517280578613 30.4553852081299 29.7906646728516 28.8573894500732 28.6774635314941 28.4585762023926 28.4035701751709 28.415153503418 28.1913452148438 29.0083351135254 29.1746883392334 29.0675067901611 29.7933807373047 30.3212566375732 30.1597785949707 30.852424621582 31.0554428100586 30.6959209442139 31.1992855072021
-9999 -9999 -9999 -9999 -9999 -9999 -9999 -9999 30.8226184844971 30.8582725524902 31.3179092407227 31.1443672180176 31.3591327667236 31.5208606719971 31.748218536377 32.3002738952637 32.2904396057129 32.416374206543 32.4337882995605 33.0505905151367 33.2799415588379 33.375846862793 33.6146392822266 33.6550025939941 33.7083435058594 33.7879447937012 33.9537582397461 33.9547691345215 33.8440399169922 33.7924995422363 33.7308731079102 33.5195846557617 33.3378410339355 33.2098617553711 32.9462394714355 32.3796005249023 32.0518760681152 31.6901187896729 30.2493286132812 29.9928951263428 29.1620235443115 28.2883853912354 28.1422882080078 27.9432468414307 27.6875 27.8480529785156 27.9796600341797 28.4256229400635 28.9174652099609 29.1119937896729 29.2506294250488 30.0690078735352 30.192024230957 30.4216995239258 30.7168121337891 30.5440807342529 30.7304153442383
-9999 -9999 -9999 -9999 -9999 -9999 -9999 30.9611873626709 30.955192565918 -9999 31.1293334960938 31.2085742950439 31.4087944030762 31.5368061065674 31.6083488464355 32.262508392334 32.2556533813477 32.3001480102539 32.3774070739746 32.8517913818359 33.1073722839355 33.2538146972656 33.311882019043 33.5425872802734 33.5730438232422 33.7090797424316 33.7713432312012 33.8080024719238 33.7887649536133 33.7143898010254 33.6189880371094 33.4555244445801 33.1790084838867 33.0708503723145 32.874626159668 32.2344093322754 32.0796356201172 31.0698184967041 30.395715713501 29.8319549560547 29.0491905212402 28.1571979522705 28.0264186859131 27.8440971374512 27.5948677062988 27.5896129608154 27.8879508972168 28.0725173950195 28.3214473724365 29.0835342407227 28.8891944885254 29.3945751190186 30.3106365203857 30.1118907928467 30.5370140075684 30.4909152984619 30.3486347198486
-9999 -9999 -9999 -9999 -9999 -9999 -9999 -9999 -9999 -9999 -9999 -9999 -9999 -9999 -9999 -9999 32.3045120239258 32.597469329834 32.7102432250977 32.8789520263672 33.0161628723145 33.1703872680664 33.1154823303223 33.1597557067871 33.1992263793945 33.450122833252 33.4686546325684 33.4949340820312 33.5349578857422 33.4254837036133 33.3798866271973 33.1733207702637 32.9431610107422 32.8628730773926 32.4366188049316 32.2600631713867 32.107551574707 31.2108097076416 30.7487373352051 30.0595054626465 29.166576385498 28.7701187133789 28.3113441467285 28.2393741607666 27.8600006103516 27.8661804199219 27.9334774017334 28.0551013946533 28.2903881072998 -9999 -9999 -9999 -9999 30.1067600250244 30.5194320678711 30.5122566223145 30.4939384460449
-9999 -9999 -9999 -9999 -9999 -9999 -9999 -9999 -9999 -9999 -9999 -9999 -9999 -9999 -9999 -9999 -9999 32.6029815673828 32.836353302002 32.6418800354004 32.7846946716309 32.7575187683105 32.7745208740234 32.913387298584 32.9520606994629 32.9876861572266 33.2241287231445 33.249942779541 33.1724052429199 33.1899528503418 33.1507377624512 33.043342590332 32.8671531677246 32.8136177062988 32.363883972168 32.2500686645508 32.2052764892578 31.4009075164795 30.894214630127 29.9562072753906 29.3458709716797 29.0662841796875 28.5261840820312 28.3852138519287 27.9967479705811 -9999 -9999 -9999 -9999 -9999 -9999 -9999 -9999 30.0750064849854 30.524112701416 30.5361938476562 30.5484294891357
-9999 -9999 -9999 -9999 -9999 -9999 -9999 -9999 -9999 -9999 -9999 -9999 -9999 -9999 -9999 -9999 -9999 -9999 -9999 -9999 32.6629028320312 32.6839179992676 32.6919250488281 32.648853302002 32.7206382751465 32.8517837524414 32.9688911437988 33.0039024353027 33.0586624145508 32.9809150695801 32.9218406677246 32.9922142028809 32.8364334106445 32.7950782775879 32.7136726379395 32.2690925598145 32.1955833435059 31.4897804260254 31.1666431427002 30.1684818267822 29.4865875244141 29.2509651184082 28.6911430358887 28.5882034301758 -9999 -9999 -9999 -9999 -9999 -9999 -9999 -9999 -9999 -9999 -9999 30.551290512085 30.5519428253174
-9999 -9999 -9999 -9999 -9999 -9999 -9999 -9999 -9999 -9999 -9999 -9999 -9999 -9999 -9999 -9999 -9999 -9999 -9999 -9999 -9999 32.6349220275879 32.5799331665039 32.5298347473145 32.5924530029297 32.5436058044434 32.6299362182617 32.6789627075195 32.5921974182129 32.9508056640625 32.9052467346191 32.8173370361328 32.9541206359863 32.7844047546387 32.729190826416 32.2467842102051 -9999 -9999 -9999 -9999 29.9915294647217 -9999 -9999 -9999 -9999 -9999 -9999 -9999 -9999 -9999 -9999 -9999 -9999 -9999 -9999 -9999 -9999
-9999 -9999 -9999 -9999 -9999 -9999 -9999 -9999 -9999 -9999 -9999 -9999 -9999 -9999 -9999 -9999 -9999 -9999 -9999 -9999 -9999 -9999 32.4527854919434 32.2711639404297 32.2399482727051 32.3787498474121 32.2871856689453 32.3129653930664 32.430061340332 32.6476631164551 32.7688407897949 32.7175903320312 32.7183227539062 32.5634956359863 32.2977752685547 -9999 -9999 -9999 -9999 -9999 -9999 -9999 -9999 -9999 -9999 -9999 -9999 -9999 -9999 -9999 -9999 -9999 -9999 -9999 -9999 -9999 -9999
-9999 -9999 -9999 -9999 -9999 -9999 -9999 -9999 -9999 -9999 -9999 -9999 -9999 -9999 -9999 -9999 -9999 -9999 -9999 -9999 -9999 -9999 -9999 32.2172775268555 32.1831665039062 32.2826194763184 32.2063407897949 32.1573257446289 32.3531875610352 32.4590110778809 -9999 32.6862678527832 -9999 -9999 -9999 -9999 -9999 -9999 -9999 -9999 -9999 -9999 -9999 -9999 -9999 -9999 -9999 -9999 -9999 -9999 -9999 -9999 -9999 -9999 -9999 -9999 -9999
-9999 -9999 -9999 -9999 -9999 -9999 -9999 -9999 -9999 -9999 -9999 -9999 -9999 -9999 -9999 -9999 -9999 -9999 -9999 -9999 -9999 -9999 -9999 -9999 32.3046951293945 32.3549537658691 -9999 -9999 -9999 -9999 -9999 -9999 -9999 -9999 -9999 -9999 -9999 -9999 -9999 -9999 -9999 -9999 -9999 -9999 -9999 -9999 -9999 -9999 -9999 -9999 -9999 -9999 -9999 -9999 -9999 -9999 -9999
-9999 -9999 -9999 -9999 -9999 -9999 -9999 -9999 -9999 -9999 -9999 -9999 -9999 -9999 -9999 -9999 -9999 -9999 -9999 -9999 -9999 -9999 -9999 -9999 -9999 -9999 -9999 -9999 -9999 -9999 -9999 -9999 -9999 -9999 -9999 -9999 -9999 -9999 -9999 -9999 -9999 -9999 -9999 -9999 -9999 -9999 -9999 -9999 -9999 -9999 -9999 -9999 -9999 -9999 -9999 -9999 -9999
-9999 -9999 -9999 -9999 -9999 -9999 -9999 -9999 -9999 -9999 -9999 -9999 -9999 -9999 -9999 -9999 -9999 -9999 -9999 -9999 -9999 -9999 -9999 -9999 -9999 -9999 -9999 -9999 -9999 -9999 -9999 -9999 -9999 -9999 -9999 -9999 -9999 -9999 -9999 -9999 -9999 -9999 -9999 -9999 -9999 -9999 -9999 -9999 -9999 -9999 -9999 -9999 -9999 -9999 -9999 -9999 -9999
