G_variables/Set1/RCP4_2100/Sur_tem_max.asc
NCOLS 229 
NROWS 147 
XLLCORNER -101.25 
YLLCORNER 14.3333333333333 
CELLSIZE 0.0833333333333333 
NODATA_value -9999 
[rows 0 to 25 of 147, columns 114 to 170 of 229]
-9999 -9999 -9999 -9999 -9999 -9999 -9999 -9999 -9999 -9999 -9999 -9999 -9999 -9999 -9999 -9999 -9999 -9999 -9999 -9999 -9999 -9999 -9999 -9999 -9999 -9999 -9999 -9999 -9999 -9999 -9999 -9999 -9999 -9999 -9999 -9999 -9999 -9999 -9999 -9999 -9999 -9999 -9999 -9999 -9999 -9999 -9999 -9999 -9999 -9999 -9999 -9999 -9999 -9999 -9999 -9999 -9999
-9999 -9999 -9999 -9999 -9999 -9999 -9999 -9999 -9999 -9999 -9999 -9999 -9999 -9999 -9999 -9999 -9999 -9999 -9999 -9999 -9999 -9999 -9999 -9999 -9999 -9999 -9999 -9999 -9999 -9999 -9999 -9999 -9999 -9999 -9999 -9999 -9999 -9999 -9999 -9999 -9999 -9999 -9999 -9999 -9999 -9999 -9999 -9999 -9999 -9999 -9999 -9999 -9999 -9999 -9999 -9999 -9999
-9999 -9999 -9999 -9999 -9999 -9999 -9999 -9999 -9999 -9999 -9999 -9999 -9999 -9999 -9999 -9999 -9999 -9999 -9999 -9999 -9999 -9999 -9999 -9999 -9999 -9999 -9999 -9999 -9999 -9999 -9999 -9999 -9999 -9999 -9999 -9999 -9999 -9999 -9999 -9999 -9999 -9999 -9999 -9999 -9999 -9999 -9999 -9999 -9999 -9999 -9999 -9999 -9999 -9999 -9999 -9999 31.6634712219238
-9999 -9999 -9999 -9999 -9999 -9999 -9999 -9999 -9999 -9999 -9999 -9999 -9999 -9999 -9999 -9999 -9999 -9999 -9999 -9999 -9999 -9999 -9999 -9999 -9999 -9999 -9999 -9999 -9999 -9999 -9999 -9999 -9999 -9999 -9999 -9999 -9999 -9999 -9999 -9999 -9999 -9999 -9999 -9999 -9999 -9999 -9999 -9999 -9999 -9999 -9999 -9999 -9999 -9999 31.6621379852295 31.6605625152588 31.6559181213379
-9999 -9999 -9999 -9999 -9999 -9999 -9999 -9999 -9999 -9999 -9999 -9999 -9999 -9999 -9999 -9999 -9999 -9999 -9999 -9999 -9999 -9999 -9999 -9999 -9999 -9999 -9999 -9999 -9999 -9999 -9999 -9999 -9999 -9999 -9999 -9999 -9999 -9999 -9999 -9999 -9999 -9999 -9999 -9999 -9999 -9999 -9999 -9999 -9999 -9999 -9999 -9999 -9999 31.6466522216797 31.6511268615723 31.6516494750977 31.6517543792725
-9999 -9999 -9999 -9999 -9999 -9999 -9999 -9999 -9999 -9999 -9999 -9999 -9999 -9999 -9999 -9999 -9999 -9999 -9999 -9999 -9999 -9999 -9999 -9999 -9999 -9999 -9999 -9999 -9999 -9999 -9999 -9999 -9999 -9999 -9999 -9999 -9999 -9999 -9999 -9999 -9999 -9999 -9999 -9999 -9999 -9999 -9999 -9999 -9999 -9999 -9999 31.64231300354 31.6324825286865 31.6409568786621 31.6466979980469 31.6488418579102 31.6449108123779
-9999 -9999 -9999 -9999 -9999 -9999 -9999 -9999 -9999 -9999 -9999 -9999 -9999 -9999 -9999 -9999 -9999 -9999 -9999 -9999 -9999 -9999 -9999 -9999 -9999 -9999 -9999 -9999 -9999 -9999 -9999 -9999 -9999 -9999 -9999 -9999 -9999 -9999 -9999 -9999 -9999 -9999 -9999 -9999 -9999 -9999 -9999 -9999 -9999 -9999 31.6455116271973 31.6368656158447 31.6310176849365 31.6399002075195 31.6393737792969 31.6382179260254 31.6386985778809
-9999 -9999 -9999 -9999 -9999 -9999 -9999 -9999 -9999 -9999 -9999 -9999 -9999 -9999 -9999 -9999 -9999 -9999 -9999 -9999 -9999 -9999 -9999 -9999 -9999 -9999 -9999 -9999 -9999 -9999 -9999 -9999 -9999 -9999 -9999 -9999 -9999 -9999 -9999 -9999 -9999 -9999 -9999 -9999 -9999 -9999 -9999 -9999 31.6467514038086 31.6457328796387 31.6445026397705 31.6366367340088 31.6346321105957 31.6351528167725 31.6398601531982 31.6406078338623 31.6449584960938
-9999 -9999 -9999 -9999 -9999 -9999 -9999 -9999 -9999 -9999 -9999 -9999 -9999 -9999 -9999 -9999 -9999 -9999 -9999 -9999 -9999 -9999 -9999 -9999 -9999 -9999 -9999 -9999 -9999 -9999 -9999 -9999 -9999 -9999 -9999 -9999 -9999 -9999 -9999 -9999 -9999 -9999 -9999 -9999 -9999 -9999 -9999 31.6452789306641 31.6490859985352 31.6477737426758 31.6432914733887 31.6368560791016 31.6192951202393 31.633451461792 31.6382064819336 31.6162815093994 31.641450881958
-9999 -9999 -9999 -9999 -9999 -9999 -9999 -9999 -9999 -9999 -9999 -9999 -9999 -9999 -9999 -9999 -9999 -9999 -9999 -9999 -9999 -9999 -9999 -9999 -9999 -9999 -9999 -9999 -9999 -9999 -9999 -9999 -9999 -9999 -9999 -9999 -9999 -9999 -9999 -9999 -9999 -9999 -9999 31.6535549163818 31.6543083190918 31.650541305542 31.6492118835449 31.6557846069336 31.6516304016113 31.651834487915 31.649585723877 31.6427955627441 31.6365737915039 31.6368865966797 31.6378440856934 31.6428356170654 31.6480407714844
31.5958442687988 31.5976524353027 31.5977668762207 31.6117858886719 31.6153736114502 31.6198692321777 -9999 -9999 -9999 -9999 -9999 -9999 -9999 -9999 -9999 -9999 -9999 -9999 -9999 -9999 -9999 -9999 -9999 -9999 -9999 -9999 -9999 -9999 -9999 -9999 -9999 -9999 -9999 -9999 -9999 -9999 -9999 -9999 -9999 31.6313362121582 31.6422138214111 31.6455516815186 31.653564453125 31.6564407348633 31.6562023162842 31.6625099182129 31.6613883972168 31.6592960357666 31.6612205505371 31.6594429016113 31.661096572876 31.6586742401123 31.6585121154785 31.6576595306396 31.6635627746582 31.6675033569336 31.6664638519287
31.5958137512207 31.6007671356201 31.5980796813965 31.6082592010498 31.6237316131592 31.6275177001953 31.6393432617188 31.6607189178467 31.6439647674561 31.6430244445801 31.6560554504395 31.6342754364014 31.6276664733887 31.6230392456055 -9999 -9999 -9999 -9999 -9999 -9999 -9999 -9999 -9999 -9999 -9999 -9999 -9999 -9999 -9999 -9999 -9999 -9999 -9999 -9999 -9999 -9999 31.5887279510498 31.6052417755127 31.6222171783447 31.627628326416 31.6529941558838 31.6496753692627 31.6531829833984 31.6652526855469 31.6566467285156 31.664909362793 31.6655349731445 31.6576595306396 31.653356552124 31.6418476104736 31.6599063873291 31.6631393432617 31.6805477142334 31.6696147918701 31.673059463501 31.6831836700439 31.6721973419189
31.5983295440674 31.6007671356201 31.6060428619385 31.6161251068115 31.6252498626709 31.6331272125244 31.643253326416 31.6469135284424 31.6494064331055 31.645637512207 31.6432933807373 31.6398391723633 31.6289520263672 31.6212959289551 31.6219139099121 31.605052947998 31.600772857666 -9999 31.5916290283203 31.5906429290771 31.5831985473633 31.5771331787109 31.5783939361572 31.5750675201416 31.5629253387451 31.5598392486572 31.5701313018799 31.5617256164551 31.5516834259033 31.5519428253174 31.5498962402344 31.5496692657471 31.5512866973877 31.561092376709 31.560474395752 31.5666313171387 31.5914039611816 31.599946975708 31.6180934906006 31.6389198303223 31.6399402618408 31.6456127166748 31.6575050354004 31.6570739746094 31.6564159393311 31.6553573608398 31.6520023345947 31.6485767364502 31.6442527770996 31.6405487060547 31.6497459411621 31.6597080230713 31.6648788452148 31.668270111084 31.6728897094727 31.6732063293457 31.6732578277588
31.6002979278564 31.6126575469971 31.6154251098633 31.620849609375 31.6243324279785 31.6271705627441 31.633752822876 31.6377048492432 31.642765045166 31.6423034667969 31.6385517120361 31.6370792388916 31.6285037994385 31.635440826416 31.628927230835 31.6111354827881 31.608154296875 31.6057739257812 31.6011714935303 31.6015357971191 31.6006870269775 31.5922470092773 31.5935955047607 31.587854385376 31.5778160095215 31.581127166748 31.5766181945801 31.5681171417236 31.5634937286377 31.5540199279785 31.5527324676514 31.553783416748 31.5549812316895 31.5604858398438 31.5649032592773 31.5687370300293 31.591495513916 31.604118347168 31.6155490875244 31.6441268920898 31.6536884307861 31.6508121490479 31.6633930206299 31.6637229919434 31.6653709411621 31.6652240753174 31.6630020141602 31.6552982330322 31.6523475646973 31.654354095459 31.6533012390137 31.669340133667 31.6781806945801 31.6828098297119 31.6875 31.6874008178711 31.6890487670898
31.5912208557129 31.6100578308105 31.6042900085449 31.6034336090088 31.6104526519775 31.6240272521973 31.6322288513184 31.6413192749023 31.6455135345459 31.6473064422607 31.6524085998535 31.6431522369385 31.6374206542969 31.6371326446533 31.6223106384277 31.613094329834 31.603343963623 31.6059398651123 31.60817527771 31.6185894012451 31.6104145050049 31.6097583770752 31.623254776001 31.5996990203857 31.592960357666 31.5932788848877 31.5765171051025 31.5716991424561 31.5563678741455 31.563346862793 31.5599784851074 31.54563331604 31.5585594177246 31.5604114532471 31.5598697662354 31.5723323822021 31.5811004638672 31.598560333252 31.6187763214111 31.6375274658203 31.6581077575684 31.6614437103271 31.6663017272949 31.6739845275879 31.670618057251 31.6694564819336 31.6685657501221 31.6605968475342 31.653039932251 31.6385669708252 31.6526870727539 31.6660480499268 31.6909084320068 31.6806716918945 31.6805191040039 31.6899585723877 31.6825199127197
31.5823707580566 31.5929927825928 31.5982685089111 31.605562210083 31.6063785552979 31.6127548217773 31.6205787658691 31.6263809204102 31.6296443939209 31.6327323913574 31.632007598877 31.639835357666 31.6323375701904 31.6245727539062 31.6201076507568 31.6087894439697 31.6073207855225 31.6059093475342 31.6102771759033 31.6123218536377 31.6136531829834 31.6136798858643 31.6089744567871 31.604829788208 31.5931053161621 31.5910835266113 31.5836715698242 31.5739421844482 31.5701065063477 31.5684604644775 31.5606117248535 31.5615406036377 31.5644245147705 31.5696277618408 31.5735702514648 31.5719757080078 31.5928745269775 31.6014099121094 31.6124725341797 31.6381721496582 31.6497116088867 31.6529788970947 31.6641464233398 31.6668338775635 31.6676120758057 31.6688766479492 31.6663951873779 31.6585998535156 31.6545238494873 31.6458797454834 31.6490592956543 31.6646823883057 31.671911239624 31.6714878082275 31.6776885986328 31.6767139434814 31.6740455627441
31.5753765106201 31.5863952636719 31.5922584533691 31.6004276275635 31.6008834838867 31.6066112518311 31.6157302856445 31.6197853088379 31.6289825439453 31.6340961456299 31.6304950714111 31.6247615814209 31.6176662445068 31.6114540100098 31.605583190918 31.5975780487061 31.595085144043 31.5963840484619 31.6056804656982 31.6111793518066 31.6160545349121 31.6133937835693 31.6128749847412 31.6057720184326 31.5952491760254 31.5932216644287 31.5881938934326 31.5794925689697 31.5765972137451 31.574800491333 31.5680828094482 31.5735893249512 31.5771083831787 31.5840797424316 31.5848140716553 31.581335067749 31.5994739532471 31.607271194458 31.6126728057861 31.6369876861572 31.645486831665 31.6503047943115 31.6619834899902 31.6660938262939 31.66845703125 31.6701793670654 31.667329788208 31.6605167388916 31.6527366638184 31.6499729156494 31.6467914581299 31.6574096679688 31.6627254486084 31.6637001037598 31.6708507537842 31.6710891723633 31.6717090606689
31.5666809082031 31.5795650482178 31.5866985321045 31.5920600891113 31.5915946960449 31.6050300598145 31.6105117797852 31.6179981231689 31.637035369873 31.6408138275146 31.6376514434814 31.6201629638672 31.6119232177734 31.609712600708 31.595874786377 31.5906162261963 31.5816345214844 31.5939483642578 31.5993747711182 31.6086330413818 31.6166515350342 31.6158466339111 31.616153717041 31.5992488861084 31.5955009460449 31.5951061248779 31.5823440551758 31.5800590515137 31.5740604400635 31.5673675537109 31.5696563720703 31.5740146636963 31.5884494781494 31.5923500061035 31.5825023651123 31.5894241333008 31.593786239624 31.6062240600586 31.6175765991211 31.6286277770996 31.6510963439941 31.6487865447998 31.6545295715332 31.6701984405518 31.6745071411133 31.6759777069092 31.6802749633789 31.6584644317627 31.6492404937744 31.6532325744629 31.6446151733398 31.6515464782715 31.6488151550293 31.661735534668 31.6665058135986 31.6856822967529 31.6574687957764
31.5706939697266 31.5848960876465 31.5911464691162 31.5916633605957 31.5967102050781 31.6031646728516 31.6079578399658 31.6147499084473 31.6312522888184 31.635555267334 31.6255035400391 31.6173706054688 31.6093597412109 31.6061992645264 31.5998477935791 31.5923748016357 31.5906753540039 31.5927867889404 31.5956897735596 31.6014289855957 31.6077289581299 31.6105937957764 31.6027240753174 31.5942802429199 31.5925483703613 31.5901622772217 31.5857696533203 31.5751953125 31.5710849761963 31.5703945159912 31.5743808746338 31.5803604125977 31.5850276947021 31.5957660675049 31.583797454834 31.5847415924072 31.598165512085 31.6073799133301 31.6116123199463 31.6329479217529 31.6363773345947 31.6401233673096 31.651741027832 31.6539096832275 31.6612014770508 31.6653652191162 31.6595153808594 31.648832321167 31.6401042938232 31.6388702392578 31.636209487915 31.6431465148926 31.647741317749 31.6506042480469 31.660192489624 31.6589660644531 31.6482009887695
31.5850563049316 31.5909328460693 31.5932292938232 31.5916023254395 31.591625213623 31.5965118408203 31.5961990356445 31.6024971008301 31.6096324920654 31.6165313720703 31.6152820587158 31.6116237640381 31.6086730957031 31.6035003662109 31.598575592041 31.5872001647949 31.5848617553711 31.5841522216797 31.5838317871094 31.5867824554443 31.5878925323486 31.5907135009766 31.58811378479 31.5874061584473 31.5908908843994 31.587984085083 31.5853977203369 31.5745849609375 31.5714225769043 31.571346282959 31.5737953186035 31.5783443450928 31.5820579528809 31.5845222473145 31.5866680145264 31.5852031707764 31.5915985107422 31.5974731445312 31.6045818328857 31.6235675811768 31.6270446777344 31.6278343200684 31.6331443786621 31.6328525543213 31.6341819763184 31.640193939209 31.6384944915771 31.6310119628906 31.6269912719727 31.6191539764404 31.6168441772461 31.6230773925781 31.6253910064697 31.6275405883789 31.6415462493896 31.6425113677979 31.6445770263672
31.588134765625 31.5965023040771 31.5964183807373 31.5880336761475 31.5775012969971 31.5907382965088 31.5906543731689 31.5854034423828 31.6002025604248 31.6069068908691 31.6162338256836 31.6059513092041 31.6051273345947 31.6031513214111 31.5924339294434 31.5845909118652 31.5705623626709 31.5744476318359 31.5744457244873 31.5653820037842 31.5779037475586 31.5812244415283 31.5810508728027 31.5824947357178 31.5844345092773 31.5857315063477 31.5828800201416 31.5719242095947 31.5571784973145 31.5677738189697 31.5700168609619 31.575927734375 31.5775279998779 31.5783309936523 31.5892810821533 31.5836162567139 31.5876007080078 31.6031513214111 31.6012725830078 31.6098823547363 31.6251564025879 31.6150951385498 31.6130657196045 31.6272201538086 31.6129188537598 31.6279125213623 31.6328411102295 31.6201839447021 31.6156558990479 31.6088104248047 31.6111106872559 31.6128902435303 31.6000785827637 31.6220245361328 31.6354160308838 31.6571254730225 31.6472492218018
31.5985069274902 31.6010837554932 31.6021900177002 31.5946998596191 31.589376449585 31.5917358398438 31.590612411499 31.5953063964844 31.5959339141846 31.6053829193115 31.6101970672607 31.6087226867676 31.6025562286377 31.5988540649414 31.5942707061768 31.5806560516357 31.5758056640625 31.5788154602051 31.5729961395264 31.5734195709229 31.5733337402344 31.5799312591553 31.5796146392822 31.5792827606201 31.5841159820557 31.5882358551025 31.5819129943848 31.5719947814941 31.5695343017578 31.5683193206787 31.5673351287842 31.5692691802979 31.5720958709717 31.574390411377 31.5820655822754 31.5830097198486 31.5847816467285 31.5865535736084 31.5940704345703 31.6019115447998 31.6054954528809 31.6068019866943 31.6047439575195 31.6055812835693 31.6044330596924 31.6025447845459 31.6016998291016 31.5944690704346 31.5886478424072 31.5845127105713 31.5829982757568 31.5876598358154 31.6047821044922 31.6096706390381 31.6246604919434 31.6311378479004 31.6368103027344
31.5968341827393 31.6038246154785 31.6047592163086 31.596866607666 31.5972061157227 31.5925941467285 31.5901641845703 31.5869426727295 31.5950126647949 31.5994529724121 31.5989971160889 31.6010265350342 31.5988101959229 31.599084854126 31.5958023071289 31.5809841156006 31.5767040252686 31.5769920349121 31.5716247558594 31.565990447998 31.5682258605957 31.5750198364258 31.5793132781982 31.581033706665 31.5906219482422 31.5939445495605 31.5905017852783 31.578405380249 31.5736598968506 31.568920135498 31.5673847198486 31.5664825439453 31.5702037811279 31.5781688690186 31.5758590698242 31.5717067718506 31.5814990997314 31.5752868652344 31.5736141204834 31.5837345123291 31.5881633758545 31.5841693878174 31.5854663848877 31.5845775604248 31.5863704681396 31.5901985168457 31.5861358642578 31.5821208953857 31.5772399902344 31.5755100250244 31.5713405609131 31.5742130279541 31.5768795013428 31.5731220245361 31.5795269012451 31.5867214202881 31.5921936035156
31.6026000976562 31.6115837097168 31.6064472198486 31.6038150787354 31.6030502319336 31.5994396209717 31.5862674713135 31.5790691375732 31.5901756286621 31.5941219329834 31.6010322570801 31.5956840515137 31.5955448150635 31.6019458770752 31.590425491333 31.5841789245605 31.5748233795166 31.5724811553955 31.5682811737061 31.5536231994629 31.5663261413574 31.571741104126 31.5757846832275 31.5870819091797 31.5901966094971 31.598352432251 31.5912990570068 31.5824089050293 31.5624885559082 31.5695686340332 31.5672779083252 31.5537452697754 31.5685749053955 31.5742111206055 31.559196472168 31.5685901641846 31.5716876983643 31.5752067565918 31.565746307373 31.5776119232178 31.5774517059326 31.576286315918 31.5752201080322 31.5810890197754 31.5776386260986 31.5790214538574 31.584810256958 31.5794734954834 31.5728454589844 31.5767383575439 31.5703182220459 31.5654373168945 31.5667629241943 31.5699195861816 31.5708675384521 31.5678405761719 31.5887355804443
31.6118431091309 31.6119766235352 31.6108493804932 31.6124649047852 31.6101665496826 31.6073818206787 31.5950527191162 31.5948314666748 31.5966968536377 31.596212387085 31.600284576416 31.6014957427979 31.5992374420166 31.592529296875 31.5888938903809 31.5866413116455 31.5816593170166 31.5739784240723 31.571647644043 31.5702362060547 31.5721855163574 31.5818901062012 31.5906677246094 31.5941791534424 31.601037979126 31.6002063751221 31.5963840484619 31.5869083404541 31.5831623077393 31.5771675109863 31.5700492858887 31.5685653686523 31.5720481872559 31.5696392059326 31.5689277648926 31.5646114349365 31.5632438659668 31.5693225860596 31.5704936981201 31.5643215179443 31.5662250518799 31.5697536468506 31.5727233886719 31.5730800628662 31.5731658935547 31.5723114013672 31.5696773529053 31.5680561065674 31.5664215087891 31.5610809326172 31.5606231689453 31.5560626983643 31.5557899475098 31.5611915588379 31.5699348449707 31.5709934234619 31.5832328796387
31.6062164306641 31.6076679229736 31.6079998016357 31.6107540130615 31.6120700836182 31.6093311309814 31.6018161773682 31.5932559967041 31.588659286499 31.5892238616943 31.5913925170898 31.5924777984619 31.5917224884033 31.587215423584 31.5851421356201 31.5839290618896 31.5821075439453 31.5790100097656 31.5742855072021 31.5762729644775 31.5834255218506 31.6023216247559 31.6070880889893 31.6107749938965 31.616735458374 31.6172485351562 31.61399269104 31.6046314239502 31.6013431549072 31.5935688018799 31.5800304412842 31.5787677764893 31.5811748504639 31.5754222869873 31.569486618042 31.5655193328857 31.5628147125244 31.5526561737061 31.5459384918213 31.5387706756592 31.5371284484863 31.535228729248 31.5425701141357 31.5446815490723 31.5434741973877 31.5466613769531 31.5474166870117 31.5475406646729 31.548791885376 31.5477447509766 31.5422973632812 31.5389785766602 31.5362701416016 31.5406246185303 31.547981262207 31.5473136901855 31.5554847717285
