G_variables/Set1/RCP4_2100/Sur_sal_min.asc
NCOLS 229 
NROWS 147 
XLLCORNER -101.25 
YLLCORNER 14.3333333333333 
CELLSIZE 0.0833333333333333 
NODATA_value -9999 
[rows 0 to 25 of 147, columns 114 to 170 of 229]
-9999 -9999 -9999 -9999 -9999 -9999 -9999 -9999 -9999 -9999 -9999 -9999 -9999 -9999 -9999 -9999 -9999 -9999 -9999 -9999 -9999 -9999 -9999 -9999 -9999 -9999 -9999 -9999 -9999 -9999 -9999 -9999 -9999 -9999 -9999 -9999 -9999 -9999 -9999 -9999 -9999 -9999 -9999 -9999 -9999 -9999 -9999 -9999 -9999 -9999 -9999 -9999 -9999 -9999 -9999 -9999 -9999
-9999 -9999 -9999 -9999 -9999 -9999 -9999 -9999 -9999 -9999 -9999 -9999 -9999 -9999 -9999 -9999 -9999 -9999 -9999 -9999 -9999 -9999 -9999 -9999 -9999 -9999 -9999 -9999 -9999 -9999 -9999 -9999 -9999 -9999 -9999 -9999 -9999 -9999 -9999 -9999 -9999 -9999 -9999 -9999 -9999 -9999 -9999 -9999 -9999 -9999 -9999 -9999 -9999 -9999 -9999 -9999 -9999
-9999 -9999 -9999 -9999 -9999 -9999 -9999 -9999 -9999 -9999 -9999 -9999 -9999 -9999 -9999 -9999 -9999 -9999 -9999 -9999 -9999 -9999 -9999 -9999 -9999 -9999 -9999 -9999 -9999 -9999 -9999 -9999 -9999 -9999 -9999 -9999 -9999 -9999 -9999 -9999 -9999 -9999 -9999 -9999 -9999 -9999 -9999 -9999 -9999 -9999 -9999 -9999 -9999 -9999 -9999 -9999 35.2839546203613
-9999 -9999 -9999 -9999 -9999 -9999 -9999 -9999 -9999 -9999 -9999 -9999 -9999 -9999 -9999 -9999 -9999 -9999 -9999 -9999 -9999 -9999 -9999 -9999 -9999 -9999 -9999 -9999 -9999 -9999 -9999 -9999 -9999 -9999 -9999 -9999 -9999 -9999 -9999 -9999 -9999 -9999 -9999 -9999 -9999 -9999 -9999 -9999 -9999 -9999 -9999 -9999 -9999 -9999 35.12255859375 35.2256011962891 35.3021430969238
-9999 -9999 -9999 -9999 -9999 -9999 -9999 -9999 -9999 -9999 -9999 -9999 -9999 -9999 -9999 -9999 -9999 -9999 -9999 -9999 -9999 -9999 -9999 -9999 -9999 -9999 -9999 -9999 -9999 -9999 -9999 -9999 -9999 -9999 -9999 -9999 -9999 -9999 -9999 -9999 -9999 -9999 -9999 -9999 -9999 -9999 -9999 -9999 -9999 -9999 -9999 -9999 -9999 35.0610122680664 35.1347999572754 35.2309112548828 35.3052558898926
-9999 -9999 -9999 -9999 -9999 -9999 -9999 -9999 -9999 -9999 -9999 -9999 -9999 -9999 -9999 -9999 -9999 -9999 -9999 -9999 -9999 -9999 -9999 -9999 -9999 -9999 -9999 -9999 -9999 -9999 -9999 -9999 -9999 -9999 -9999 -9999 -9999 -9999 -9999 -9999 -9999 -9999 -9999 -9999 -9999 -9999 -9999 -9999 -9999 -9999 -9999 34.7551956176758 34.9029426574707 35.0970573425293 35.130859375 35.2163963317871 35.3325805664062
-9999 -9999 -9999 -9999 -9999 -9999 -9999 -9999 -9999 -9999 -9999 -9999 -9999 -9999 -9999 -9999 -9999 -9999 -9999 -9999 -9999 -9999 -9999 -9999 -9999 -9999 -9999 -9999 -9999 -9999 -9999 -9999 -9999 -9999 -9999 -9999 -9999 -9999 -9999 -9999 -9999 -9999 -9999 -9999 -9999 -9999 -9999 -9999 -9999 -9999 34.7247619628906 34.8601493835449 35.0088005065918 35.1381912231445 35.2219886779785 35.3049850463867 35.3475570678711
-9999 -9999 -9999 -9999 -9999 -9999 -9999 -9999 -9999 -9999 -9999 -9999 -9999 -9999 -9999 -9999 -9999 -9999 -9999 -9999 -9999 -9999 -9999 -9999 -9999 -9999 -9999 -9999 -9999 -9999 -9999 -9999 -9999 -9999 -9999 -9999 -9999 -9999 -9999 -9999 -9999 -9999 -9999 -9999 -9999 -9999 -9999 -9999 34.4908294677734 34.594841003418 34.7717742919922 34.883415222168 35.0152397155762 35.156551361084 35.2274208068848 35.319019317627 35.3850364685059
-9999 -9999 -9999 -9999 -9999 -9999 -9999 -9999 -9999 -9999 -9999 -9999 -9999 -9999 -9999 -9999 -9999 -9999 -9999 -9999 -9999 -9999 -9999 -9999 -9999 -9999 -9999 -9999 -9999 -9999 -9999 -9999 -9999 -9999 -9999 -9999 -9999 -9999 -9999 -9999 -9999 -9999 -9999 -9999 -9999 -9999 -9999 34.5049247741699 34.5317420959473 34.6636848449707 34.8434028625488 34.893310546875 35.0447807312012 35.1925621032715 35.2258949279785 35.3248100280762 35.424732208252
-9999 -9999 -9999 -9999 -9999 -9999 -9999 -9999 -9999 -9999 -9999 -9999 -9999 -9999 -9999 -9999 -9999 -9999 -9999 -9999 -9999 -9999 -9999 -9999 -9999 -9999 -9999 -9999 -9999 -9999 -9999 -9999 -9999 -9999 -9999 -9999 -9999 -9999 -9999 -9999 -9999 -9999 -9999 34.6019096374512 34.4630279541016 34.4260711669922 34.4015884399414 34.458610534668 34.5467758178711 34.6608047485352 34.8202438354492 34.919921875 35.1124725341797 35.2639808654785 35.3368682861328 35.3908309936523 35.4180793762207
35.2827529907227 35.0465850830078 34.8242530822754 34.7066497802734 34.4015464782715 34.1520156860352 -9999 -9999 -9999 -9999 -9999 -9999 -9999 -9999 -9999 -9999 -9999 -9999 -9999 -9999 -9999 -9999 -9999 -9999 -9999 -9999 -9999 -9999 -9999 -9999 -9999 -9999 -9999 -9999 -9999 -9999 -9999 -9999 -9999 35.187614440918 35.1411018371582 34.9445648193359 34.8095703125 34.612174987793 34.4924850463867 34.4221839904785 34.4008102416992 34.494010925293 34.5342445373535 34.6542930603027 34.8123893737793 34.9508285522461 35.1236343383789 35.2795829772949 35.3508491516113 35.4006576538086 35.4358673095703
35.3032760620117 35.0629043579102 34.876277923584 34.8111228942871 34.5407485961914 34.3168449401855 34.2305221557617 33.9753189086914 33.8054084777832 33.7588195800781 33.6158638000488 33.6183738708496 33.6265563964844 33.5515022277832 -9999 -9999 -9999 -9999 -9999 -9999 -9999 -9999 -9999 -9999 -9999 -9999 -9999 -9999 -9999 -9999 -9999 -9999 -9999 -9999 -9999 -9999 35.1767044067383 35.1820869445801 35.226318359375 35.2123680114746 35.0693283081055 34.9632606506348 34.8982200622559 34.7080039978027 34.5714950561523 34.5398216247559 34.5120162963867 34.5336570739746 34.5621681213379 34.7026672363281 34.8779296875 34.9383811950684 35.1253051757812 35.2850532531738 35.3145027160645 35.3928833007812 35.4563636779785
35.2881546020508 35.1559371948242 35.0034942626953 34.8485336303711 34.737720489502 34.5601043701172 34.3855667114258 34.2488784790039 34.0391235351562 33.9503059387207 33.917350769043 33.8249664306641 33.8413429260254 33.9801445007324 33.9805946350098 33.9560852050781 34.0367469787598 -9999 33.7791900634766 33.7130889892578 33.4732131958008 33.4187049865723 33.3956527709961 33.2446556091309 33.2686347961426 33.3374824523926 33.3228530883789 33.4331321716309 33.8517913818359 34.1359786987305 34.3690452575684 34.794921875 34.955493927002 35.1321907043457 35.3169555664062 35.3319396972656 35.4004974365234 35.4725303649902 35.4122352600098 35.4179306030273 35.2810020446777 35.0544509887695 34.9335174560547 34.7293090820312 34.565128326416 34.5115051269531 34.4552993774414 34.4790191650391 34.5402679443359 34.6799430847168 34.8360366821289 34.9695625305176 35.2063446044922 35.3563766479492 35.4300193786621 35.4587211608887 35.4327125549316
35.3207321166992 35.1751594543457 35.0217208862305 34.9568138122559 34.7807960510254 34.6276702880859 34.5674819946289 34.3367767333984 34.1933212280273 34.137638092041 34.0186958312988 34.0208396911621 34.0351982116699 34.0709228515625 34.1638526916504 34.2247619628906 34.1635131835938 34.1125602722168 34.0631484985352 33.8594093322754 33.7518539428711 33.6454200744629 33.5197372436523 33.4985847473145 33.4584693908691 33.430591583252 33.5237579345703 33.6950759887695 33.9737739562988 34.346565246582 34.5793075561523 34.9137496948242 35.2161598205566 35.2957572937012 35.402172088623 35.5069618225098 35.4948120117188 35.5260581970215 35.5634422302246 35.4520874023438 35.2930068969727 35.1132354736328 34.9499626159668 34.7304611206055 34.5823287963867 34.4973754882812 34.4398765563965 34.4760055541992 34.5337181091309 34.6540946960449 34.8363838195801 34.9684791564941 35.2027931213379 35.3707885742188 35.4288711547852 35.4656181335449 35.4516754150391
35.385986328125 35.2210311889648 35.0955390930176 35.0623741149902 34.8789024353027 34.7967300415039 34.7595291137695 34.5786514282227 34.5088272094727 34.4732437133789 34.3498725891113 34.3759155273438 34.382251739502 34.3283042907715 34.4773750305176 34.5017433166504 34.3977584838867 34.4745826721191 34.4423027038574 34.2205772399902 34.1707534790039 34.1180458068848 33.8754844665527 33.8644943237305 33.8413696289062 33.7952575683594 34.045238494873 34.1231956481934 34.3533363342285 34.7859802246094 34.9144859313965 35.131175994873 35.4829063415527 35.5296211242676 35.5537338256836 35.7065963745117 35.7123222351074 35.6186790466309 35.5864410400391 35.5381774902344 35.3036270141602 35.1248970031738 35.0435981750488 34.8163833618164 34.6351547241211 34.5943946838379 34.5426788330078 34.5492935180664 34.5798377990723 34.7324256896973 34.9210014343262 34.9738273620605 35.1593246459961 35.3437309265137 35.3744964599609 35.4313201904297 35.4743690490723
35.4391212463379 35.3573570251465 35.2154655456543 35.1359405517578 35.1255874633789 35.0397148132324 34.9434280395508 34.9700050354004 34.8584899902344 34.772346496582 34.7984733581543 34.7046432495117 34.7184181213379 34.8507080078125 34.8522911071777 34.892219543457 35.0012435913086 34.9355888366699 34.8638534545898 34.7914505004883 34.5983505249023 34.4968528747559 34.393196105957 34.2450523376465 34.1977996826172 34.2610473632812 34.3435592651367 34.4922676086426 34.8436126708984 35.1682434082031 35.4221496582031 35.587516784668 35.7178230285645 35.8336791992188 35.8474769592285 35.8831367492676 35.913215637207 35.860767364502 35.7511367797852 35.6685256958008 35.4654769897461 35.2028503417969 35.0449600219727 34.8222198486328 34.6440734863281 34.5693092346191 34.5190200805664 34.5327072143555 34.5894432067871 34.7520408630371 34.926643371582 35.0614166259766 35.283332824707 35.4028778076172 35.4881324768066 35.49951171875 35.4572448730469
35.5213661193848 35.3974456787109 35.287467956543 35.2666435241699 35.1859512329102 35.1426963806152 35.1704635620117 35.0792770385742 35.0434455871582 35.0456657409668 34.938549041748 34.9652404785156 34.9763259887695 34.9848861694336 35.1185264587402 35.1402587890625 35.1281890869141 35.1848182678223 35.1298637390137 34.9236450195312 34.8513488769531 34.7573471069336 34.5278968811035 34.5113220214844 34.5078125 34.4103736877441 34.6189804077148 34.7318992614746 34.9793472290039 35.4633140563965 35.5468101501465 35.6618728637695 35.890926361084 35.9217948913574 35.8920097351074 35.9755172729492 35.9736747741699 35.8957061767578 35.8300018310547 35.7095413208008 35.4775199890137 35.239574432373 35.0676345825195 34.8324317932129 34.6689300537109 34.5945205688477 34.5252876281738 34.5601081848145 34.6326332092285 34.7747611999512 34.974308013916 35.0829582214355 35.300895690918 35.4485626220703 35.4828910827637 35.5060691833496 35.4708709716797
35.6043167114258 35.4990386962891 35.4628486633301 35.4512481689453 35.352123260498 35.4012069702148 35.4068832397461 35.3390312194824 35.4285049438477 35.4226951599121 35.327033996582 35.4120635986328 35.4132347106934 35.35888671875 35.4835433959961 35.5006713867188 35.3962097167969 35.4680480957031 35.4432487487793 35.2269248962402 35.1952171325684 35.1459197998047 34.934398651123 34.954719543457 34.9412879943848 34.9696159362793 35.1411628723145 35.2059326171875 35.3769073486328 35.6372184753418 35.6967353820801 35.7687568664551 35.9575119018555 35.9749565124512 35.9899368286133 36.0274772644043 36.0241165161133 35.9270324707031 35.8175048828125 35.7510070800781 35.5041618347168 35.2703132629395 35.1793823242188 34.9278335571289 34.7397041320801 34.7009124755859 34.6704940795898 34.7119827270508 34.7519721984863 34.9007148742676 35.0838737487793 35.1359786987305 35.2773284912109 35.4257965087891 35.4458847045898 35.4562339782715 35.4850845336914
35.7156600952148 35.687931060791 35.6232147216797 35.574764251709 35.6015396118164 35.6445388793945 35.6356506347656 35.6944046020508 35.7630043029785 35.7402687072754 35.7102203369141 35.7360916137695 35.7451477050781 35.7371215820312 35.7947883605957 35.8384742736816 35.7969245910645 35.7689781188965 35.7251510620117 35.6277770996094 35.5175704956055 35.4119148254395 35.3226776123047 35.2661094665527 35.2336082458496 35.2947654724121 35.4184036254883 35.5807800292969 35.6533737182617 35.734691619873 35.8986434936523 35.9347152709961 35.9653739929199 36.0046653747559 36.0516815185547 36.07470703125 36.0622367858887 36.0524673461914 35.955379486084 35.8341445922852 35.641731262207 35.369255065918 35.1946830749512 34.972972869873 34.7835998535156 34.702220916748 34.698371887207 34.753044128418 34.8216133117676 34.9852561950684 35.1460380554199 35.2876091003418 35.4347801208496 35.4885368347168 35.5341720581055 35.5181312561035 35.473201751709
35.8200454711914 35.7321929931641 35.7038993835449 35.7037658691406 35.6634826660156 35.7594909667969 35.7919845581055 35.7648315429688 35.8915138244629 35.9075317382812 35.7935638427734 35.9058074951172 35.9051246643066 35.8219909667969 35.9713134765625 35.9687576293945 35.8661003112793 35.9126319885254 35.887866973877 35.7043991088867 35.6550598144531 35.6184730529785 35.4251670837402 35.4579963684082 35.4433784484863 35.4058952331543 35.6391830444336 35.6608543395996 35.7167854309082 35.9055023193359 35.9117736816406 35.9462394714355 35.994457244873 36.0189170837402 36.0551643371582 36.0798072814941 36.0901298522949 36.0595703125 35.9682197570801 35.8847465515137 35.6670341491699 35.4220809936523 35.2483024597168 35.0085296630859 34.8564529418945 34.7959289550781 34.7406845092773 34.8152313232422 34.8888282775879 35.022575378418 35.2232398986816 35.3112945556641 35.4527778625488 35.5459175109863 35.538444519043 35.5193328857422 35.4747123718262
35.8716506958008 35.8557357788086 35.8805274963379 35.8770370483398 35.8769187927246 35.9311637878418 35.9515724182129 35.9649887084961 36.0436477661133 36.0526351928711 36.0486793518066 36.0876770019531 36.0888366699219 36.0689849853516 36.091480255127 36.0924224853516 36.0271682739258 36.0323371887207 36.0122909545898 35.9036903381348 35.8760223388672 35.847599029541 35.7840042114258 35.7731018066406 35.7675857543945 35.7659568786621 35.8300971984863 35.853832244873 35.8628005981445 35.9454078674316 35.9477729797363 35.9696884155273 36.0196075439453 36.0282249450684 36.0528144836426 36.0907211303711 36.0889434814453 36.0164604187012 35.9470634460449 35.9020156860352 35.6835479736328 35.471809387207 35.3808670043945 35.1541061401367 34.9985466003418 34.9667167663574 34.939640045166 34.9870147705078 35.0227317810059 35.145824432373 35.3004188537598 35.3483467102051 35.4250030517578 35.5166931152344 35.5177230834961 35.5006790161133 35.4886131286621
35.9565467834473 35.9571723937988 35.9763412475586 35.9685592651367 35.9616050720215 36.013614654541 36.0478858947754 36.0600051879883 36.1168479919434 36.1332473754883 36.1173210144043 36.1370048522949 36.1507301330566 36.1256523132324 36.134693145752 36.1379089355469 36.1103782653809 36.1121559143066 36.0619430541992 36.0367164611816 36.0500259399414 35.9806671142578 35.9380912780762 35.9362258911133 35.9451332092285 35.9194641113281 35.9164848327637 35.9809722900391 35.9743766784668 35.9659614562988 35.9839477539062 36.0138969421387 36.0352554321289 36.0568466186523 36.0980949401855 36.1182136535645 36.1217193603516 36.1317596435547 36.0703010559082 35.974235534668 35.8307189941406 35.6051292419434 35.4391059875488 35.253002166748 35.0714073181152 35.0050392150879 35.0195007324219 35.0640258789062 35.134952545166 35.2583236694336 35.3554801940918 35.4578247070312 35.548210144043 35.573356628418 35.5993461608887 35.5703582763672 35.487361907959
35.9934616088867 35.9726600646973 36.0042839050293 36.0126914978027 35.9860725402832 36.0594062805176 36.0703620910645 36.0706443786621 36.138370513916 36.1515998840332 36.1235656738281 36.1553077697754 36.1525268554688 36.1287841796875 36.1511764526367 36.1475639343262 36.111442565918 36.1129302978516 36.1194305419922 36.0586395263672 36.0770988464355 36.0858993530273 35.9869346618652 36.0235023498535 36.0086898803711 35.9605979919434 36.0176544189453 36.0083503723145 35.9920768737793 36.0020217895508 36.0058708190918 36.0258255004883 36.0533218383789 36.0704498291016 36.1071968078613 36.1366996765137 36.1399116516113 36.1404685974121 36.0843048095703 36.0363502502441 35.8579940795898 35.645378112793 35.5253219604492 35.299674987793 35.1629104614258 35.1031913757324 35.0706367492676 35.1549911499023 35.1934356689453 35.2938690185547 35.4342651367188 35.4792098999023 35.5627593994141 35.6136589050293 35.607593536377 35.5791091918945 35.5221328735352
35.9883155822754 36.0097160339355 36.0485382080078 36.0561218261719 36.0726318359375 36.0870475769043 36.0892601013184 36.110179901123 36.1296195983887 36.1386947631836 36.1508560180664 36.1520309448242 36.1501312255859 36.1496086120605 36.1371192932129 36.1350936889648 36.1261787414551 36.1245155334473 36.125602722168 36.1263732910156 36.1407165527344 36.1399765014648 36.133716583252 36.1249694824219 36.1198806762695 36.090030670166 36.0797348022461 36.0701026916504 36.0414886474609 36.0470161437988 36.048942565918 36.0598068237305 36.0909080505371 36.098949432373 36.1175422668457 36.148551940918 36.149097442627 36.0919075012207 36.0668334960938 36.0318946838379 35.8625602722168 35.7179145812988 35.6568984985352 35.4753379821777 35.3496551513672 35.3162078857422 35.2739791870117 35.3027610778809 35.3263931274414 35.3871803283691 35.50341796875 35.5179443359375 35.5523796081543 35.6062774658203 35.6039810180664 35.5748901367188 35.5406684875488
35.9989471435547 36.0312118530273 36.0375671386719 36.0474662780762 36.0710639953613 36.0691261291504 36.0837326049805 36.1000671386719 36.1013450622559 36.1135139465332 36.1242141723633 36.1251411437988 36.1216087341309 36.1205215454102 36.1086082458496 36.0973320007324 36.1093521118164 36.1135787963867 36.1131057739258 36.1543464660645 36.1703872680664 36.1707954406738 36.1879234313965 36.1843566894531 36.1725730895996 36.1561851501465 36.1275787353516 36.1014785766602 36.0890922546387 36.077205657959 36.0826835632324 36.1093063354492 36.1230506896973 36.1516494750977 36.1724586486816 36.1741218566895 36.1805191040039 36.1852760314941 36.1465759277344 36.0783042907715 36.0076446533203 35.8783493041992 35.736083984375 35.613353729248 35.4740524291992 35.4248237609863 35.4117050170898 35.4061317443848 35.4617385864258 35.5056838989258 35.5469779968262 35.6040496826172 35.6635360717773 35.6795959472656 35.6704330444336 35.6373100280762 35.5584869384766
36.0110931396484 36.0316581726074 36.0376281738281 36.0534210205078 36.0704193115234 36.0773277282715 36.0715751647949 36.0944671630859 36.0953369140625 36.092170715332 36.1132354736328 36.1073875427246 36.1105079650879 36.108570098877 36.0920944213867 36.0985565185547 36.1050224304199 36.1023445129395 36.1296768188477 36.1585311889648 36.1799926757812 36.1799240112305 36.1959915161133 36.2048492431641 36.1988677978516 36.1651763916016 36.1511421203613 36.1314506530762 36.1016464233398 36.1064643859863 36.1155700683594 36.1272926330566 36.160587310791 36.164493560791 36.1849060058594 36.2006912231445 36.1873779296875 36.1871604919434 36.1590805053711 36.1366577148438 36.0308799743652 35.9056777954102 35.8560791015625 35.6711578369141 35.576416015625 35.5195617675781 35.4684600830078 35.524658203125 35.5001487731934 35.5265007019043 35.6061935424805 35.6299934387207 35.6755523681641 35.7012023925781 35.6965026855469 35.651683807373 35.595630645752
