G_variables/Set1/RCP4_2100/Sur_tem_max.asc
NCOLS 229 
NROWS 147 
XLLCORNER -101.25 
YLLCORNER 14.3333333333333 
CELLSIZE 0.0833333333333333 
NODATA_value -9999 
[rows 78 to 103 of 147, columns 57 to 113 of 229]
30.9395637512207 30.9467124938965 30.9791316986084 31.0493793487549 31.0742511749268 31.0860118865967 31.1436233520508 31.1485767364502 31.1588096618652 31.1829624176025 31.1798400878906 31.1863117218018 31.1960830688477 31.1923236846924 31.1932125091553 31.2029857635498 31.200569152832 31.1994380950928 31.2084369659424 31.2029266357422 31.2041492462158 31.2141723632812 31.2153129577637 31.198148727417 31.214427947998 31.2242774963379 31.2244968414307 31.2261867523193 31.2247123718262 31.221960067749 31.2234268188477 31.216381072998 31.2142391204834 31.2045879364014 31.193359375 31.182674407959 31.1694946289062 31.169376373291 31.1594200134277 31.1471462249756 31.1391448974609 31.1424369812012 31.1460361480713 31.1469478607178 31.1468162536621 31.1450901031494 31.1437549591064 31.1364917755127 31.1409721374512 31.1473217010498 31.1431159973145 31.1330718994141 31.1281108856201 31.1266975402832 31.1046085357666 31.1000690460205 31.0700988769531
30.9283294677734 30.9232692718506 30.9365825653076 31.0069236755371 31.0363159179688 31.048641204834 31.1077156066895 31.1136913299561 31.1277027130127 31.1559906005859 31.1558074951172 31.1578025817871 31.1622505187988 31.1597576141357 31.1601486206055 31.1680126190186 31.1706218719482 31.1712951660156 31.1763820648193 31.1718883514404 31.1699657440186 31.1753349304199 31.1701259613037 31.1730461120605 31.1716423034668 31.1717395782471 31.1725921630859 31.1751117706299 31.1766796112061 31.1783771514893 31.1779670715332 31.1774520874023 31.181697845459 31.174955368042 31.1782722473145 31.178258895874 31.1592769622803 31.1589546203613 31.1542873382568 31.1417827606201 31.138916015625 31.1343021392822 31.1374645233154 31.1399822235107 31.1318740844727 31.1253967285156 31.1204528808594 31.1164398193359 31.1198921203613 31.1212844848633 31.1222400665283 31.1115245819092 31.1160373687744 31.1107273101807 31.0781936645508 31.0845565795898 31.056547164917
30.9180965423584 30.9029064178467 30.9590396881104 30.9897651672363 31.0417766571045 31.0741996765137 31.094820022583 31.1404075622559 31.1420421600342 31.1462459564209 31.161340713501 31.1616096496582 31.1531467437744 31.170862197876 31.1592197418213 31.1571674346924 31.1572895050049 31.1630611419678 31.1657581329346 31.178373336792 31.1618957519531 31.1544075012207 31.1426486968994 31.1691226959229 31.1735935211182 31.143238067627 31.1558475494385 31.1556224822998 31.14280128479 31.1620941162109 31.1661148071289 31.1610717773438 31.1687126159668 31.1707344055176 31.1814517974854 31.1638469696045 31.1642246246338 31.1580638885498 31.1465492248535 31.1415157318115 31.1327934265137 31.1311931610107 31.1380367279053 31.1501808166504 31.126558303833 31.1221961975098 31.1315994262695 31.1097469329834 31.1180534362793 31.1080932617188 31.1089057922363 31.1059837341309 31.1270351409912 31.087682723999 31.0788402557373 31.1009292602539 31.0191802978516
30.8968257904053 30.9292507171631 30.9663200378418 31.0085678100586 31.0411567687988 31.0603942871094 31.1221752166748 31.1241016387939 31.1294097900391 31.1574001312256 31.155065536499 31.1585273742676 31.1696434020996 31.1520538330078 31.1487350463867 31.1567649841309 31.1550693511963 31.1545238494873 31.1559581756592 31.1573925018311 31.1540012359619 31.147741317749 31.1598663330078 31.1573619842529 31.1607322692871 31.1595764160156 31.1406383514404 31.1475734710693 31.1482238769531 31.1473445892334 31.1582069396973 31.1576805114746 31.157844543457 31.1654224395752 31.1612453460693 31.1561965942383 31.1547889709473 31.1542720794678 31.1420211791992 31.1327419281006 31.1323394775391 31.1306571960449 31.117166519165 31.1217918395996 31.12184715271 31.1062240600586 31.1033611297607 31.0980339050293 31.0977764129639 31.0947189331055 31.0921821594238 31.0779323577881 31.074047088623 31.0681934356689 31.0389995574951 31.0251579284668 31.0126361846924
-9999 30.8980941772461 30.9212989807129 30.967960357666 30.9948425292969 31.0406951904297 31.1049251556396 31.1207637786865 31.1096420288086 31.1350574493408 31.1330394744873 31.1329383850098 31.1409683227539 31.1199550628662 31.1152973175049 31.1233215332031 31.1245269775391 31.1211948394775 31.1279296875 31.1276473999023 31.1289653778076 31.1365394592285 31.1329669952393 31.1300163269043 31.1309623718262 31.1281852722168 31.1119747161865 31.1204872131348 31.1229496002197 31.1283397674561 31.1402530670166 31.1392517089844 31.134428024292 31.1407852172852 31.1389236450195 31.139965057373 31.1401863098145 31.1411399841309 31.1355819702148 31.1266174316406 31.1212558746338 31.1210422515869 31.1003742218018 31.0882720947266 31.0852603912354 31.0661010742188 31.0586833953857 31.0547962188721 31.0554141998291 31.0461483001709 31.0423717498779 31.0243492126465 31.0121440887451 31.0055656433105 30.9702072143555 30.9575481414795 30.9486675262451
-9999 30.8621978759766 30.9152336120605 30.9708061218262 31.0071449279785 31.0946178436279 31.1183567047119 31.1469535827637 31.1266040802002 31.1231422424316 31.1400299072266 31.1329860687256 31.1259994506836 31.1244945526123 31.1089115142822 31.1060447692871 31.100154876709 31.1157398223877 31.1213073730469 31.136417388916 31.1298122406006 31.1252689361572 31.1168899536133 31.1201171875 31.1208572387695 31.1056499481201 31.1066265106201 31.1105937957764 31.1002655029297 31.1298141479492 31.135763168335 31.1355838775635 31.1303119659424 31.1283683776855 31.1354675292969 31.1255722045898 31.1315994262695 31.1551666259766 31.123119354248 31.1201057434082 31.1256370544434 31.1120777130127 31.1011810302734 31.0903205871582 31.0697803497314 31.0563049316406 31.0357360839844 31.0334072113037 31.040994644165 31.0419445037842 31.0158290863037 31.0010299682617 31.0140571594238 30.9551830291748 30.9428062438965 30.963264465332 30.8965339660645
-9999 30.8710460662842 30.922477722168 30.9652881622314 31.0257797241211 31.1022796630859 31.1722526550293 31.1213798522949 31.1031723022461 31.1270923614502 31.1197319030762 31.114839553833 31.1223106384277 31.1159038543701 31.0937194824219 31.1018390655518 31.1015720367432 31.1053504943848 31.1185283660889 31.1195430755615 31.1136779785156 31.1223564147949 31.1160469055176 31.1155128479004 31.1153354644775 31.1143589019775 31.1033458709717 31.1126956939697 31.1205768585205 31.1371955871582 31.1427822113037 31.1279106140137 31.1210060119629 31.119161605835 31.1053638458252 31.1006374359131 31.100513458252 31.1031017303467 31.1113109588623 31.1019268035889 31.1093368530273 31.1156139373779 31.0839958190918 31.0712909698486 31.0596084594727 31.0271797180176 31.0196285247803 31.0109062194824 31.0064735412598 31.0012474060059 30.9948215484619 30.9618701934814 30.9479274749756 30.9166526794434 30.874698638916 30.8952865600586 30.8826293945312
-9999 -9999 30.8932189941406 30.9344043731689 30.9547061920166 30.9976100921631 31.0674076080322 31.0668296813965 31.0474414825439 31.0810527801514 31.0877513885498 31.0770149230957 31.084831237793 31.0829010009766 31.0751667022705 31.0684108734131 31.0671710968018 31.0683765411377 31.0853595733643 31.0858898162842 31.0810298919678 31.0909843444824 31.0941295623779 31.0896587371826 31.094310760498 31.1004505157471 31.0857200622559 31.0950698852539 31.10178565979 31.1048450469971 31.1058101654053 31.0979385375977 31.0831775665283 31.0777549743652 31.0605926513672 31.0479831695557 31.048511505127 31.0588550567627 31.0691108703613 31.0613327026367 31.0594253540039 31.0627536773682 31.0324420928955 31.0206604003906 30.9977569580078 30.9640846252441 30.9474182128906 30.9398574829102 30.9146595001221 30.9262523651123 30.9137306213379 30.8769454956055 30.8643531799316 30.8474159240723 30.8085670471191 30.808650970459 30.8083095550537
-9999 -9999 30.8663921356201 30.8986549377441 30.8870277404785 30.9534168243408 30.9881248474121 31.0489349365234 31.0373077392578 31.0459518432617 31.0914611816406 31.0721740722656 31.0660972595215 31.0736331939697 31.0698757171631 31.0512008666992 31.0467643737793 31.0653285980225 31.0701332092285 31.0864849090576 31.0793628692627 31.0830211639404 31.1059875488281 31.0897941589355 31.0879154205322 31.1178607940674 31.0810260772705 31.0869789123535 31.1265411376953 31.0925598144531 31.0869426727295 31.0978183746338 31.0699634552002 31.0590839385986 31.0472946166992 31.0333385467529 31.0386409759521 31.06960105896 31.0466823577881 31.0491905212402 31.0687980651855 31.0273418426514 31.0158710479736 31.0066184997559 30.9648132324219 30.9487152099609 30.9390716552734 30.9072208404541 30.8952980041504 30.9044380187988 30.8804130554199 30.8579788208008 30.8387775421143 30.8175373077393 30.8088684082031 30.7844276428223 30.768892288208
-9999 -9999 30.8654632568359 30.8830280303955 30.8844833374023 30.9208106994629 30.9608783721924 30.9704742431641 30.9891757965088 31.038948059082 31.0412826538086 31.0390644073486 31.0597629547119 31.0525283813477 31.0473766326904 31.0560035705566 31.0446300506592 31.0465641021729 31.0569972991943 31.059440612793 31.0577850341797 31.071174621582 31.0704956054688 31.0654182434082 31.0694065093994 31.0732688903809 31.0731029510498 31.0631351470947 31.0700950622559 31.0658760070801 31.0563583374023 31.0535011291504 31.0449047088623 31.0242862701416 31.0210762023926 31.015682220459 31.0120334625244 31.0181694030762 31.0188331604004 31.0122127532959 31.0146617889404 31.0048522949219 30.9690856933594 30.958703994751 30.942533493042 30.9018840789795 30.8914661407471 30.8837966918945 30.8523826599121 30.8480968475342 30.8580722808838 30.826150894165 30.82053565979 30.8098640441895 30.779899597168 30.7796039581299 30.7596817016602
-9999 -9999 -9999 -9999 30.8346900939941 30.8407535552979 30.8903884887695 30.8633460998535 30.8725185394287 30.9283332824707 30.9377002716064 30.947696685791 30.9748764038086 30.9753532409668 30.9863300323486 30.9957027435303 30.9969959259033 30.9921913146973 31.0000324249268 30.99924659729 31.0047969818115 31.0159244537354 31.0136699676514 31.0228424072266 31.0333118438721 31.033561706543 31.0326194763184 31.0200538635254 31.0147914886475 31.0115451812744 31.000373840332 30.9898223876953 30.9851951599121 30.9663829803467 30.9535312652588 30.9501323699951 30.9445114135742 30.9290523529053 30.9372043609619 30.9280872344971 30.9291152954102 30.910135269165 30.8733463287354 30.843879699707 30.8325824737549 30.7886066436768 30.7786102294922 30.7720222473145 30.7400665283203 30.7360916137695 30.7521438598633 30.7413234710693 30.7438907623291 30.7445907592773 30.7197589874268 30.7250537872314 30.7278270721436
-9999 -9999 -9999 -9999 30.7639293670654 30.8211994171143 30.8269920349121 30.8391513824463 30.8543663024902 30.8757286071777 30.9560203552246 30.927001953125 30.9373607635498 31.0149097442627 30.9710483551025 30.9602603912354 30.9930458068848 30.976224899292 30.9743709564209 30.9872055053711 30.9893207550049 30.9890155792236 30.9934692382812 31.0071277618408 31.0106830596924 31.0028228759766 31.0091934204102 30.9935359954834 30.9924297332764 30.9825019836426 30.9732437133789 30.9479904174805 30.9547500610352 30.9420204162598 30.9242362976074 30.9217510223389 30.92258644104 30.924955368042 30.9014072418213 30.9037532806396 30.9049968719482 30.862283706665 30.848653793335 30.8398818969727 30.7810821533203 30.7611656188965 30.7470264434814 30.7213230133057 30.7144756317139 30.7030792236328 30.7119941711426 30.7181358337402 30.6948699951172 30.7143936157227 30.7194805145264 30.7040328979492 30.7138271331787
-9999 -9999 -9999 -9999 -9999 30.7716236114502 30.7925109863281 30.7996654510498 30.8175964355469 30.8325672149658 30.8430557250977 30.8509006500244 30.9030284881592 30.9108352661133 30.9055061340332 30.9266910552979 30.9261684417725 30.9257469177246 30.9431552886963 30.9434146881104 30.9528198242188 30.9723453521729 30.9741306304932 30.979700088501 30.9967765808105 30.9959316253662 30.9882259368896 30.9881343841553 30.9694976806641 30.9647769927979 30.9477996826172 30.9400119781494 30.9328422546387 30.9154891967773 30.9115219116211 30.9087467193604 30.8792533874512 30.8777465820312 30.8738994598389 30.8380088806152 30.8425159454346 30.8337860107422 30.7790851593018 30.7573547363281 30.7443161010742 30.6983108520508 30.6925640106201 30.6808738708496 30.6692790985107 30.672061920166 30.6711730957031 30.6817779541016 30.6883335113525 30.6948623657227 30.7058811187744 30.6952285766602 30.6954975128174
-9999 -9999 -9999 -9999 -9999 -9999 30.7175045013428 30.6984672546387 30.7049236297607 30.7387447357178 30.7075004577637 30.7207832336426 30.7794456481934 30.7825908660889 30.8032169342041 30.8317813873291 30.8310813903809 30.8423614501953 30.8636569976807 30.8751640319824 30.8834419250488 30.9075584411621 30.9108543395996 30.9280853271484 30.9497680664062 30.9493942260742 30.9496307373047 30.9380798339844 30.9183311462402 30.9139652252197 30.8983039855957 30.8907070159912 30.8927783966064 30.8747272491455 30.8646469116211 30.8620567321777 30.8288822174072 30.8197994232178 30.7964267730713 30.7555751800537 30.7478256225586 30.7157535552979 30.6544151306152 30.60569190979 30.5937271118164 30.5450839996338 30.5358791351318 30.5418338775635 30.541374206543 30.5500888824463 30.5877246856689 30.6166858673096 30.6538486480713 30.6627140045166 30.6787662506104 30.7045631408691 30.7095012664795
-9999 -9999 -9999 -9999 -9999 -9999 30.6745662689209 30.5376720428467 30.6662082672119 30.6698131561279 30.572904586792 30.6846408843994 30.710054397583 30.7305450439453 30.7556991577148 30.7697772979736 30.7952041625977 30.8078231811523 30.8156280517578 30.8313255310059 30.8623065948486 30.87428855896 30.8813495635986 30.9098415374756 30.924955368042 30.9683990478516 30.9356956481934 30.9159145355225 30.8887577056885 30.8870086669922 30.8811321258545 30.8620548248291 30.867057800293 30.8610210418701 30.8296051025391 30.8270931243896 30.8156509399414 30.7550067901611 30.752534866333 30.7336177825928 30.6783428192139 30.6503868103027 30.6206607818604 30.5551795959473 30.5285358428955 30.5027084350586 30.4193439483643 30.4887771606445 30.5060901641846 30.5089244842529 30.5655326843262 30.5934314727783 30.6480045318604 30.6524829864502 30.6674365997314 30.6911334991455 30.7114124298096
-9999 -9999 -9999 -9999 -9999 -9999 -9999 -9999 30.6357288360596 30.656099319458 30.6532077789307 30.6681022644043 30.6984844207764 30.7030620574951 30.7019786834717 30.7584209442139 30.7565078735352 30.7527694702148 30.7952365875244 30.8085803985596 30.8225345611572 30.8691997528076 30.8745212554932 30.8844165802002 30.9158630371094 30.9211044311523 30.9147167205811 30.9145107269287 30.8922309875488 30.8701229095459 30.8586711883545 30.8636913299561 30.8664951324463 30.8549766540527 30.8443489074707 30.8413372039795 30.7975578308105 30.7835140228271 30.7690830230713 30.6865272521973 30.666130065918 30.638744354248 30.54807472229 30.5264873504639 30.5030612945557 30.4517803192139 30.4348278045654 30.4436817169189 30.4827308654785 30.4963283538818 30.5205135345459 30.6002578735352 30.6102066040039 30.6212177276611 30.6861839294434 30.6947593688965 30.7075500488281
-9999 -9999 -9999 -9999 -9999 -9999 -9999 30.6387233734131 30.6290302276611 -9999 30.6203689575195 30.6216945648193 30.6415271759033 30.6610488891602 30.6574096679688 30.6923408508301 30.7069969177246 30.6869010925293 30.7121753692627 30.747953414917 30.7673778533936 30.8164157867432 30.8251113891602 30.834774017334 30.8670959472656 30.8726425170898 30.8726978302002 30.8719024658203 30.8519859313965 30.8311729431152 30.8284740447998 30.8499412536621 30.871997833252 30.859203338623 30.8593521118164 30.8503704071045 30.8057632446289 30.7709522247314 30.7507839202881 30.6534233093262 30.624870300293 30.5530090332031 30.440315246582 30.4240303039551 30.4000511169434 30.3668518066406 30.361047744751 30.398021697998 30.4267024993896 30.4610786437988 30.4908638000488 30.5415992736816 30.5946063995361 30.6095867156982 30.6826858520508 30.702127456665 30.7473239898682
-9999 -9999 -9999 -9999 -9999 -9999 -9999 -9999 -9999 -9999 -9999 -9999 -9999 -9999 -9999 -9999 30.6528644561768 30.6791858673096 30.7037162780762 30.7040481567383 30.7628307342529 30.7862892150879 30.8149471282959 30.8294296264648 30.8471755981445 30.9059181213379 30.8704948425293 30.8571109771729 30.8391933441162 30.8357219696045 30.8362369537354 30.8640098571777 30.8669681549072 30.8721599578857 30.8779277801514 30.8411731719971 30.8272933959961 30.8135185241699 30.7226181030273 30.6733455657959 30.5889167785645 30.5044536590576 30.4483776092529 30.3229579925537 30.3770980834961 30.3363208770752 30.1719799041748 30.3404102325439 30.4042701721191 -9999 -9999 -9999 -9999 30.6335430145264 30.6596755981445 30.6945381164551 30.7785816192627
-9999 -9999 -9999 -9999 -9999 -9999 -9999 -9999 -9999 -9999 -9999 -9999 -9999 -9999 -9999 -9999 -9999 30.6997547149658 30.7115459442139 30.7422904968262 30.7643146514893 30.7855319976807 30.8012351989746 30.8098659515381 30.8408012390137 30.8458728790283 30.8418712615967 30.8670921325684 30.8562450408936 30.8426284790039 30.8701572418213 30.8657112121582 30.8746814727783 30.8847217559814 30.8774490356445 30.8731136322021 30.8137989044189 30.7987442016602 30.7660102844238 30.6357593536377 30.6038780212402 30.5553703308105 30.4595165252686 30.3984985351562 30.3757572174072 -9999 -9999 -9999 -9999 -9999 -9999 -9999 -9999 30.634744644165 30.7084560394287 30.7317409515381 30.7633018493652
-9999 -9999 -9999 -9999 -9999 -9999 -9999 -9999 -9999 -9999 -9999 -9999 -9999 -9999 -9999 -9999 -9999 -9999 -9999 -9999 30.7319507598877 30.7550029754639 30.7357845306396 30.7442531585693 30.7726535797119 30.7855052947998 30.7851524353027 30.8218898773193 30.845724105835 30.85426902771 30.876781463623 30.8915138244629 30.8991241455078 30.902027130127 30.9063606262207 30.8750667572021 30.8328227996826 30.807466506958 30.7463130950928 30.6537303924561 30.5941333770752 30.5337867736816 30.4711017608643 30.3944206237793 -9999 -9999 -9999 -9999 -9999 -9999 -9999 -9999 -9999 -9999 -9999 30.7466602325439 30.808349609375
-9999 -9999 -9999 -9999 -9999 -9999 -9999 -9999 -9999 -9999 -9999 -9999 -9999 -9999 -9999 -9999 -9999 -9999 -9999 -9999 -9999 30.7276649475098 30.7009162902832 30.7352485656738 30.7457027435303 30.7534580230713 30.7851314544678 30.7962589263916 30.8215065002441 30.8644065856934 30.8770236968994 30.9562454223633 30.9109668731689 30.9137191772461 30.9602508544922 30.8947868347168 -9999 -9999 -9999 -9999 30.6082077026367 -9999 -9999 -9999 -9999 -9999 -9999 -9999 -9999 -9999 -9999 -9999 -9999 -9999 -9999 -9999 -9999
-9999 -9999 -9999 -9999 -9999 -9999 -9999 -9999 -9999 -9999 -9999 -9999 -9999 -9999 -9999 -9999 -9999 -9999 -9999 -9999 -9999 -9999 30.7128429412842 30.7226428985596 30.7305221557617 30.7403831481934 30.7427597045898 30.8087005615234 30.8222312927246 30.8388519287109 30.8734588623047 30.9023532867432 30.9097843170166 30.9056205749512 30.9160041809082 -9999 -9999 -9999 -9999 -9999 -9999 -9999 -9999 -9999 -9999 -9999 -9999 -9999 -9999 -9999 -9999 -9999 -9999 -9999 -9999 -9999 -9999
-9999 -9999 -9999 -9999 -9999 -9999 -9999 -9999 -9999 -9999 -9999 -9999 -9999 -9999 -9999 -9999 -9999 -9999 -9999 -9999 -9999 -9999 -9999 30.6922607421875 30.7040882110596 30.7111911773682 30.7317199707031 30.7733383178711 30.8095684051514 30.8384895324707 -9999 30.9025020599365 -9999 -9999 -9999 -9999 -9999 -9999 -9999 -9999 -9999 -9999 -9999 -9999 -9999 -9999 -9999 -9999 -9999 -9999 -9999 -9999 -9999 -9999 -9999 -9999 -9999
-9999 -9999 -9999 -9999 -9999 -9999 -9999 -9999 -9999 -9999 -9999 -9999 -9999 -9999 -9999 -9999 -9999 -9999 -9999 -9999 -9999 -9999 -9999 -9999 30.6870994567871 30.6040134429932 -9999 -9999 -9999 -9999 -9999 -9999 -9999 -9999 -9999 -9999 -9999 -9999 -9999 -9999 -9999 -9999 -9999 -9999 -9999 -9999 -9999 -9999 -9999 -9999 -9999 -9999 -9999 -9999 -9999 -9999 -9999
-9999 -9999 -9999 -9999 -9999 -9999 -9999 -9999 -9999 -9999 -9999 -9999 -9999 -9999 -9999 -9999 -9999 -9999 -9999 -9999 -9999 -9999 -9999 -9999 -9999 -9999 -9999 -9999 -9999 -9999 -9999 -9999 -9999 -9999 -9999 -9999 -9999 -9999 -9999 -9999 -9999 -9999 -9999 -9999 -9999 -9999 -9999 -9999 -9999 -9999 -9999 -9999 -9999 -9999 -9999 -9999 -9999
-9999 -9999 -9999 -9999 -9999 -9999 -9999 -9999 -9999 -9999 -9999 -9999 -9999 -9999 -9999 -9999 -9999 -9999 -9999 -9999 -9999 -9999 -9999 -9999 -9999 -9999 -9999 -9999 -9999 -9999 -9999 -9999 -9999 -9999 -9999 -9999 -9999 -9999 -9999 -9999 -9999 -9999 -9999 -9999 -9999 -9999 -9999 -9999 -9999 -9999 -9999 -9999 -9999 -9999 -9999 -9999 -9999
