G_variables/Set1/RCP4_2100/Sur_tem_min.asc
NCOLS 229 
NROWS 147 
XLLCORNER -101.25 
YLLCORNER 14.3333333333333 
CELLSIZE 0.0833333333333333 
NODATA_value -9999 
[rows 78 to 103 of 147, columns 171 to 227 of 229]
27.0143585205078 27.0343818664551 27.0589160919189 27.0886383056641 27.0978908538818 27.1080436706543 27.1165199279785 27.1381950378418 27.1389083862305 27.1092567443848 27.1085586547852 27.0985317230225 27.069299697876 27.0517749786377 27.0462627410889 27.0096874237061 26.9990367889404 27.0055694580078 26.9859294891357 26.9749565124512 26.964729309082 26.9496803283691 26.9381198883057 26.9316291809082 -9999 -9999 -9999 -9999 -9999 -9999 -9999 -9999 -9999 -9999 -9999 -9999 -9999 -9999 -9999 -9999 -9999 -9999 -9999 -9999 -9999 -9999 -9999 -9999 -9999 -9999 -9999 -9999 -9999 -9999 -9999 -9999 -9999
27.0292491912842 27.0447521209717 27.0603904724121 27.1100749969482 27.1161594390869 27.1249160766602 27.1522426605225 27.157039642334 27.1534671783447 27.1224937438965 27.1201000213623 27.1133232116699 27.0800590515137 27.0740642547607 27.0641403198242 27.0300960540771 27.0278224945068 27.015079498291 27.0248680114746 27.0142192840576 27.0008277893066 26.9863414764404 26.9779186248779 26.9721298217773 26.954870223999 -9999 -9999 -9999 -9999 -9999 -9999 -9999 -9999 -9999 -9999 -9999 -9999 -9999 -9999 -9999 -9999 -9999 -9999 -9999 -9999 -9999 -9999 -9999 -9999 -9999 -9999 -9999 -9999 -9999 -9999 -9999 -9999
27.0105876922607 27.0646362304688 27.0796451568604 27.1084976196289 27.1367816925049 27.1297168731689 27.1579341888428 27.1667709350586 27.1529006958008 27.1461696624756 27.1296577453613 27.1132373809814 27.0984020233154 27.065393447876 27.0580558776855 27.0495853424072 27.0298671722412 27.0204620361328 27.0320243835449 27.0167388916016 27.0139446258545 27.0105075836182 26.9924144744873 26.9932441711426 26.9930458068848 26.9680118560791 -9999 -9999 -9999 -9999 -9999 -9999 -9999 -9999 -9999 -9999 -9999 -9999 -9999 -9999 -9999 -9999 -9999 -9999 -9999 -9999 -9999 -9999 -9999 -9999 -9999 -9999 -9999 -9999 -9999 -9999 -9999
27.037691116333 27.0593929290771 27.0749340057373 27.1112308502197 27.1316967010498 27.1463775634766 27.1602210998535 27.1635303497314 27.1678314208984 27.1427440643311 27.1311950683594 27.132287979126 27.0995750427246 27.0903816223145 27.0774402618408 27.0541915893555 27.0573406219482 27.0491542816162 27.0374622344971 27.0312957763672 27.0328254699707 27.0235633850098 27.0165386199951 27.0213928222656 27.0152759552002 27.0019798278809 26.9965038299561 -9999 -9999 -9999 -9999 -9999 -9999 -9999 -9999 -9999 -9999 -9999 -9999 -9999 -9999 -9999 -9999 -9999 -9999 -9999 -9999 -9999 -9999 -9999 -9999 -9999 -9999 -9999 -9999 -9999 -9999
27.0480995178223 27.0774536132812 27.0928726196289 27.1286239624023 27.1401958465576 27.1702995300293 27.1802234649658 27.1839923858643 27.1876487731934 27.1635475158691 27.1623020172119 27.1584987640381 27.1273517608643 27.1156101226807 27.1097202301025 27.0844249725342 27.0895709991455 27.0898284912109 27.0860977172852 27.0771865844727 27.0894451141357 27.0739555358887 27.0740718841553 27.0720767974854 27.0667324066162 27.0638637542725 27.0616416931152 -9999 -9999 -9999 -9999 -9999 -9999 -9999 -9999 -9999 -9999 -9999 -9999 -9999 -9999 -9999 -9999 -9999 -9999 -9999 -9999 -9999 -9999 -9999 -9999 -9999 -9999 -9999 -9999 -9999 -9999
27.0161094665527 27.0860118865967 27.1040115356445 27.1287326812744 27.1789455413818 27.1686973571777 27.1868228912354 27.1919574737549 27.1822719573975 27.1781959533691 27.1640663146973 27.1545715332031 27.1452178955078 27.1264419555664 27.1217746734619 27.1173782348633 27.1017761230469 27.0990467071533 27.1090183258057 27.0979385375977 27.0991344451904 27.0984859466553 27.0894241333008 27.0937099456787 27.0911655426025 27.0835990905762 27.0837154388428 27.0817413330078 -9999 -9999 -9999 -9999 -9999 -9999 -9999 -9999 -9999 -9999 -9999 -9999 -9999 -9999 -9999 -9999 -9999 -9999 -9999 -9999 -9999 -9999 -9999 -9999 -9999 -9999 -9999 -9999 -9999
27.0321502685547 27.0843753814697 27.1070098876953 27.145601272583 27.1580677032471 27.1704597473145 27.1929550170898 27.1966800689697 27.200267791748 27.1831092834473 27.1747741699219 27.1779613494873 27.1528949737549 27.154483795166 27.145902633667 27.1264400482178 27.1411876678467 27.1369762420654 27.1348457336426 27.130334854126 27.1333808898926 27.116584777832 27.1156635284424 27.1212062835693 27.1185035705566 27.1109600067139 27.1068553924561 27.106746673584 27.1080913543701 27.1059722900391 27.0985450744629 27.0947799682617 -9999 -9999 -9999 -9999 -9999 -9999 -9999 -9999 -9999 -9999 -9999 -9999 -9999 -9999 -9999 -9999 -9999 -9999 -9999 -9999 -9999 -9999 -9999 -9999 -9999
27.0753021240234 27.1017436981201 27.1297302246094 27.1622524261475 27.1791973114014 27.1896667480469 27.1933422088623 27.2216548919678 27.2248573303223 27.208948135376 27.2107524871826 27.2108955383301 27.1884841918945 27.19215965271 27.1879501342773 27.1722888946533 27.1805477142334 27.1818790435791 27.183708190918 27.178747177124 27.1843204498291 27.1759223937988 27.170295715332 27.1734771728516 27.1728763580322 27.1653079986572 27.1625232696533 27.1631774902344 27.1650123596191 27.1652030944824 27.1569366455078 27.1548919677734 27.1585063934326 27.16428565979 27.1764297485352 27.1692142486572 27.1659660339355 27.1682529449463 27.1708126068115 -9999 -9999 -9999 -9999 -9999 -9999 -9999 -9999 -9999 -9999 -9999 -9999 -9999 -9999 -9999 -9999 -9999 -9999
27.0744857788086 27.1167659759521 27.1501750946045 27.1668815612793 27.1960792541504 27.1922054290771 27.2149982452393 27.2250080108643 27.2176456451416 27.2274532318115 27.2261428833008 27.2197151184082 27.2155838012695 27.2049198150635 27.1951541900635 27.1999912261963 27.2026977539062 27.1949367523193 27.2037982940674 27.1909675598145 27.1917610168457 27.1940402984619 27.1833629608154 27.1859340667725 27.1877632141113 27.1823558807373 27.1837615966797 27.1816921234131 27.1903381347656 27.1909809112549 27.1804542541504 27.1758861541748 27.1844940185547 27.1956806182861 27.2021465301514 27.1964225769043 27.2002258300781 27.2026538848877 27.20090675354 27.2009716033936 27.204719543457 27.2068462371826 27.2112770080566 -9999 -9999 -9999 -9999 -9999 -9999 -9999 -9999 -9999 -9999 -9999 -9999 -9999 -9999
27.1016387939453 27.1233921051025 27.1465435028076 27.1705837249756 27.1909790039062 27.2003498077393 27.2237110137939 27.2286186218262 27.2336902618408 27.2302570343018 27.2265300750732 27.2320175170898 27.230504989624 27.2302551269531 27.2232151031494 27.2083415985107 27.207555770874 27.2163619995117 27.2144584655762 27.2263164520264 27.2145938873291 27.2043972015381 27.2029361724854 27.2048206329346 27.2145214080811 27.2169284820557 27.2188091278076 27.2234954833984 27.2232704162598 27.2213191986084 27.2086009979248 27.2115955352783 27.2191753387451 27.2264347076416 27.2297096252441 27.2237205505371 27.232105255127 27.2357158660889 27.2272090911865 27.2380714416504 27.2405166625977 27.2522144317627 27.2567405700684 27.2621383666992 -9999 -9999 -9999 -9999 -9999 -9999 -9999 -9999 -9999 -9999 -9999 -9999 -9999
27.1244087219238 27.1408462524414 27.1583232879639 27.1866664886475 27.1990337371826 27.2065258026123 27.2357215881348 27.2522926330566 27.2621192932129 27.255521774292 27.2608985900879 27.265438079834 27.2661247253418 27.2664165496826 27.2626495361328 27.2451190948486 27.2463073730469 27.257137298584 27.257381439209 27.2679309844971 27.2555618286133 27.2481937408447 27.2485904693604 27.2548694610596 27.2609386444092 27.2654895782471 27.2689590454102 27.275297164917 27.2761707305908 27.2714977264404 27.2815113067627 27.2812404632568 27.2765026092529 27.2820606231689 27.2869205474854 27.2803268432617 27.2886047363281 27.2935447692871 27.2955551147461 27.3104953765869 27.3165111541748 27.3305377960205 27.33056640625 27.3268451690674 27.3279552459717 -9999 -9999 -9999 -9999 -9999 -9999 -9999 -9999 -9999 -9999 -9999 -9999
27.1221313476562 27.1481590270996 27.174108505249 27.1918640136719 27.2176151275635 27.2151775360107 27.2460231781006 27.2697849273682 27.2716674804688 27.2760734558105 27.28053855896 27.2763671875 27.2920150756836 27.2881507873535 27.2672271728516 27.2632102966309 27.2570419311523 27.2674865722656 27.2780895233154 27.2706909179688 27.2618083953857 27.2620315551758 27.2665958404541 27.2761554718018 27.2834014892578 27.2882995605469 27.2904434204102 27.2958698272705 27.3020343780518 27.3006019592285 27.3056468963623 27.3027820587158 27.2988662719727 27.3002223968506 27.3116779327393 27.3103923797607 27.3130626678467 27.3222541809082 27.3369159698486 27.3425350189209 27.3545799255371 27.3632221221924 27.3558158874512 27.3654766082764 27.3564109802246 27.3509140014648 -9999 -9999 -9999 -9999 -9999 -9999 -9999 -9999 -9999 -9999 -9999
27.128360748291 27.1572189331055 27.172513961792 27.1995658874512 27.2110843658447 27.2289867401123 27.2700901031494 27.2784118652344 27.2811317443848 27.2800312042236 27.282564163208 27.2932014465332 27.2980537414551 27.2926788330078 27.282262802124 27.2694110870361 27.2626953125 27.2627391815186 27.2886924743652 27.2829914093018 27.2749443054199 27.2719802856445 27.2724647521973 27.2799491882324 27.2934989929199 27.2961750030518 27.3069133758545 27.3224105834961 27.3178806304932 27.3133487701416 27.3118896484375 27.312328338623 27.3130779266357 27.3211135864258 27.3234691619873 27.3208293914795 27.3409595489502 27.3460178375244 27.3524646759033 27.3662796020508 27.3717956542969 27.3799896240234 27.3821773529053 27.3787117004395 27.3749294281006 27.3684978485107 -9999 -9999 -9999 -9999 -9999 -9999 -9999 -9999 -9999 -9999 -9999
27.1382484436035 27.1494083404541 27.1726131439209 27.2043304443359 27.2151050567627 27.2364482879639 27.2617111206055 27.2894611358643 27.2986717224121 27.2984523773193 27.3051071166992 27.3135833740234 27.3136196136475 27.3127136230469 27.308177947998 27.2958946228027 27.294095993042 27.2977485656738 27.3041915893555 27.3156433105469 27.3197727203369 27.3171730041504 27.3185958862305 27.3155574798584 27.3285217285156 27.3336219787598 27.3435153961182 27.3585166931152 27.3562450408936 27.3433876037598 27.3522148132324 27.3579521179199 27.3598403930664 27.3691158294678 27.3740844726562 27.3813724517822 27.3891677856445 27.3983821868896 27.4015598297119 27.4153308868408 27.4251689910889 27.4292163848877 27.4416656494141 27.4311237335205 27.4266662597656 27.4197940826416 27.413688659668 -9999 -9999 -9999 -9999 -9999 -9999 -9999 -9999 -9999 -9999
27.1329498291016 27.1628150939941 27.1813011169434 27.1949520111084 27.2296772003174 27.2561988830566 27.2667369842529 27.2876377105713 27.3013496398926 27.3061027526855 27.3138294219971 27.3165245056152 27.3174476623535 27.3116664886475 27.3032989501953 27.3105564117432 27.3125953674316 27.3059215545654 27.3172512054443 27.317626953125 27.330680847168 27.3264274597168 27.3316402435303 27.322546005249 27.3261795043945 27.3360691070557 27.3456802368164 27.3627986907959 27.3590316772461 27.3582572937012 27.3651695251465 27.3711280822754 27.3817844390869 27.3901462554932 27.4020767211914 27.4133720397949 27.4182643890381 27.4268970489502 27.4233894348145 27.4331359863281 27.4382152557373 27.4492588043213 27.446720123291 27.4457416534424 27.4431705474854 27.436695098877 27.4296035766602 27.4231357574463 -9999 -9999 -9999 -9999 -9999 -9999 -9999 -9999 -9999
27.1402740478516 27.1616477966309 27.1752376556396 27.2074031829834 27.2200717926025 27.2527256011963 27.268949508667 27.2819499969482 27.3041477203369 27.3100433349609 27.3192749023438 27.3322734832764 27.3280563354492 27.3225898742676 27.3129653930664 27.3029479980469 27.3134708404541 27.3140621185303 27.3235950469971 27.3234062194824 27.3336601257324 27.3313961029053 27.3302955627441 27.3230381011963 27.3293342590332 27.3378486633301 27.3471202850342 27.3594951629639 27.3639259338379 27.3657569885254 27.3821926116943 27.3922901153564 27.3982639312744 27.4103355407715 27.4180278778076 27.4300785064697 27.4433422088623 27.4428386688232 27.4357795715332 27.4483089447021 27.4529457092285 27.4553985595703 27.4608535766602 27.4574680328369 27.4583339691162 27.455020904541 27.4380226135254 27.4298934936523 27.4282207489014 -9999 -9999 -9999 -9999 -9999 -9999 -9999 -9999
27.1451721191406 27.1587810516357 27.1835556030273 27.2120761871338 27.2245674133301 27.2489356994629 27.2750682830811 27.2882633209229 27.3146934509277 27.3229351043701 27.3392734527588 27.3653240203857 27.3610858917236 27.341344833374 27.331672668457 27.3183307647705 27.3264694213867 27.3351650238037 27.3432140350342 27.3435459136963 27.3579978942871 27.3565731048584 27.3552703857422 27.3500118255615 27.3506851196289 27.3622817993164 27.3757667541504 27.3889904022217 27.3945369720459 27.4039707183838 27.4218597412109 27.4308815002441 27.4422779083252 27.4561080932617 27.4667778015137 27.4839134216309 27.4973926544189 27.4903144836426 27.4823684692383 27.4938449859619 27.4985046386719 27.4992065429688 27.5035076141357 27.5052509307861 27.5095596313477 27.504207611084 27.4853591918945 27.4518432617188 27.4506320953369 -9999 -9999 -9999 -9999 -9999 -9999 -9999 -9999
27.1394824981689 27.1570930480957 27.1808490753174 27.2088146209717 27.2366008758545 27.2535400390625 27.2700614929199 27.284065246582 27.3136653900146 27.3255367279053 27.3383197784424 27.3619613647461 27.3579483032227 27.3394393920898 27.327995300293 27.3233642578125 27.3327350616455 27.3329257965088 27.3487033843994 27.3461513519287 27.3633308410645 27.3629398345947 27.3581428527832 27.3599014282227 27.3657283782959 27.3817901611328 27.3930377960205 27.3950099945068 27.3984794616699 27.4125347137451 27.4340324401855 27.4442977905273 27.4573612213135 27.465217590332 27.476390838623 27.5000305175781 27.5050392150879 27.5018062591553 27.5091686248779 27.5119667053223 27.5070552825928 27.5129489898682 27.518856048584 27.5283374786377 27.5235443115234 27.5144462585449 27.5143203735352 27.475866317749 27.4736003875732 27.5062103271484 -9999 -9999 -9999 -9999 -9999 -9999 -9999
27.1535110473633 27.1640129089355 27.1809425354004 27.2040710449219 27.2317733764648 27.2529792785645 27.2740688323975 27.2831954956055 27.3095188140869 27.3252696990967 27.3368072509766 27.3453559875488 27.3387832641602 27.3330421447754 27.3288536071777 27.331615447998 27.3374195098877 27.337215423584 27.3462734222412 27.3534412384033 27.3678951263428 27.3724803924561 27.3717880249023 27.3728427886963 27.3846702575684 27.3927364349365 27.4010257720947 27.414363861084 27.4130706787109 27.4195976257324 27.4500942230225 27.4576263427734 27.4616985321045 27.481372833252 27.4894466400146 27.5033588409424 27.5167541503906 27.5185832977295 27.5180950164795 27.5272426605225 27.5309028625488 27.5317840576172 27.5439434051514 27.542896270752 27.5485324859619 27.5396595001221 27.5299549102783 27.515941619873 27.5148887634277 27.5222511291504 27.5267753601074 -9999 -9999 -9999 -9999 -9999 -9999
27.1659984588623 27.1756858825684 27.187141418457 27.2086925506592 27.229341506958 27.2578659057617 27.2705516815186 27.3006134033203 27.310173034668 27.3179836273193 27.3266792297363 27.3336715698242 27.3452968597412 27.3447647094727 27.3443641662598 27.342586517334 27.3426036834717 27.3581295013428 27.3629703521729 27.3816394805908 27.3891124725342 27.3926429748535 27.3933238983154 27.3986949920654 27.4148483276367 27.4270572662354 27.4343910217285 27.4463710784912 27.4588394165039 27.463472366333 27.4794330596924 27.4974460601807 27.501428604126 27.5160541534424 27.5265636444092 27.5353374481201 27.5472965240479 27.5522537231445 27.5527324676514 27.566707611084 27.5680389404297 27.5715255737305 27.5882530212402 27.59401512146 27.5900058746338 27.5908622741699 27.5832939147949 27.5764312744141 27.5708808898926 27.5724239349365 27.5744304656982 -9999 -9999 -9999 -9999 -9999 -9999
27.1657333374023 27.1806449890137 27.1989841461182 27.2139263153076 27.2286281585693 27.2573661804199 27.287769317627 27.2988147735596 27.3081340789795 27.3157730102539 27.3217277526855 27.329158782959 27.3497905731201 27.3475952148438 27.3493785858154 27.3496856689453 27.345588684082 27.3643112182617 27.3814945220947 27.3877124786377 27.39186668396 27.3939628601074 27.3907165527344 27.4071426391602 27.4191665649414 27.4312477111816 27.4461059570312 27.4615364074707 27.4768848419189 27.4954738616943 27.4976558685303 27.5266723632812 27.5301151275635 27.5352554321289 27.5371913909912 27.5495777130127 27.5535621643066 27.5629024505615 27.5705051422119 27.5746612548828 27.5794200897217 27.5965385437012 27.6011180877686 27.6240100860596 27.6134147644043 27.6096038818359 27.6109580993652 27.6050586700439 27.5979518890381 27.5899353027344 27.5961647033691 27.59743309021 -9999 -9999 -9999 -9999 -9999
27.1787395477295 27.1947727203369 27.2063865661621 27.2227039337158 27.2389354705811 27.261302947998 27.2899284362793 27.3020572662354 27.3093547821045 27.3165302276611 27.321870803833 27.32883644104 27.3477630615234 27.3486061096191 27.3510284423828 27.3507804870605 27.3522205352783 27.3682346343994 27.3872756958008 27.3952407836914 27.4008083343506 27.4039916992188 27.406270980835 27.4125175476074 27.4333953857422 27.4419460296631 27.4492607116699 27.477970123291 27.4871635437012 27.4999847412109 27.5129108428955 27.5320320129395 27.5357265472412 27.5500316619873 27.568546295166 27.5608253479004 27.5732135772705 27.5761165618896 27.5831565856934 27.5963878631592 27.6026229858398 27.6123332977295 27.6292915344238 27.6400375366211 27.6400527954102 27.6411037445068 27.6393585205078 27.6365737915039 27.6308841705322 27.6347751617432 27.6216506958008 27.620397567749 -9999 -9999 -9999 -9999 -9999
27.2003231048584 27.2120971679688 27.2207546234131 27.2351875305176 27.2493171691895 27.2840309143066 27.3033103942871 27.3207683563232 27.330867767334 27.3367671966553 27.3410530090332 27.3478469848633 27.3503341674805 27.3537406921387 27.3615398406982 27.3624401092529 27.3670825958252 27.3904647827148 27.4037246704102 27.4152755737305 27.4215755462646 27.4297981262207 27.4301204681396 27.435489654541 27.4556179046631 27.4662094116211 27.4740295410156 27.5037288665771 27.5161380767822 27.5221500396729 27.559175491333 27.5555438995361 27.5760498046875 27.5915031433105 27.5971374511719 27.6007595062256 27.6105327606201 27.6143131256104 27.6204681396484 27.6347942352295 27.6388702392578 27.6438751220703 27.6632690429688 27.6619338989258 27.6620845794678 27.6644649505615 27.6645450592041 27.6661014556885 27.6803283691406 27.675630569458 27.6762065887451 27.6629695892334 27.6640472412109 -9999 -9999 -9999 -9999
27.1995391845703 27.2297039031982 27.2339916229248 27.2409210205078 27.2590713500977 27.2749633789062 27.3162612915039 27.3327255249023 27.3363037109375 27.3408203125 27.3487033843994 27.3472156524658 27.3511562347412 27.3518810272217 27.3567523956299 27.3634929656982 27.3751201629639 27.3808307647705 27.4153347015381 27.422155380249 27.4284687042236 27.4327163696289 27.4311332702637 27.4465026855469 27.465259552002 27.4754238128662 27.4951076507568 27.5084590911865 27.5332946777344 27.5395622253418 27.5509643554688 27.5839576721191 27.5876712799072 27.5941562652588 27.6064891815186 27.6145763397217 27.6250438690186 27.6285228729248 27.6331577301025 27.6402282714844 27.6612911224365 27.6661319732666 27.6740856170654 27.6766548156738 27.6753921508789 27.6765480041504 27.6784057617188 27.68874168396 27.6960315704346 27.6967811584473 27.6908283233643 27.6889133453369 27.6786880493164 27.6741733551025 -9999 -9999 -9999
27.211555480957 27.2290000915527 27.2365665435791 27.250904083252 27.2684497833252 27.2894592285156 27.3146533966064 27.3305587768555 27.3379592895508 27.3433208465576 27.3487854003906 27.3502464294434 27.3524761199951 27.3545265197754 27.3589839935303 27.3673496246338 27.3801193237305 27.3904800415039 27.4110260009766 27.42995262146 27.4333114624023 27.442346572876 27.4416046142578 27.4528045654297 27.4708709716797 27.4820709228516 27.4968338012695 27.5217037200928 27.5295810699463 27.5441875457764 27.5581245422363 27.5845031738281 27.5887603759766 27.6055793762207 27.6164398193359 27.6204795837402 27.6351299285889 27.6419944763184 27.651346206665 27.6616230010986 27.6660900115967 27.6732215881348 27.6793174743652 27.6850452423096 27.6895942687988 27.6880168914795 27.7019557952881 27.7049903869629 27.7112464904785 27.7048206329346 27.7043991088867 27.7050590515137 27.6916809082031 27.6851673126221 -9999 -9999 -9999
27.2237987518311 27.2398262023926 27.2538967132568 27.2687320709229 27.2963409423828 27.3058910369873 27.3303413391113 27.3391876220703 27.3517093658447 27.3561897277832 27.3581848144531 27.3640918731689 27.3662166595459 27.371452331543 27.3771419525146 27.3836650848389 27.4021587371826 27.4132843017578 27.4335708618164 27.443977355957 27.4535980224609 27.4627723693848 27.4703521728516 27.4768161773682 27.4942798614502 27.5028762817383 27.5139751434326 27.5378017425537 27.5550518035889 27.5645065307617 27.5789737701416 27.5945358276367 27.6111602783203 27.6283130645752 27.6320991516113 27.6373291015625 27.6516094207764 27.6558799743652 27.6653938293457 27.6748332977295 27.6818790435791 27.6840209960938 27.6890544891357 27.6921787261963 27.7012920379639 27.7097949981689 27.7218074798584 27.729793548584 27.7359256744385 27.7300510406494 27.7228622436523 27.72216796875 27.7218494415283 27.7169170379639 27.7122058868408 -9999 -9999
