G_variables/Set1/RCP4_2100/Sur_sal_min.asc
NCOLS 229 
NROWS 147 
XLLCORNER -101.25 
YLLCORNER 14.3333333333333 
CELLSIZE 0.0833333333333333 
NODATA_value -9999 
[rows 78 to 103 of 147, columns 171 to 227 of 229]
35.7088508605957 35.7042770385742 35.7102546691895 35.7118530273438 35.7078323364258 35.7079582214355 35.7065849304199 35.6780700683594 35.667839050293 35.6695899963379 35.6670227050781 35.6802711486816 35.6866149902344 35.711612701416 35.7288055419922 35.7271766662598 35.7246894836426 35.698902130127 35.6801338195801 35.6532516479492 35.6251220703125 35.6172637939453 35.5957794189453 35.574047088623 -9999 -9999 -9999 -9999 -9999 -9999 -9999 -9999 -9999 -9999 -9999 -9999 -9999 -9999 -9999 -9999 -9999 -9999 -9999 -9999 -9999 -9999 -9999 -9999 -9999 -9999 -9999 -9999 -9999 -9999 -9999 -9999 -9999
35.7081756591797 35.695484161377 35.7114906311035 35.7069702148438 35.7048645019531 35.7011489868164 35.6916847229004 35.6754188537598 35.6629943847656 35.6616058349609 35.6610374450684 35.668773651123 35.6819229125977 35.7052421569824 35.7205123901367 35.728931427002 35.7245674133301 35.7092361450195 35.6773414611816 35.6548385620117 35.6297454833984 35.6243095397949 35.5983772277832 35.5805854797363 35.5729598999023 -9999 -9999 -9999 -9999 -9999 -9999 -9999 -9999 -9999 -9999 -9999 -9999 -9999 -9999 -9999 -9999 -9999 -9999 -9999 -9999 -9999 -9999 -9999 -9999 -9999 -9999 -9999 -9999 -9999 -9999 -9999 -9999
35.6986045837402 35.6940498352051 35.688549041748 35.6960639953613 35.6940269470215 35.6832885742188 35.677375793457 35.6675682067871 35.6449851989746 35.6424102783203 35.6483612060547 35.6580772399902 35.6715393066406 35.693546295166 35.7121696472168 35.7080535888672 35.7041397094727 35.7041397094727 35.6904258728027 35.6556968688965 35.6346244812012 35.6377983093262 35.613166809082 35.5942192077637 35.5797920227051 35.5880889892578 -9999 -9999 -9999 -9999 -9999 -9999 -9999 -9999 -9999 -9999 -9999 -9999 -9999 -9999 -9999 -9999 -9999 -9999 -9999 -9999 -9999 -9999 -9999 -9999 -9999 -9999 -9999 -9999 -9999 -9999 -9999
35.6891136169434 35.6806182861328 35.6731033325195 35.6689109802246 35.6802177429199 35.6750717163086 35.6670799255371 35.6395111083984 35.6232681274414 35.6167945861816 35.6185569763184 35.6364135742188 35.649715423584 35.6888580322266 35.7184829711914 35.7232704162598 35.7227668762207 35.705322265625 35.6987228393555 35.6798820495605 35.6495323181152 35.6435737609863 35.6256980895996 35.5983276367188 35.5902862548828 35.5786628723145 35.5702743530273 -9999 -9999 -9999 -9999 -9999 -9999 -9999 -9999 -9999 -9999 -9999 -9999 -9999 -9999 -9999 -9999 -9999 -9999 -9999 -9999 -9999 -9999 -9999 -9999 -9999 -9999 -9999 -9999 -9999 -9999
35.6850509643555 35.6759338378906 35.6663856506348 35.6590957641602 35.6626968383789 35.6671333312988 35.6475296020508 35.6306114196777 35.6100540161133 35.6074066162109 35.6099243164062 35.6232299804688 35.6478652954102 35.6872100830078 35.7160797119141 35.7300987243652 35.7221374511719 35.7085952758789 35.6911735534668 35.6802520751953 35.6631278991699 35.6498641967773 35.6176795959473 35.6016578674316 35.5919494628906 35.580436706543 35.5794334411621 -9999 -9999 -9999 -9999 -9999 -9999 -9999 -9999 -9999 -9999 -9999 -9999 -9999 -9999 -9999 -9999 -9999 -9999 -9999 -9999 -9999 -9999 -9999 -9999 -9999 -9999 -9999 -9999 -9999 -9999
35.6824378967285 35.6628227233887 35.6477355957031 35.6415596008301 35.6285934448242 35.6215591430664 35.6199607849121 35.6083145141602 35.598014831543 35.595386505127 35.6087608337402 35.625431060791 35.6369247436523 35.6678352355957 35.6980438232422 35.7037353515625 35.7101097106934 35.7095642089844 35.6975975036621 35.6718406677246 35.6714172363281 35.656307220459 35.6305160522461 35.611141204834 35.6069030761719 35.5960388183594 35.5875511169434 35.5870971679688 -9999 -9999 -9999 -9999 -9999 -9999 -9999 -9999 -9999 -9999 -9999 -9999 -9999 -9999 -9999 -9999 -9999 -9999 -9999 -9999 -9999 -9999 -9999 -9999 -9999 -9999 -9999 -9999 -9999
35.6836395263672 35.6549072265625 35.6405944824219 35.633861541748 35.6286125183105 35.6166877746582 35.6045074462891 35.5898094177246 35.5780868530273 35.5721855163574 35.5827751159668 35.6089973449707 35.6308364868164 35.6753158569336 35.7123413085938 35.7247657775879 35.721794128418 35.708366394043 35.6867637634277 35.6682472229004 35.6498641967773 35.6457099914551 35.6271133422852 35.6081657409668 35.5990867614746 35.5919952392578 35.5823287963867 35.581600189209 35.5690765380859 35.5585517883301 35.5587120056152 35.549674987793 -9999 -9999 -9999 -9999 -9999 -9999 -9999 -9999 -9999 -9999 -9999 -9999 -9999 -9999 -9999 -9999 -9999 -9999 -9999 -9999 -9999 -9999 -9999 -9999 -9999
35.6694068908691 35.6493721008301 35.634708404541 35.6269836425781 35.6216773986816 35.6087036132812 35.599479675293 35.5792007446289 35.5680999755859 35.5703964233398 35.5793991088867 35.6040306091309 35.6308784484863 35.6731109619141 35.7117576599121 35.7243270874023 35.7207412719727 35.7089500427246 35.6899452209473 35.6676940917969 35.6520195007324 35.638973236084 35.6281661987305 35.6160125732422 35.6084899902344 35.5940170288086 35.5874214172363 35.5809860229492 35.5681915283203 35.5611953735352 35.5483589172363 35.5425071716309 35.5213470458984 35.5023956298828 35.4950294494629 35.4808769226074 35.4852981567383 35.5141677856445 35.5293769836426 -9999 -9999 -9999 -9999 -9999 -9999 -9999 -9999 -9999 -9999 -9999 -9999 -9999 -9999 -9999 -9999 -9999 -9999
35.6624412536621 35.6464805603027 35.6267318725586 35.6225204467773 35.6085052490234 35.5976219177246 35.5846824645996 35.5774765014648 35.5707511901855 35.573112487793 35.5829772949219 35.6071472167969 35.6196060180664 35.6561698913574 35.6906318664551 35.7043228149414 35.7046966552734 35.7072982788086 35.6928100585938 35.6738777160645 35.6601142883301 35.6504020690918 35.6297988891602 35.6242790222168 35.6209831237793 35.6072731018066 35.5955047607422 35.5936050415039 35.5731544494629 35.555721282959 35.54833984375 35.5285263061523 35.5039749145508 35.4947509765625 35.483829498291 35.4675064086914 35.4678268432617 35.4871444702148 35.4996757507324 35.5079536437988 35.5295486450195 35.5448989868164 35.5444488525391 -9999 -9999 -9999 -9999 -9999 -9999 -9999 -9999 -9999 -9999 -9999 -9999 -9999 -9999
35.6498260498047 35.6296310424805 35.616943359375 35.6107749938965 35.5970878601074 35.5924491882324 35.574649810791 35.5598564147949 35.5562362670898 35.547981262207 35.5678253173828 35.5991363525391 35.6218032836914 35.6652183532715 35.6964302062988 35.7106056213379 35.7211990356445 35.7159194946289 35.6966552734375 35.6765823364258 35.663459777832 35.6528930664062 35.6362113952637 35.6238708496094 35.6110458374023 35.600170135498 35.5925254821777 35.5848999023438 35.5702934265137 35.5492935180664 35.5472755432129 35.5223846435547 35.4980888366699 35.4845733642578 35.461986541748 35.4440727233887 35.4467964172363 35.4510116577148 35.4682579040527 35.4826278686523 35.5087356567383 35.5288963317871 35.529956817627 35.5304756164551 -9999 -9999 -9999 -9999 -9999 -9999 -9999 -9999 -9999 -9999 -9999 -9999 -9999
35.6403503417969 35.6241455078125 35.6130714416504 35.6028671264648 35.596508026123 35.5892219543457 35.578540802002 35.5566368103027 35.5420265197754 35.5507125854492 35.567741394043 35.598560333252 35.6218795776367 35.664436340332 35.6985054016113 35.7124328613281 35.7200202941895 35.7177658081055 35.699146270752 35.6769638061523 35.667106628418 35.6536064147949 35.6376075744629 35.6258850097656 35.6152725219727 35.6029472351074 35.5956878662109 35.5885314941406 35.5726623535156 35.5539970397949 35.533863067627 35.510196685791 35.496452331543 35.4799041748047 35.4597473144531 35.4410820007324 35.4358177185059 35.4468879699707 35.4555473327637 35.4687881469727 35.5003814697266 35.5187187194824 35.5207214355469 35.5240287780762 35.5249404907227 -9999 -9999 -9999 -9999 -9999 -9999 -9999 -9999 -9999 -9999 -9999 -9999
35.6319274902344 35.6200637817383 35.6025695800781 35.5979270935059 35.5888290405273 35.5776405334473 35.568359375 35.5638732910156 35.5585708618164 35.5611267089844 35.5844078063965 35.6137199401855 35.6220703125 35.6575736999512 35.6958694458008 35.7011375427246 35.7068138122559 35.713737487793 35.6995544433594 35.6763916015625 35.6653709411621 35.6594924926758 35.6408996582031 35.622989654541 35.6179542541504 35.6073837280273 35.5970268249512 35.5949745178223 35.575611114502 35.5478172302246 35.534294128418 35.5112342834473 35.4920768737793 35.4819526672363 35.4578399658203 35.4404220581055 35.4383544921875 35.4443511962891 35.4515495300293 35.460132598877 35.4827880859375 35.4919166564941 35.4980812072754 35.4984817504883 35.4880104064941 35.4819412231445 -9999 -9999 -9999 -9999 -9999 -9999 -9999 -9999 -9999 -9999 -9999
35.6127052307129 35.5938529968262 35.5895500183105 35.5798568725586 35.5714645385742 35.5592269897461 35.5442390441895 35.5388488769531 35.5464820861816 35.5523376464844 35.5774345397949 35.6136360168457 35.6343002319336 35.6743431091309 35.7066650390625 35.7193222045898 35.7276039123535 35.7201995849609 35.7007713317871 35.6827430725098 35.6689834594727 35.6569137573242 35.6374359130859 35.6212921142578 35.6133880615234 35.6071434020996 35.6040306091309 35.6028594970703 35.5808715820312 35.5564231872559 35.530574798584 35.5071067810059 35.4924736022949 35.4747161865234 35.4565010070801 35.4420852661133 35.4343338012695 35.4365310668945 35.4439315795898 35.4603843688965 35.4736709594727 35.4819869995117 35.4900131225586 35.4770889282227 35.4538345336914 35.4455795288086 -9999 -9999 -9999 -9999 -9999 -9999 -9999 -9999 -9999 -9999 -9999
35.6058654785156 35.5900611877441 35.5752067565918 35.5765686035156 35.5662689208984 35.5502014160156 35.543514251709 35.5369873046875 35.5417671203613 35.5530891418457 35.576976776123 35.6141700744629 35.6358604431152 35.6745948791504 35.707706451416 35.7201309204102 35.7272567749023 35.7229156494141 35.7034072875977 35.6785278320312 35.6582794189453 35.6441040039062 35.6252021789551 35.6209983825684 35.6113357543945 35.6058502197266 35.6021881103516 35.5998229980469 35.5780563354492 35.5531005859375 35.5310249328613 35.5023727416992 35.4771041870117 35.4643173217773 35.4443435668945 35.4369926452637 35.435920715332 35.439640045166 35.4471092224121 35.4498252868652 35.4719123840332 35.4836044311523 35.4919929504395 35.4734573364258 35.4386367797852 35.4296264648438 35.4309997558594 -9999 -9999 -9999 -9999 -9999 -9999 -9999 -9999 -9999 -9999
35.5777435302734 35.5801658630371 35.566047668457 35.5640716552734 35.5623970031738 35.5394401550293 35.5368385314941 35.5428276062012 35.5546684265137 35.5598258972168 35.5913848876953 35.6238555908203 35.6363220214844 35.6721878051758 35.7054290771484 35.7051162719727 35.7068519592285 35.7132606506348 35.6993827819824 35.6782913208008 35.6515007019043 35.6459922790527 35.6265029907227 35.6166572570801 35.6144752502441 35.6011924743652 35.5880393981934 35.5833930969238 35.5629920959473 35.5407257080078 35.5252494812012 35.4992828369141 35.4714431762695 35.4653244018555 35.4480171203613 35.442943572998 35.442626953125 35.4435577392578 35.4482917785645 35.4501571655273 35.4490013122559 35.4529800415039 35.4553070068359 35.4373245239258 35.4219856262207 35.4141616821289 35.4086875915527 35.4048538208008 -9999 -9999 -9999 -9999 -9999 -9999 -9999 -9999 -9999
35.5636405944824 35.5619773864746 35.5626525878906 35.5523910522461 35.5522003173828 35.5354461669922 35.5301971435547 35.5253524780273 35.5403594970703 35.5507736206055 35.5713348388672 35.6091003417969 35.6362495422363 35.6703796386719 35.7057685852051 35.7186851501465 35.7189865112305 35.7148094177246 35.6956520080566 35.6750984191895 35.6503105163574 35.6365089416504 35.6170692443848 35.6135139465332 35.6056327819824 35.5922775268555 35.5813636779785 35.5724449157715 35.5561218261719 35.5381355285645 35.5162582397461 35.4973411560059 35.4752426147461 35.4604339599609 35.450325012207 35.445930480957 35.4426879882812 35.441707611084 35.4463195800781 35.4537124633789 35.4429168701172 35.4360809326172 35.4335060119629 35.4254875183105 35.412654876709 35.4032363891602 35.4071578979492 35.4119567871094 35.4120330810547 -9999 -9999 -9999 -9999 -9999 -9999 -9999 -9999
35.5509910583496 35.5559616088867 35.5496406555176 35.549243927002 35.5510177612305 35.5350074768066 35.5257949829102 35.5217094421387 35.5229988098145 35.5318756103516 35.5548477172852 35.6023635864258 35.6265640258789 35.6645736694336 35.6973648071289 35.7051582336426 35.7017631530762 35.7055511474609 35.690055847168 35.6707611083984 35.6424865722656 35.6300506591797 35.610767364502 35.5908699035645 35.598331451416 35.5861358642578 35.5732460021973 35.5638236999512 35.5481910705566 35.5288276672363 35.514030456543 35.4923973083496 35.4706039428711 35.4624366760254 35.446102142334 35.4409370422363 35.4335479736328 35.4352874755859 35.4448127746582 35.441276550293 35.4318542480469 35.4236183166504 35.4208717346191 35.414737701416 35.4014205932617 35.4026184082031 35.4061164855957 35.418342590332 35.4215698242188 -9999 -9999 -9999 -9999 -9999 -9999 -9999 -9999
35.5369415283203 35.5417404174805 35.5440940856934 35.5421752929688 35.5430145263672 35.5284652709961 35.5188179016113 35.5233116149902 35.5239715576172 35.5273284912109 35.5583877563477 35.5845985412598 35.6030921936035 35.6410102844238 35.6703758239746 35.6752014160156 35.6783676147461 35.6769218444824 35.6764984130859 35.662239074707 35.6321563720703 35.625545501709 35.6012420654297 35.5819091796875 35.5781097412109 35.5637283325195 35.5463371276855 35.5566291809082 35.5216331481934 35.5061950683594 35.4980392456055 35.4793167114258 35.4765853881836 35.4710807800293 35.4569396972656 35.4467964172363 35.444694519043 35.4362449645996 35.4213790893555 35.4222831726074 35.424186706543 35.4183158874512 35.4138679504395 35.409423828125 35.4019584655762 35.4039497375488 35.4099769592285 35.4217224121094 35.4236221313477 35.4261093139648 -9999 -9999 -9999 -9999 -9999 -9999 -9999
35.5214881896973 35.5393562316895 35.5513305664062 35.5524711608887 35.5420989990234 35.5105323791504 35.5098342895508 35.5025405883789 35.505802154541 35.5112228393555 35.5264358520508 35.5559730529785 35.5877838134766 35.6147117614746 35.6495895385742 35.6594467163086 35.6590232849121 35.6648330688477 35.6464996337891 35.6450538635254 35.6334114074707 35.6038856506348 35.5893249511719 35.5749855041504 35.5647354125977 35.553768157959 35.5395050048828 35.533447265625 35.5188369750977 35.5045890808105 35.4911270141602 35.4794158935547 35.4728775024414 35.4723892211914 35.4571075439453 35.4537315368652 35.449390411377 35.4169769287109 35.4077529907227 35.4107666015625 35.391242980957 35.3942565917969 35.3871994018555 35.3833045959473 35.3908386230469 35.3834533691406 35.3835830688477 35.4088401794434 35.4123115539551 35.4077911376953 35.4315795898438 -9999 -9999 -9999 -9999 -9999 -9999
35.5079574584961 35.5241088867188 35.5363006591797 35.5351867675781 35.5192794799805 35.515266418457 35.5001335144043 35.4939918518066 35.497013092041 35.4996109008789 35.5210266113281 35.5475234985352 35.5642013549805 35.6008110046387 35.6290626525879 35.6399269104004 35.6521835327148 35.6378135681152 35.6436042785645 35.6378974914551 35.6112747192383 35.6083068847656 35.592456817627 35.5754203796387 35.5632667541504 35.5514907836914 35.537784576416 35.5290336608887 35.5169486999512 35.5040817260742 35.4930114746094 35.4772491455078 35.4704551696777 35.4606781005859 35.4619026184082 35.4628257751465 35.4367294311523 35.4179992675781 35.4079055786133 35.4014129638672 35.3910942077637 35.3813362121582 35.3875923156738 35.3802909851074 35.3820991516113 35.3823280334473 35.3827438354492 35.3922996520996 35.4069213867188 35.4086456298828 35.4336128234863 -9999 -9999 -9999 -9999 -9999 -9999
35.5160865783691 35.5217323303223 35.5262489318848 35.5184783935547 35.5112686157227 35.5084838867188 35.5059089660645 35.4972801208496 35.4929733276367 35.4935111999512 35.5160675048828 35.5291442871094 35.5229530334473 35.553897857666 35.5746421813965 35.5791969299316 35.5951347351074 35.5987968444824 35.588020324707 35.5720252990723 35.5868301391602 35.5841293334961 35.5754165649414 35.5600967407227 35.5507278442383 35.535945892334 35.5220794677734 35.5128898620605 35.4980010986328 35.4873733520508 35.4786071777344 35.4562110900879 35.4433975219727 35.4396209716797 35.4316215515137 35.4368133544922 35.429801940918 35.411678314209 35.3916358947754 35.3886070251465 35.3831176757812 35.3815307617188 35.3774108886719 35.3763122558594 35.3711776733398 35.3727645874023 35.3802909851074 35.375904083252 35.3778648376465 35.4160385131836 35.4043312072754 35.4051628112793 -9999 -9999 -9999 -9999 -9999
35.5171966552734 35.5230445861816 35.5245971679688 35.5259399414062 35.5143585205078 35.5039863586426 35.4924812316895 35.4815101623535 35.4756774902344 35.4808731079102 35.4867477416992 35.4978904724121 35.5033645629883 35.5180168151855 35.5374450683594 35.5500793457031 35.5576629638672 35.5701713562012 35.5461883544922 35.536735534668 35.5607795715332 35.562557220459 35.5456466674805 35.5510292053223 35.5362663269043 35.5167388916016 35.5170288085938 35.503547668457 35.483814239502 35.4829177856445 35.4719848632812 35.4448394775391 35.4357223510742 35.4294052124023 35.4098815917969 35.4111213684082 35.398323059082 35.3740692138672 35.3499069213867 35.3417053222656 35.3345146179199 35.3453636169434 35.3468818664551 35.3355026245117 35.345329284668 35.3471336364746 35.336238861084 35.3408088684082 35.3436393737793 35.334285736084 35.353630065918 35.3580703735352 -9999 -9999 -9999 -9999 -9999
35.5164070129395 35.5180740356445 35.5269660949707 35.526538848877 35.5138854980469 35.4981842041016 35.491641998291 35.4774589538574 35.4763603210449 35.4718971252441 35.4676704406738 35.4770240783691 35.4774131774902 35.5040512084961 35.5260162353516 35.5316047668457 35.5520515441895 35.5348663330078 35.5274848937988 35.5260467529297 35.5379447937012 35.5370407104492 35.5365180969238 35.5328254699707 35.5323944091797 35.5160064697266 35.5107345581055 35.5027847290039 35.485668182373 35.4709434509277 35.4626922607422 35.4483871459961 35.4328269958496 35.4256439208984 35.4187355041504 35.3971405029297 35.3976783752441 35.3763427734375 35.3497505187988 35.335334777832 35.3342552185059 35.3339080810547 35.3317108154297 35.3334426879883 35.3377723693848 35.3379898071289 35.3337440490723 35.3321762084961 35.3298873901367 35.330738067627 35.3288192749023 35.3373222351074 35.3412857055664 -9999 -9999 -9999 -9999
35.5283279418945 35.5177154541016 35.5194244384766 35.5170097351074 35.5094947814941 35.4988632202148 35.4890098571777 35.4793090820312 35.4588737487793 35.4548873901367 35.4603958129883 35.4602546691895 35.4590797424316 35.4762496948242 35.4840202331543 35.4860229492188 35.5024681091309 35.5036659240723 35.482234954834 35.5046577453613 35.4997634887695 35.4991760253906 35.5047798156738 35.5027008056641 35.4863815307617 35.4861259460449 35.4699516296387 35.4664192199707 35.463981628418 35.4471855163574 35.4491539001465 35.4349365234375 35.4179306030273 35.4137573242188 35.4030532836914 35.3804092407227 35.3746948242188 35.368091583252 35.3395195007324 35.3334426879883 35.3241233825684 35.298770904541 35.2914161682129 35.30859375 35.3041114807129 35.3060302734375 35.3116493225098 35.3025016784668 35.3018569946289 35.3101081848145 35.2937164306641 35.2932929992676 35.2975196838379 35.2697486877441 -9999 -9999 -9999
35.522403717041 35.5195655822754 35.5250511169434 35.5212020874023 35.5186805725098 35.5016174316406 35.4890251159668 35.4794998168945 35.4540901184082 35.4506874084473 35.4516906738281 35.4451904296875 35.4529647827148 35.4591941833496 35.4550323486328 35.4638442993164 35.4668998718262 35.4635009765625 35.4589233398438 35.459659576416 35.460033416748 35.4595718383789 35.4654808044434 35.4607849121094 35.4536018371582 35.449161529541 35.4425506591797 35.4350547790527 35.4311408996582 35.4314079284668 35.4207420349121 35.4150161743164 35.4075202941895 35.3978996276855 35.4099884033203 35.396240234375 35.3806190490723 35.3669052124023 35.3277702331543 35.3166542053223 35.2977714538574 35.2738723754883 35.2716331481934 35.2624816894531 35.2560157775879 35.2731513977051 35.2800827026367 35.2798004150391 35.2775955200195 35.271053314209 35.2612113952637 35.2603988647461 35.2520027160645 35.2424430847168 -9999 -9999 -9999
35.5299415588379 35.5323257446289 35.5247383117676 35.5224609375 35.5180625915527 35.5028038024902 35.4929313659668 35.4709548950195 35.4622993469238 35.4505424499512 35.447151184082 35.4386940002441 35.434871673584 35.4498825073242 35.4523658752441 35.451171875 35.4548187255859 35.4474143981934 35.4349098205566 35.4570503234863 35.4453086853027 35.444091796875 35.4482307434082 35.4365158081055 35.4349746704102 35.4363021850586 35.4220199584961 35.4213600158691 35.4222717285156 35.413257598877 35.4109420776367 35.4121627807617 35.4049301147461 35.4057769775391 35.4054412841797 35.3871917724609 35.3820571899414 35.3648376464844 35.3377113342285 35.3181304931641 35.2945404052734 35.271858215332 35.2503967285156 35.2557258605957 35.2478904724121 35.2439842224121 35.2681007385254 35.2597770690918 35.2532272338867 35.2596054077148 35.2498245239258 35.2400588989258 35.2322769165039 35.2169494628906 35.2043190002441 -9999 -9999
