G_variables/Set1/RCP4_2100/Sur_tem_min.asc
NCOLS 229 
NROWS 147 
XLLCORNER -101.25 
YLLCORNER 14.3333333333333 
CELLSIZE 0.0833333333333333 
NODATA_value -9999 
[rows 104 to 129 of 147, columns 171 to 227 of 229]
27.2173900604248 27.2454948425293 27.2593250274658 27.2684783935547 27.2970809936523 27.3088150024414 27.3297863006592 27.3448295593262 27.3559913635254 27.3581295013428 27.3584175109863 27.3618049621582 27.3627490997314 27.369291305542 27.3791828155518 27.3871898651123 27.400239944458 27.41796875 27.4368305206299 27.4534320831299 27.4627857208252 27.4680290222168 27.4749183654785 27.4886627197266 27.4969139099121 27.5081081390381 27.5306587219238 27.5407276153564 27.5653648376465 27.5762500762939 27.5769691467285 27.59228515625 27.6202125549316 27.6287651062012 27.6467666625977 27.6480007171631 27.6537303924561 27.6766529083252 27.6725406646729 27.6773471832275 27.6977252960205 27.6904945373535 27.692985534668 27.6973094940186 27.7071762084961 27.7162780761719 27.7361450195312 27.7571907043457 27.7614822387695 27.7517776489258 27.7366542816162 27.7315826416016 27.7337493896484 27.7291736602783 27.7263317108154 27.7358627319336 -9999
27.2270984649658 27.2472534179688 27.258207321167 27.2774639129639 27.3092231750488 27.3174133300781 27.3363876342773 27.3473129272461 27.3605251312256 27.3642272949219 27.3626613616943 27.3563098907471 27.3597850799561 27.3708553314209 27.3794822692871 27.3940200805664 27.4099349975586 27.4218578338623 27.435001373291 27.4477119445801 27.463041305542 27.4740753173828 27.4830665588379 27.4901790618896 27.505199432373 27.5136280059814 27.5300922393799 27.5479259490967 27.5569534301758 27.5665702819824 27.5935401916504 27.6030082702637 27.6150913238525 27.6303272247314 27.6371192932129 27.6423072814941 27.6524524688721 27.6604270935059 27.6652584075928 27.6717166900635 27.6846580505371 27.6911678314209 27.69655418396 27.6985988616943 27.7038650512695 27.71706199646 27.7346305847168 27.7597427368164 27.7662086486816 27.7431869506836 27.7316093444824 27.7346630096436 27.7234935760498 27.7229022979736 27.738395690918 27.7461738586426 27.74729347229
27.2249507904053 27.2497138977051 27.258487701416 27.2971611022949 27.3109970092773 27.3209781646729 27.3401756286621 27.3558197021484 27.3646697998047 27.3682994842529 27.369270324707 27.371509552002 27.3764247894287 27.3869533538818 27.393648147583 27.4128799438477 27.4309711456299 27.4382305145264 27.4520568847656 27.4659080505371 27.4785003662109 27.4959354400635 27.5059394836426 27.5122509002686 27.5264530181885 27.534595489502 27.5415344238281 27.5552425384521 27.570255279541 27.5753860473633 27.6014938354492 27.6103630065918 27.6204414367676 27.6278266906738 27.6422138214111 27.6460723876953 27.655725479126 27.6581115722656 27.6599788665771 27.6680946350098 27.6752815246582 27.6806488037109 27.6884479522705 27.6921348571777 27.6961860656738 27.7072715759277 27.7206268310547 27.7299652099609 27.7405662536621 27.7359752655029 27.7341423034668 27.7354869842529 27.733528137207 27.734203338623 27.7513446807861 27.7628307342529 27.7744808197021
27.2378330230713 27.287036895752 27.2841320037842 27.2971439361572 27.3343753814697 27.337911605835 27.3396816253662 27.3748378753662 27.3666896820068 27.3672752380371 27.3758773803711 27.3799324035645 27.3896026611328 27.4023132324219 27.406566619873 27.4129066467285 27.4302196502686 27.443546295166 27.4529590606689 27.4826431274414 27.4837036132812 27.4903621673584 27.5084667205811 27.5120258331299 27.5192222595215 27.5303440093994 27.5410194396973 27.5493602752686 27.5658187866211 27.5803642272949 27.5903930664062 27.6231994628906 27.6213092803955 27.6251926422119 27.6456871032715 27.6508197784424 27.6512298583984 27.660961151123 27.6589965820312 27.6620311737061 27.66872215271 27.6736850738525 27.6714687347412 27.6806907653809 27.6893577575684 27.694652557373 27.7002201080322 27.7133884429932 27.7192783355713 27.7301616668701 27.7292308807373 27.7306041717529 27.7357444763184 27.7377529144287 27.7447834014893 27.7598438262939 27.7610988616943
27.2471332550049 27.260814666748 27.2704792022705 27.2951393127441 27.3107280731201 27.3256435394287 27.3464527130127 27.3504638671875 27.3579502105713 27.3667030334473 27.3697395324707 27.3760986328125 27.3921699523926 27.3981952667236 27.402027130127 27.4210739135742 27.4290885925293 27.436206817627 27.461856842041 27.4771995544434 27.4819660186768 27.4948978424072 27.5014381408691 27.509916305542 27.5228462219238 27.5287055969238 27.5373020172119 27.5498790740967 27.5541496276855 27.5666465759277 27.5929050445557 27.6119785308838 27.6143283843994 27.6208972930908 27.6372756958008 27.6400547027588 27.640531539917 27.6435794830322 27.6469058990479 27.6514339447021 27.6550483703613 27.6552848815918 27.6655406951904 27.6733016967773 27.6772079467773 27.6884651184082 27.6929168701172 27.6978321075439 27.7082138061523 27.7126579284668 27.7131309509277 27.7266864776611 27.7241191864014 27.7295265197754 -9999 -9999 -9999
27.2227649688721 27.2342929840088 27.2475395202637 27.2720146179199 27.2890243530273 27.3038330078125 27.3245239257812 27.3265686035156 27.3384323120117 27.3494033813477 27.3538837432861 27.3599090576172 27.3776531219482 27.3844242095947 27.3937683105469 27.4132099151611 27.4207801818848 27.4296131134033 27.4544525146484 27.4758949279785 27.4805488586426 27.493709564209 27.5002574920654 27.5077228546143 27.5203590393066 27.5253105163574 27.5291996002197 27.5437774658203 27.5501327514648 27.5570945739746 27.5847873687744 27.5990505218506 27.6014175415039 27.6074256896973 27.6217060089111 27.6242694854736 27.6239795684814 27.6253051757812 27.6276874542236 27.6324348449707 27.6356086730957 27.6366291046143 27.6474475860596 27.6574630737305 27.6606845855713 27.6696548461914 27.6739749908447 27.6822853088379 27.69309425354 27.6965236663818 27.7019538879395 27.7171077728271 -9999 -9999 -9999 -9999 -9999
27.2012882232666 27.2241058349609 27.2408409118652 27.252857208252 27.2805042266846 27.2953605651855 27.3117294311523 27.3345756530762 27.3382968902588 27.3499927520752 27.3666248321533 27.3661499023438 27.3700160980225 27.3972682952881 27.3913230895996 27.4060668945312 27.4335918426514 27.4351577758789 27.4443950653076 27.4786853790283 27.4747142791748 27.4828357696533 27.5095348358154 27.5052337646484 27.5128803253174 27.5338382720947 27.5260906219482 27.5299682617188 27.5493316650391 27.5551738739014 27.5713195800781 27.5981559753418 27.5933742523193 27.5952548980713 27.6124324798584 27.6118679046631 27.6138324737549 27.6170673370361 27.6199550628662 27.6232261657715 27.6258220672607 27.6276073455811 27.6332702636719 27.6398735046387 27.6469249725342 27.6509284973145 27.6579990386963 27.6730709075928 27.6794090270996 -9999 -9999 -9999 -9999 -9999 -9999 -9999 -9999
27.1991233825684 27.2096500396729 27.2223644256592 27.2456092834473 27.2624549865723 27.2782592773438 27.3030834197998 27.3161640167236 27.31911277771 27.3389263153076 27.3433742523193 27.3460445404053 27.3584041595459 27.3667774200439 27.3756523132324 27.392879486084 27.4026851654053 27.4146156311035 27.4337844848633 27.4480667114258 27.4552440643311 27.4745273590088 27.4819717407227 27.486608505249 27.5047245025635 27.5111236572266 27.5123348236084 27.5203151702881 27.5263195037842 27.5382976531982 27.5550937652588 27.5709705352783 27.5790634155273 27.5848178863525 27.5967350006104 27.5982818603516 27.6027755737305 27.6055393218994 27.6087074279785 27.6137294769287 27.6175956726074 27.6130752563477 27.6258316040039 27.6303043365479 27.6334438323975 27.6466789245605 -9999 -9999 -9999 -9999 -9999 -9999 -9999 -9999 -9999 -9999 -9999
27.167818069458 27.1810264587402 27.1872501373291 27.2092247009277 27.222038269043 27.2375755310059 27.2577457427979 27.2746162414551 27.2773208618164 27.2965183258057 27.2990341186523 27.3049163818359 27.321647644043 27.3269367218018 27.3374462127686 27.3559150695801 27.3622570037842 27.3690910339355 27.3977108001709 27.4113388061523 27.4222221374512 27.4400100708008 27.4502410888672 27.457576751709 27.4728202819824 27.4760246276855 27.4812488555908 27.4889221191406 27.4903469085693 27.5031700134277 27.52734375 27.5400562286377 27.5413703918457 27.5468807220459 27.5670700073242 27.5629501342773 27.5662021636963 27.5749473571777 27.5811443328857 27.5871658325195 27.5917854309082 27.5951442718506 27.6089096069336 27.6073226928711 -9999 -9999 -9999 -9999 -9999 -9999 -9999 -9999 -9999 -9999 -9999 -9999 -9999
27.156982421875 27.1697731018066 27.1810684204102 27.1882667541504 27.2190093994141 27.2261924743652 27.2384376525879 27.2410678863525 27.2609348297119 27.2651653289795 27.2718944549561 27.2899799346924 27.2979412078857 27.3105964660645 27.3245315551758 27.3334426879883 27.3377532958984 27.3565273284912 27.3778076171875 27.3928852081299 27.4135627746582 27.4251117706299 27.4444808959961 27.4548759460449 27.4591083526611 27.4650707244873 27.4703521728516 27.4719562530518 27.4817123413086 27.4915199279785 27.5109024047852 27.5183563232422 27.5279674530029 27.5315113067627 27.5479736328125 27.548698425293 27.5505218505859 27.55979347229 27.565055847168 27.5702972412109 27.5829257965088 -9999 -9999 -9999 -9999 -9999 -9999 -9999 -9999 -9999 -9999 -9999 -9999 -9999 -9999 -9999 -9999
27.1604270935059 27.1619167327881 27.1682815551758 27.18190574646 27.2057838439941 27.208797454834 27.2264556884766 27.2301235198975 27.2424869537354 27.2544956207275 27.2582912445068 27.2640056610107 27.2824420928955 27.291166305542 27.3037185668945 27.3222980499268 27.3260345458984 27.3363742828369 27.3650188446045 27.3772315979004 27.3880672454834 27.4127159118652 27.4247226715088 27.4396781921387 27.4521217346191 27.449613571167 27.4493942260742 27.4574775695801 27.4691200256348 27.4723262786865 27.5006580352783 27.5040798187256 27.5086269378662 27.5195789337158 27.51904296875 27.5145130157471 27.522834777832 27.5398368835449 27.5467224121094 -9999 -9999 -9999 -9999 -9999 -9999 -9999 -9999 -9999 -9999 -9999 -9999 -9999 -9999 -9999 -9999 -9999 -9999
27.1338081359863 27.133092880249 27.1336708068848 27.1474056243896 27.1639785766602 27.1671524047852 27.1871376037598 27.1896266937256 27.2052745819092 27.2172145843506 27.2206687927246 27.2260150909424 27.2418041229248 27.2515468597412 27.2622413635254 27.2827167510986 27.2953929901123 27.3032760620117 27.3209419250488 27.3304843902588 27.3455791473389 27.3682880401611 27.3784236907959 27.3937911987305 27.4071235656738 27.4081974029541 27.4097366333008 27.4183292388916 27.4374599456787 27.4403495788574 27.4516544342041 27.4541645050049 27.4730110168457 27.4822788238525 27.480583190918 27.4790649414062 -9999 -9999 -9999 -9999 -9999 -9999 -9999 -9999 -9999 -9999 -9999 -9999 -9999 -9999 -9999 -9999 -9999 -9999 -9999 -9999 -9999
27.1087341308594 27.1197109222412 27.125955581665 27.1306324005127 27.1456356048584 27.1587104797363 27.1711158752441 27.1724014282227 27.1943244934082 27.1977424621582 27.2034015655518 27.213695526123 27.2251110076904 27.236120223999 27.2530956268311 27.2630386352539 27.2801036834717 27.2938899993896 27.3014640808105 27.3128433227539 27.3288326263428 27.3452205657959 27.3598575592041 27.3719310760498 27.3775825500488 27.3839130401611 27.3959617614746 27.400369644165 27.4218482971191 27.4258003234863 27.4282302856445 27.4388542175293 27.447509765625 -9999 -9999 -9999 -9999 -9999 -9999 -9999 -9999 -9999 -9999 -9999 -9999 -9999 -9999 -9999 -9999 -9999 -9999 -9999 -9999 -9999 -9999 -9999 -9999
27.0981597900391 27.1083755493164 27.1123428344727 27.1227779388428 27.1377277374268 27.1446018218994 27.1661357879639 27.1674270629883 27.1784801483154 27.1919403076172 27.1951084136963 27.1970863342285 27.2141971588135 27.2302360534668 27.2390403747559 27.2549533843994 27.2676544189453 27.2770671844482 27.2900924682617 27.2958602905273 27.3107452392578 27.3339595794678 27.3433475494385 27.3485889434814 27.3624000549316 27.366039276123 27.3743877410889 27.3856468200684 27.3919334411621 27.4037322998047 27.4152927398682 -9999 -9999 -9999 -9999 -9999 -9999 -9999 -9999 -9999 -9999 -9999 -9999 -9999 -9999 -9999 -9999 -9999 -9999 -9999 -9999 -9999 -9999 -9999 -9999 -9999 -9999
27.0705261230469 27.0796566009521 27.0844535827637 27.0949268341064 27.1095275878906 27.1162414550781 27.1386985778809 27.1432647705078 27.15212059021 27.1661949157715 27.1612720489502 27.1612815856934 27.1866874694824 27.2019176483154 27.2103652954102 27.2251834869385 27.2348785400391 27.2399387359619 27.252103805542 27.2601299285889 27.2707862854004 27.2886638641357 27.3011322021484 27.3055210113525 27.3154621124268 27.316837310791 27.3241519927979 27.3375911712646 -9999 -9999 -9999 -9999 -9999 -9999 -9999 -9999 -9999 -9999 -9999 -9999 -9999 -9999 -9999 -9999 -9999 -9999 -9999 -9999 -9999 -9999 -9999 -9999 -9999 -9999 -9999 -9999 -9999
27.0621452331543 27.0660419464111 27.0806732177734 27.0928840637207 27.0943927764893 27.112325668335 27.1273345947266 27.1311950683594 27.1423816680908 27.1555709838867 27.1591644287109 27.1646194458008 27.1749057769775 27.1902751922607 27.2024993896484 27.2164249420166 27.2223796844482 27.2311954498291 27.2352485656738 27.2406730651855 27.2580089569092 27.2707595825195 27.2843647003174 27.2909030914307 27.2961254119873 27.3044567108154 -9999 -9999 -9999 -9999 -9999 -9999 -9999 -9999 -9999 -9999 -9999 -9999 -9999 -9999 -9999 -9999 -9999 -9999 -9999 -9999 -9999 -9999 -9999 -9999 -9999 -9999 -9999 -9999 -9999 -9999 -9999
27.0624866485596 27.0688610076904 27.075475692749 27.0907878875732 27.0987186431885 27.101900100708 27.1254501342773 27.1271781921387 27.1323928833008 27.1581935882568 27.1584091186523 27.1636734008789 27.1766109466553 27.1870899200439 27.1939125061035 27.2112903594971 27.2151565551758 27.2206916809082 27.2317371368408 27.2390060424805 27.2448062896729 27.2506923675537 27.2558670043945 -9999 -9999 -9999 -9999 -9999 -9999 -9999 -9999 -9999 -9999 -9999 -9999 -9999 -9999 -9999 -9999 -9999 -9999 -9999 -9999 -9999 -9999 -9999 -9999 -9999 -9999 -9999 -9999 -9999 -9999 -9999 -9999 -9999 -9999
27.0569877624512 27.0606689453125 27.067699432373 27.0778141021729 27.083984375 27.0892200469971 27.1125812530518 27.1178226470947 27.1239948272705 27.1377277374268 27.1507911682129 27.1521835327148 27.1638870239258 27.1729965209961 27.1855354309082 27.194149017334 27.1954097747803 27.1974754333496 27.2075843811035 27.2075386047363 -9999 -9999 -9999 -9999 -9999 -9999 -9999 -9999 -9999 -9999 -9999 -9999 -9999 -9999 -9999 -9999 -9999 -9999 -9999 -9999 -9999 -9999 -9999 -9999 -9999 -9999 -9999 -9999 -9999 -9999 -9999 -9999 -9999 -9999 -9999 -9999 -9999
27.0633754730225 27.0608024597168 27.0717697143555 27.0758838653564 27.073543548584 27.0884857177734 27.1056118011475 27.1125068664551 27.1222496032715 27.1294288635254 27.1416091918945 27.153413772583 27.158447265625 27.1635417938232 27.1830215454102 27.1862964630127 27.1814441680908 27.1909122467041 27.1936302185059 27.1880493164062 -9999 -9999 -9999 -9999 -9999 -9999 -9999 -9999 -9999 -9999 -9999 -9999 -9999 -9999 -9999 -9999 -9999 -9999 -9999 -9999 -9999 -9999 -9999 -9999 -9999 -9999 -9999 -9999 -9999 -9999 -9999 -9999 -9999 -9999 -9999 -9999 -9999
27.0824527740479 27.0799236297607 27.0747585296631 27.0817623138428 27.0808563232422 27.0853233337402 27.1067600250244 27.1148490905762 27.117769241333 27.134895324707 27.1410636901855 27.1508159637451 27.1612167358398 27.1693172454834 27.1813354492188 27.1835556030273 27.1856555938721 27.1863784790039 27.1879272460938 -9999 -9999 -9999 -9999 -9999 -9999 -9999 -9999 -9999 -9999 -9999 -9999 -9999 -9999 -9999 -9999 -9999 -9999 -9999 -9999 -9999 -9999 -9999 -9999 -9999 -9999 -9999 -9999 -9999 -9999 -9999 -9999 -9999 -9999 -9999 -9999 -9999 -9999
27.113094329834 27.0903930664062 27.0806903839111 27.0858345031738 27.0838375091553 27.0928058624268 27.10573387146 27.1108837127686 27.1201400756836 27.1352024078369 27.140100479126 27.1446628570557 27.1607551574707 27.1671485900879 27.1774635314941 27.1793518066406 27.1794185638428 27.1767959594727 -9999 -9999 -9999 -9999 -9999 -9999 -9999 -9999 -9999 -9999 -9999 -9999 -9999 -9999 -9999 -9999 -9999 -9999 -9999 -9999 -9999 -9999 -9999 -9999 -9999 -9999 -9999 -9999 -9999 -9999 -9999 -9999 -9999 -9999 -9999 -9999 -9999 -9999 -9999
27.1061344146729 27.0838527679443 27.0843257904053 27.0829772949219 27.082218170166 27.0953617095947 27.1021308898926 27.1045055389404 27.1253795623779 27.1321640014648 27.1392555236816 27.1482391357422 27.1603088378906 27.1717071533203 27.1775913238525 27.1757411956787 27.1768951416016 -9999 -9999 -9999 -9999 -9999 -9999 -9999 -9999 -9999 -9999 -9999 -9999 -9999 -9999 -9999 -9999 -9999 -9999 -9999 -9999 -9999 -9999 -9999 -9999 -9999 -9999 -9999 -9999 -9999 -9999 -9999 -9999 -9999 -9999 -9999 -9999 -9999 -9999 -9999 -9999
27.0911903381348 27.0860595703125 27.0833415985107 27.0910739898682 27.0883369445801 27.0938777923584 27.1078433990479 27.1182460784912 27.1247577667236 27.1390533447266 27.1423110961914 27.1531066894531 27.1622734069824 27.1674690246582 27.1745128631592 27.1751441955566 27.1740856170654 -9999 -9999 -9999 -9999 -9999 -9999 -9999 -9999 -9999 -9999 -9999 -9999 -9999 -9999 -9999 -9999 -9999 -9999 -9999 -9999 -9999 -9999 -9999 -9999 -9999 -9999 -9999 -9999 -9999 -9999 -9999 -9999 -9999 -9999 -9999 -9999 -9999 -9999 -9999 -9999
27.0894756317139 27.0874271392822 27.090690612793 27.0965766906738 27.0951232910156 27.0994682312012 27.1105403900146 27.1235504150391 27.1274662017822 27.1424827575684 27.1487216949463 27.157169342041 27.1689052581787 27.1683311462402 27.1757736206055 27.1755256652832 -9999 -9999 -9999 -9999 -9999 -9999 -9999 -9999 -9999 -9999 -9999 -9999 -9999 -9999 -9999 -9999 -9999 -9999 -9999 -9999 -9999 -9999 -9999 -9999 -9999 -9999 -9999 -9999 -9999 -9999 -9999 -9999 -9999 -9999 -9999 -9999 -9999 -9999 -9999 -9999 -9999
27.0844688415527 27.089038848877 27.0949306488037 27.0969276428223 27.1028804779053 27.1018657684326 27.116138458252 27.1315994262695 27.1322917938232 27.1381397247314 27.1671047210693 27.1611042022705 27.16575050354 -9999 -9999 -9999 -9999 -9999 -9999 -9999 -9999 -9999 -9999 -9999 -9999 -9999 -9999 -9999 -9999 -9999 -9999 -9999 -9999 -9999 -9999 -9999 -9999 -9999 -9999 -9999 -9999 -9999 -9999 -9999 -9999 -9999 -9999 -9999 -9999 -9999 -9999 -9999 -9999 -9999 -9999 -9999 -9999
27.0804252624512 27.09033203125 27.0927391052246 27.0957126617432 27.0968532562256 27.1017608642578 27.118371963501 27.1239452362061 27.1297874450684 -9999 -9999 -9999 -9999 -9999 -9999 -9999 -9999 -9999 -9999 -9999 -9999 -9999 -9999 -9999 -9999 -9999 -9999 -9999 -9999 -9999 -9999 -9999 -9999 -9999 -9999 -9999 -9999 -9999 -9999 -9999 -9999 -9999 -9999 -9999 -9999 -9999 -9999 -9999 -9999 -9999 -9999 -9999 -9999 -9999 -9999 -9999 -9999
