G_variables/Set1/RCP4_2100/Sur_tem_max.asc
NCOLS 229 
NROWS 147 
XLLCORNER -101.25 
YLLCORNER 14.3333333333333 
CELLSIZE 0.0833333333333333 
NODATA_value -9999 
[rows 26 to 51 of 147, columns 57 to 113 of 229]
-9999 -9999 -9999 -9999 -9999 -9999 -9999 -9999 -9999 -9999 -9999 -9999 -9999 -9999 -9999 -9999 -9999 -9999 -9999 -9999 -9999 -9999 -9999 -9999 -9999 -9999 -9999 -9999 -9999 31.5673046112061 31.5643730163574 31.5640182495117 31.562141418457 31.5706233978271 31.5723133087158 31.5811996459961 31.5862674713135 31.5937900543213 31.5875205993652 31.5913848876953 31.591817855835 31.5837936401367 31.577220916748 31.5598220825195 31.557222366333 31.5611267089844 31.5529174804688 31.5604133605957 31.5697479248047 31.5745716094971 31.5808849334717 31.577449798584 31.5836277008057 31.5955600738525 31.5993785858154 31.6075496673584 31.6100883483887
-9999 -9999 -9999 -9999 -9999 -9999 -9999 -9999 -9999 -9999 -9999 -9999 -9999 -9999 -9999 -9999 -9999 -9999 -9999 -9999 -9999 -9999 -9999 -9999 -9999 -9999 -9999 -9999 31.5739040374756 31.5630950927734 31.5718116760254 31.5706005096436 31.5585975646973 31.5808544158936 31.5825691223145 31.5803050994873 31.5975704193115 31.5979022979736 31.5994052886963 31.5995311737061 31.6016826629639 31.6002635955811 31.5842552185059 31.5773849487305 31.5664768218994 31.56227684021 31.5616550445557 31.5608024597168 31.5701179504395 31.5723896026611 31.5749778747559 31.5820751190186 31.5865955352783 31.5896186828613 31.5999507904053 31.602071762085 31.6045513153076
-9999 -9999 -9999 -9999 -9999 -9999 -9999 -9999 -9999 -9999 -9999 -9999 -9999 -9999 -9999 -9999 -9999 -9999 -9999 -9999 -9999 -9999 -9999 -9999 -9999 -9999 -9999 -9999 31.5601024627686 31.5704822540283 31.5698566436768 31.5715847015381 31.566125869751 31.5792827606201 31.5944957733154 31.59521484375 31.609489440918 31.6142082214355 31.6178665161133 31.6173686981201 31.6176567077637 31.6179370880127 31.6052360534668 31.5879344940186 31.5718002319336 31.5598049163818 31.5581588745117 31.5490207672119 31.5627880096436 31.5635757446289 31.5689830780029 31.5688571929932 31.5729598999023 31.5794773101807 31.5861778259277 31.5881462097168 31.5933361053467
-9999 -9999 -9999 -9999 -9999 -9999 -9999 -9999 -9999 -9999 -9999 -9999 -9999 -9999 -9999 -9999 -9999 -9999 -9999 -9999 -9999 -9999 -9999 -9999 -9999 -9999 -9999 31.5444221496582 31.5211048126221 31.5623798370361 31.571418762207 31.5644645690918 31.5773105621338 31.5890655517578 31.627799987793 31.6072654724121 31.6170082092285 31.6478748321533 31.6243095397949 31.62473487854 31.6423587799072 31.6299724578857 31.6196594238281 31.6017093658447 31.5816020965576 31.5618762969971 31.5508975982666 31.5531311035156 31.5580253601074 31.5523529052734 31.5607776641846 31.5640354156494 31.5677547454834 31.57839012146 31.5784339904785 31.578441619873 31.5885410308838
-9999 -9999 -9999 -9999 -9999 -9999 -9999 -9999 -9999 -9999 -9999 -9999 -9999 -9999 -9999 -9999 -9999 -9999 -9999 -9999 -9999 -9999 -9999 -9999 -9999 -9999 -9999 31.5433750152588 31.5485649108887 31.5476055145264 31.5761528015137 31.5778331756592 31.5752830505371 31.61301612854 31.6207008361816 31.6110992431641 31.628080368042 31.6306209564209 31.6293907165527 31.6265621185303 31.62766456604 31.6231555938721 31.60866355896 31.5972061157227 31.5838775634766 31.5751514434814 31.5681991577148 31.5598316192627 31.5619449615479 31.5604343414307 31.551908493042 31.5618877410889 31.5652523040771 31.5683479309082 31.5680675506592 31.5717868804932 31.5845756530762
31.2586154937744 31.2662734985352 31.2764434814453 31.307767868042 -9999 -9999 -9999 -9999 -9999 -9999 -9999 -9999 -9999 -9999 -9999 -9999 -9999 -9999 -9999 -9999 -9999 -9999 -9999 -9999 -9999 -9999 31.512451171875 31.5455665588379 31.5422668457031 31.551082611084 31.5794467926025 31.585319519043 31.5829162597656 31.6198883056641 31.6247329711914 31.6142711639404 31.6301689147949 31.6322422027588 31.6285629272461 31.6235065460205 31.6246109008789 31.6195812225342 31.5979423522949 31.5881175994873 31.5759449005127 31.5649681091309 31.5590896606445 31.5468006134033 31.5446681976318 31.541862487793 31.5287494659424 31.5410575866699 31.5408573150635 31.5429363250732 31.5537948608398 31.5576610565186 31.5651073455811
31.2605571746826 31.2739448547363 31.2939853668213 31.3149185180664 31.3475303649902 31.3452739715576 31.3555183410645 31.3860893249512 31.3807830810547 -9999 -9999 -9999 -9999 -9999 -9999 -9999 -9999 -9999 -9999 -9999 -9999 -9999 -9999 -9999 -9999 -9999 31.5236568450928 31.5392055511475 31.55588722229 31.5629138946533 31.572774887085 31.5918407440186 31.6008491516113 31.6147727966309 31.6407337188721 31.6333980560303 31.6293182373047 31.6502647399902 31.6276836395264 31.6220226287842 31.633996963501 31.6091461181641 31.6000080108643 31.5945415496826 31.5696887969971 31.5678749084473 31.5560035705566 31.5428276062012 31.543004989624 31.5302219390869 31.5387077331543 31.5293655395508 31.538703918457 31.5450477600098 31.5508232116699 31.5662784576416 31.5634098052979
31.2633647918701 31.2746849060059 31.2925796508789 31.3198757171631 31.3281650543213 31.3391418457031 31.3564033508301 31.3694171905518 31.3725891113281 31.385913848877 31.3919582366943 31.3928127288818 31.3971519470215 -9999 -9999 -9999 -9999 -9999 -9999 -9999 -9999 -9999 -9999 -9999 -9999 31.5169010162354 31.5274238586426 31.555269241333 31.5600967407227 31.559196472168 31.5889072418213 31.5925559997559 31.597095489502 31.6126842498779 31.627628326416 31.6275081634521 31.636079788208 31.6367797851562 31.6198310852051 31.6097106933594 31.6097831726074 31.6012287139893 31.5908126831055 31.5860710144043 31.5667381286621 31.5474624633789 31.5502414703369 31.5399303436279 31.5367393493652 31.5357971191406 31.5341377258301 31.5259761810303 31.5293598175049 31.5307750701904 31.5479354858398 31.5513935089111 31.5566749572754
31.2764263153076 31.2919692993164 31.2993011474609 31.3242950439453 31.3320198059082 31.3359546661377 31.35276222229 31.3611640930176 31.3645076751709 31.3727874755859 31.3745136260986 31.3814487457275 31.3858509063721 31.3830051422119 31.3901767730713 31.3996105194092 31.397346496582 31.4129085540771 -9999 -9999 -9999 -9999 -9999 -9999 -9999 31.5349712371826 31.5445785522461 31.5714664459229 31.5772609710693 31.5796127319336 31.5963821411133 31.5989933013916 31.5900573730469 31.6012668609619 31.6029834747314 31.6051959991455 31.6115188598633 31.6062164306641 31.603084564209 31.5842418670654 31.583288192749 31.5792045593262 31.5663604736328 31.5609874725342 31.5565032958984 31.53173828125 31.5272350311279 31.5274543762207 31.5253486633301 31.5233669281006 31.5216541290283 31.5233325958252 31.5230617523193 31.5166568756104 31.5324459075928 31.5344676971436 31.5365982055664
31.2732810974121 31.2808971405029 31.3037872314453 31.313346862793 31.3247451782227 31.338264465332 31.3427886962891 31.3589916229248 31.3643398284912 31.3688888549805 31.3777561187744 31.3809986114502 31.3863945007324 31.3749923706055 31.3943843841553 31.3998203277588 31.3970432281494 31.420015335083 31.4320297241211 31.4380493164062 31.4615802764893 31.4745197296143 31.4967975616455 -9999 -9999 31.5557556152344 31.5599575042725 31.5688552856445 31.5946979522705 31.5902976989746 31.5966377258301 31.6032810211182 31.586389541626 31.5876865386963 31.602087020874 31.5981483459473 31.6018600463867 31.609354019165 31.5958881378174 31.584285736084 31.5811023712158 31.569486618042 31.562686920166 31.5500965118408 31.5438022613525 31.5380992889404 31.5189361572266 31.5116271972656 31.5136280059814 31.5086917877197 31.5129451751709 31.511682510376 31.5049057006836 31.5203666687012 31.5337200164795 31.5329875946045 31.5396270751953
31.2829456329346 31.2974262237549 31.3019046783447 31.3181934356689 31.3229370117188 31.3323841094971 31.3460445404053 31.3542232513428 31.3571491241455 31.3730545043945 31.3755626678467 31.3767471313477 31.3922958374023 31.3952598571777 31.3933334350586 31.410099029541 31.4149494171143 31.4211158752441 31.4448795318604 31.449390411377 31.4575881958008 31.4890727996826 31.5084209442139 31.5138683319092 31.550724029541 31.5573253631592 31.5639667510986 31.5834674835205 31.5887622833252 31.5963668823242 31.604549407959 31.6052207946777 31.5859851837158 31.5831851959229 31.596399307251 31.5941123962402 31.5908088684082 31.5888004302979 31.5871086120605 31.580940246582 31.5799999237061 31.5628452301025 31.5520706176758 31.5435333251953 31.5403327941895 31.5313491821289 31.5268383026123 31.5095310211182 31.5117988586426 31.5092468261719 31.5101413726807 31.5114250183105 31.5116310119629 31.5181274414062 31.5315990447998 31.5327472686768 31.5374565124512
31.2881660461426 31.3001365661621 31.3023796081543 31.3147048950195 31.3158187866211 31.3236351013184 31.3416385650635 31.3449764251709 31.3507194519043 31.3673286437988 31.3693466186523 31.3750247955322 31.3919143676758 31.3948669433594 31.4034671783447 31.4153232574463 31.4267807006836 31.4361362457275 31.4600124359131 31.4691677093506 31.4714756011963 31.5086288452148 31.5154590606689 31.5234889984131 31.5598392486572 31.5659503936768 31.5690116882324 31.5831737518311 31.5878505706787 31.5859107971191 31.5881195068359 31.5874824523926 31.5715999603271 31.5624408721924 31.5600662231445 31.5576114654541 31.5540180206299 31.5509910583496 31.5504608154297 31.5454406738281 31.5426979064941 31.5433578491211 31.5349521636963 31.5330543518066 31.5351448059082 31.5302047729492 31.5321578979492 31.510627746582 31.5137462615967 31.514066696167 31.513484954834 31.5177936553955 31.5245208740234 31.5265579223633 31.5267639160156 31.5269050598145 31.5308094024658
31.2830085754395 31.3038082122803 31.3054599761963 31.308292388916 31.309326171875 31.3311882019043 31.3390064239502 31.3406734466553 31.3594875335693 31.3645687103271 31.3637638092041 31.3784084320068 31.3912792205811 31.4045009613037 31.4119930267334 31.4186153411865 31.4354553222656 31.4485683441162 31.4570236206055 31.4743785858154 31.489164352417 31.5066318511963 31.5289096832275 31.5391025543213 31.5578784942627 31.5858669281006 31.5747871398926 31.5776329040527 31.5978050231934 31.5811538696289 31.5783939361572 31.573392868042 31.5610504150391 31.5634059906006 31.5405464172363 31.5441036224365 31.5472507476807 31.5362586975098 31.5386524200439 31.5369682312012 31.5280361175537 31.531421661377 31.5301418304443 31.526008605957 31.5248260498047 31.530517578125 31.5222873687744 31.5208415985107 31.5125560760498 31.5046291351318 31.5139484405518 31.5248336791992 31.5299606323242 31.5284843444824 31.5249328613281 31.5254650115967 31.5272445678711
31.2882308959961 31.2958145141602 31.3015270233154 31.314661026001 31.325834274292 31.3309211730957 31.3499813079834 31.3539218902588 31.3609943389893 31.3761024475098 31.3754253387451 31.3765335083008 31.3991928100586 31.4040946960449 31.4075393676758 31.4290161132812 31.435510635376 31.4440689086914 31.4704151153564 31.4820537567139 31.4892082214355 31.5169353485107 31.5308971405029 31.5364627838135 31.5622882843018 31.5669422149658 31.5756034851074 31.5779418945312 31.5737152099609 31.5742835998535 31.5678539276123 31.5556831359863 31.5546340942383 31.5526714324951 31.5507316589355 31.5400657653809 31.5475082397461 31.5440330505371 31.5439357757568 31.5427227020264 31.5415058135986 31.5292816162109 31.5287666320801 31.5274925231934 31.5269470214844 31.5319137573242 31.5291156768799 31.5211944580078 31.5302257537842 31.517936706543 31.5196151733398 31.5310688018799 31.5336055755615 31.5345764160156 31.5300178527832 31.5317516326904 31.5316276550293
31.2797527313232 31.2913818359375 31.2960090637207 31.3141212463379 31.3282871246338 31.3345832824707 31.3555564880371 31.3670711517334 31.370002746582 31.3805847167969 31.3776569366455 31.3783645629883 31.3999137878418 31.4054641723633 31.410530090332 31.4335498809814 31.4451675415039 31.4506645202637 31.4770488739014 31.4834384918213 31.490873336792 31.5148487091064 31.5234985351562 31.5287818908691 31.5517253875732 31.5539379119873 31.5521965026855 31.5544719696045 31.5478096008301 31.543249130249 31.5358390808105 31.5254001617432 31.5244293212891 31.5158023834229 31.5226211547852 31.5213661193848 31.5220165252686 31.5207500457764 31.5215835571289 31.5211353302002 31.5195846557617 31.5195980072021 31.5198421478271 31.5155391693115 31.5156345367432 31.5186977386475 31.5235862731934 31.5187129974365 31.5287322998047 31.5302772521973 31.530834197998 31.5408191680908 31.5427322387695 31.5440502166748 31.5433158874512 31.541711807251 31.5297908782959
31.2770500183105 31.2791614532471 31.2981281280518 31.3120937347412 31.3370990753174 31.3422718048096 31.3537635803223 31.3783397674561 31.3866138458252 31.3781661987305 31.3816032409668 31.3859786987305 31.3937816619873 31.4071598052979 31.4214839935303 31.4311218261719 31.4509449005127 31.4586181640625 31.4697437286377 31.4908409118652 31.497594833374 31.5065383911133 31.5362720489502 31.5335292816162 31.5358009338379 31.5463695526123 31.5468292236328 31.5447292327881 31.5414371490479 31.5335426330566 31.5285682678223 31.5075454711914 31.5117282867432 31.5096893310547 31.5004558563232 31.5059108734131 31.5124187469482 31.5018882751465 31.5160350799561 31.5173759460449 31.5088691711426 31.5162563323975 31.5164451599121 31.5070743560791 31.51416015625 31.516773223877 31.5266227722168 31.519775390625 31.5281715393066 31.5347957611084 31.5405445098877 31.5434684753418 31.5483207702637 31.5477638244629 31.5464057922363 31.546703338623 31.5426330566406
31.2792892456055 31.28244972229 31.2879619598389 31.3150253295898 31.3249092102051 31.3302516937256 31.3555793762207 31.3663597106934 31.3687744140625 31.3805961608887 31.378360748291 31.3827438354492 31.3983097076416 31.4113330841064 31.4167079925537 31.4384288787842 31.4515190124512 31.4565448760986 31.4755706787109 31.4803218841553 31.4899635314941 31.5104732513428 31.5220317840576 31.5243625640869 31.529167175293 31.5345458984375 31.5338459014893 31.5383434295654 31.537784576416 31.5308208465576 31.5266647338867 31.5145244598389 31.5117378234863 31.511360168457 31.5090389251709 31.5070533752441 31.5099983215332 31.5105991363525 31.5132694244385 31.5186100006104 31.5152168273926 31.5155220031738 31.5197067260742 31.5132484436035 31.5136528015137 31.5255451202393 31.5193614959717 31.5197238922119 31.535177230835 31.5296363830566 31.5332336425781 31.5459957122803 31.5476341247559 31.5496253967285 31.5508804321289 31.5502662658691 31.5485343933105
31.2548427581787 31.258825302124 31.2695083618164 31.3012676239014 31.3156318664551 31.3216247558594 31.3474655151367 31.3537158966064 31.3608283996582 31.3767967224121 31.3758888244629 31.3798484802246 31.3943500518799 31.4078884124756 31.4122295379639 31.4336223602295 31.4418506622314 31.4504127502441 31.4712467193604 31.4728240966797 31.478494644165 31.4976539611816 31.501672744751 31.5033054351807 31.508279800415 31.508092880249 31.5077037811279 31.5120944976807 31.5065841674805 31.5062770843506 31.5043392181396 31.5042610168457 31.5047073364258 31.5059757232666 31.4955101013184 31.4955158233643 31.4987392425537 31.5003871917725 31.5055103302002 31.5086917877197 31.5064754486084 31.5048980712891 31.5090808868408 31.5102787017822 31.5054798126221 31.5177574157715 31.5121650695801 31.5169467926025 31.5335426330566 31.5330276489258 31.5333843231201 31.5478191375732 31.5489463806152 31.5498046875 31.5510082244873 31.5491256713867 31.5476970672607
31.2450294494629 31.2548904418945 31.2735137939453 31.2836399078369 31.2983131408691 31.3172855377197 31.3319454193115 31.358512878418 31.3570289611816 31.3603973388672 31.3791770935059 31.3844108581543 31.3947429656982 31.4010162353516 31.4076614379883 31.4168262481689 31.4351272583008 31.4455871582031 31.4584846496582 31.4693794250488 31.4762401580811 31.4814682006836 31.5009613037109 31.5024127960205 31.5020294189453 31.5016784667969 31.5042419433594 31.5025672912598 31.4858932495117 31.4971351623535 31.5022716522217 31.4973011016846 31.5011291503906 31.5024795532227 31.5007286071777 31.4964408874512 31.5021743774414 31.4965362548828 31.4978141784668 31.4984302520752 31.4936351776123 31.4961681365967 31.5005912780762 31.4966850280762 31.5018215179443 31.5052890777588 31.5155696868896 31.5209846496582 31.5320663452148 31.5347576141357 31.5373935699463 31.5429039001465 31.5570163726807 31.5474472045898 31.5484447479248 31.5504665374756 31.5447845458984
31.2474155426025 31.2512474060059 31.2599563598633 31.2835674285889 31.2891445159912 31.2986278533936 31.3316421508789 31.3403663635254 31.3424644470215 31.3615818023682 31.3658924102783 31.3748092651367 31.3973731994629 31.392951965332 31.3975028991699 31.4174404144287 31.4254512786865 31.4347991943359 31.4576835632324 31.4591484069824 31.4677505493164 31.4778156280518 31.4808750152588 31.4976959228516 31.4990100860596 31.4978866577148 31.5003223419189 31.4954051971436 31.4928035736084 31.4933815002441 31.5011348724365 31.4984817504883 31.4991054534912 31.5013179779053 31.490629196167 31.4944686889648 31.500581741333 31.4970188140869 31.4968280792236 31.4966449737549 31.4945220947266 31.4937839508057 31.5015277862549 31.4960327148438 31.498743057251 31.5082569122314 31.5049495697021 31.5172481536865 31.536693572998 31.5362777709961 31.5399150848389 31.5460395812988 31.5478935241699 31.5482025146484 31.5488777160645 31.5480003356934 31.5468502044678
31.2429103851318 31.2489490509033 31.2500610351562 31.2757911682129 31.2850532531738 31.2884101867676 31.3023948669434 31.3070697784424 31.3235397338867 31.3428249359131 31.3428020477295 31.3467578887939 31.3682384490967 31.3763313293457 31.3815231323242 31.4014301300049 31.4096431732178 31.415641784668 31.4397716522217 31.443531036377 31.4485054016113 31.4581909179688 31.4585456848145 31.4641456604004 31.470874786377 31.4760875701904 31.4744739532471 31.4738578796387 31.4742584228516 31.4783744812012 31.4873447418213 31.4866752624512 31.4854507446289 31.4871635437012 31.4867343902588 31.4718685150146 31.4869899749756 31.4857749938965 31.4826374053955 31.4818744659424 31.479564666748 31.4791431427002 31.4855670928955 31.4810829162598 31.4821586608887 31.4918823242188 31.4885902404785 31.4916896820068 31.5197772979736 31.5236988067627 31.5209121704102 31.5274391174316 31.53053855896 31.5298519134521 31.5354785919189 31.5358695983887 31.531852722168
31.2334289550781 31.2396697998047 31.2550601959229 31.2636432647705 31.2775230407715 31.293342590332 31.2916584014893 31.3109760284424 31.326940536499 31.3302116394043 31.3373508453369 31.3514842987061 31.3560791015625 31.3671436309814 31.3842144012451 31.3964881896973 31.4157733917236 31.4184169769287 31.4295616149902 31.444185256958 31.4462833404541 31.4508323669434 31.4598731994629 31.4544277191162 31.4609298706055 31.4639644622803 31.4714660644531 31.4762725830078 31.4747047424316 31.4822654724121 31.4893608093262 31.4880180358887 31.489086151123 31.4854354858398 31.4898471832275 31.4795246124268 31.4800853729248 31.4826278686523 31.4779434204102 31.4771060943604 31.4790592193604 31.4755268096924 31.4785480499268 31.4749889373779 31.4839477539062 31.4885540008545 31.4891605377197 31.4942226409912 31.5074481964111 31.5328979492188 31.5202980041504 31.5244178771973 31.5378589630127 31.5260944366455 31.532621383667 31.5444641113281 31.5270824432373
31.2420768737793 31.2450103759766 31.2528095245361 31.2744407653809 31.2782592773438 31.2835826873779 31.3087520599365 31.3045139312744 31.3138332366943 31.3330669403076 31.3405513763428 31.3431777954102 31.3578681945801 31.3614921569824 31.369556427002 31.39306640625 31.4019317626953 31.4027519226074 31.4165668487549 31.4280471801758 31.4352188110352 31.4453048706055 31.4479713439941 31.4456062316895 31.4594879150391 31.461109161377 31.467227935791 31.4790420532227 31.4818229675293 31.4780731201172 31.483118057251 31.4904518127441 31.4859886169434 31.4830265045166 31.4807147979736 31.4777755737305 31.4752235412598 31.4731826782227 31.4711055755615 31.4673919677734 31.4675102233887 31.4635925292969 31.4667491912842 31.4756908416748 31.4745635986328 31.4835548400879 31.4856719970703 31.4887313842773 31.5052013397217 31.5107574462891 31.5182456970215 31.5244731903076 31.524715423584 31.5163192749023 31.5136127471924 31.5265445709229 31.5248336791992
31.2422637939453 31.2395210266113 31.242057800293 31.2622966766357 31.2707805633545 31.2739334106445 31.2991237640381 31.3076915740967 31.3091640472412 31.325023651123 31.332160949707 31.3327217102051 31.3463325500488 31.3473110198975 31.3486175537109 31.3615837097168 31.3681201934814 31.3687286376953 31.3820152282715 31.3901920318604 31.3956546783447 31.4119873046875 31.4225025177002 31.4277114868164 31.4418296813965 31.4508075714111 31.4574565887451 31.4695167541504 31.4754409790039 31.4811153411865 31.4833946228027 31.4758911132812 31.4711513519287 31.4726581573486 31.4689865112305 31.4618473052979 31.4598293304443 31.4573726654053 31.4445362091064 31.4460544586182 31.4458065032959 31.444278717041 31.4479274749756 31.4496231079102 31.4521312713623 31.4654293060303 31.4629230499268 31.4636173248291 31.478141784668 31.4807758331299 31.4772529602051 31.4881381988525 31.4894828796387 31.4831848144531 31.4773845672607 31.4779529571533 31.4714031219482
31.2306575775146 31.2384338378906 31.2466812133789 31.2514953613281 31.2531280517578 31.2793655395508 31.2891960144043 31.296537399292 31.3125877380371 31.3216381072998 31.3407230377197 31.3373584747314 31.3374614715576 31.3412113189697 31.3454475402832 31.3507270812988 31.3637657165527 31.361686706543 31.366641998291 31.3821430206299 31.3908004760742 31.4002265930176 31.4215812683105 31.4317073822021 31.4401607513428 31.448070526123 31.4629135131836 31.4743461608887 31.4988079071045 31.4936771392822 31.4951076507568 31.4952201843262 31.473295211792 31.4646148681641 31.4643592834473 31.4583206176758 31.458215713501 31.4532222747803 31.4594554901123 31.4568748474121 31.4404258728027 31.4381256103516 31.4395084381104 31.4485187530518 31.4498138427734 31.454532623291 31.4673614501953 31.4621696472168 31.4700031280518 31.4785804748535 31.4774646759033 31.4794750213623 31.4936943054199 31.4691543579102 31.466760635376 31.4794940948486 31.4578666687012
31.2353763580322 31.2410888671875 31.2429733276367 31.2573547363281 31.2614154815674 31.2702808380127 31.2966785430908 31.2975826263428 31.304931640625 31.3259773254395 31.3276615142822 31.3259429931641 31.3338642120361 31.3320560455322 31.3349132537842 31.3400611877441 31.337818145752 31.3346176147461 31.3491687774658 31.362133026123 31.3740196228027 31.3928680419922 31.4061832427979 31.4175987243652 31.4404945373535 31.4488792419434 31.4548492431641 31.4745025634766 31.4864139556885 31.4968433380127 31.5001831054688 31.4848117828369 31.471061706543 31.4570274353027 31.4597702026367 31.4555397033691 31.4502239227295 31.4477138519287 31.4528579711914 31.4492359161377 31.441499710083 31.4320068359375 31.4343414306641 31.4449005126953 31.45241355896 31.4543914794922 31.451961517334 31.4533500671387 31.4565391540527 31.4609756469727 31.4676666259766 31.4611339569092 31.4600467681885 31.4519996643066 31.435977935791 31.437952041626 31.4365844726562
