G_variables/Set1/RCP4_2100/Sur_sal_min.asc
NCOLS 229 
NROWS 147 
XLLCORNER -101.25 
YLLCORNER 14.3333333333333 
CELLSIZE 0.0833333333333333 
NODATA_value -9999 
[rows 26 to 51 of 147, columns 57 to 113 of 229]
-9999 -9999 -9999 -9999 -9999 -9999 -9999 -9999 -9999 -9999 -9999 -9999 -9999 -9999 -9999 -9999 -9999 -9999 -9999 -9999 -9999 -9999 -9999 -9999 -9999 -9999 -9999 -9999 -9999 36.0408210754395 36.0433616638184 36.0467529296875 36.0657157897949 36.0725326538086 36.0876808166504 36.1096611022949 36.1214027404785 36.129337310791 36.1488075256348 36.1502647399902 36.1522674560547 36.170955657959 36.1747283935547 36.1599273681641 36.1588516235352 36.1548690795898 36.1119918823242 36.0783386230469 36.0745315551758 36.0266571044922 35.9971122741699 35.9846343994141 35.9645156860352 35.9664840698242 35.9693641662598 35.9745903015137 36.005199432373
-9999 -9999 -9999 -9999 -9999 -9999 -9999 -9999 -9999 -9999 -9999 -9999 -9999 -9999 -9999 -9999 -9999 -9999 -9999 -9999 -9999 -9999 -9999 -9999 -9999 -9999 -9999 -9999 36.0390357971191 36.0514106750488 36.0532569885254 36.0695648193359 36.0957069396973 36.1035118103027 36.1237258911133 36.1421737670898 36.1612281799316 36.1575698852539 36.1632652282715 36.169620513916 36.1708450317383 36.1844482421875 36.1913948059082 36.205753326416 36.2051239013672 36.1897430419922 36.1671447753906 36.1301078796387 36.1079139709473 36.0655479431152 36.0289421081543 36.0095138549805 35.9977684020996 35.9888305664062 35.9959182739258 36.0136756896973 36.0230979919434
-9999 -9999 -9999 -9999 -9999 -9999 -9999 -9999 -9999 -9999 -9999 -9999 -9999 -9999 -9999 -9999 -9999 -9999 -9999 -9999 -9999 -9999 -9999 -9999 -9999 -9999 -9999 -9999 36.0457725524902 36.0649337768555 36.0797538757324 36.081787109375 36.1035575866699 36.1203269958496 36.1336288452148 36.160572052002 36.1658248901367 36.162784576416 36.1739082336426 36.1778793334961 36.1753883361816 36.1922836303711 36.2070426940918 36.2132797241211 36.2163200378418 36.2090148925781 36.1753005981445 36.1428527832031 36.1311378479004 36.0761795043945 36.047794342041 36.0302276611328 36.0060844421387 36.0084800720215 36.0143280029297 36.0217361450195 36.0433616638184
-9999 -9999 -9999 -9999 -9999 -9999 -9999 -9999 -9999 -9999 -9999 -9999 -9999 -9999 -9999 -9999 -9999 -9999 -9999 -9999 -9999 -9999 -9999 -9999 -9999 -9999 -9999 36.0305862426758 36.0548324584961 36.0887107849121 36.0965957641602 36.1089057922363 36.123291015625 36.1283264160156 36.1520614624023 36.1651420593262 36.1649360656738 36.1641654968262 36.1768188476562 36.1783828735352 36.1914672851562 36.2161064147949 36.2225761413574 36.221923828125 36.2213973999023 36.2119369506836 36.187931060791 36.1663055419922 36.1526718139648 36.1101493835449 36.0837287902832 36.0746955871582 36.0506248474121 36.0496864318848 36.0529327392578 36.0640144348145 36.1000862121582
-9999 -9999 -9999 -9999 -9999 -9999 -9999 -9999 -9999 -9999 -9999 -9999 -9999 -9999 -9999 -9999 -9999 -9999 -9999 -9999 -9999 -9999 -9999 -9999 -9999 -9999 -9999 36.0218162536621 36.054126739502 36.0723114013672 36.0847396850586 36.1187705993652 36.133373260498 36.1506958007812 36.1548233032227 36.1594581604004 36.1633682250977 36.1418418884277 36.1496047973633 36.155403137207 36.1682472229004 36.2083015441895 36.2181549072266 36.2323951721191 36.2421493530273 36.2379722595215 36.2246017456055 36.1915283203125 36.1635589599609 36.1385078430176 36.1084976196289 36.0932579040527 36.0937271118164 36.089958190918 36.0936431884766 36.1237258911133 36.1412048339844
35.3874473571777 35.4613914489746 35.4955711364746 35.5471153259277 -9999 -9999 -9999 -9999 -9999 -9999 -9999 -9999 -9999 -9999 -9999 -9999 -9999 -9999 -9999 -9999 -9999 -9999 -9999 -9999 -9999 -9999 36.0064544677734 36.0307807922363 36.0513153076172 36.065975189209 36.0843048095703 36.1185188293457 36.1443405151367 36.1390228271484 36.1520004272461 36.1608238220215 36.1463012695312 36.1322631835938 36.1307411193848 36.1464767456055 36.1596565246582 36.1884460449219 36.2132110595703 36.2272262573242 36.2347106933594 36.246036529541 36.226978302002 36.1967544555664 36.1834602355957 36.145809173584 36.1226005554199 36.122428894043 36.1073379516602 36.1165962219238 36.1302375793457 36.1378631591797 36.1717071533203
35.2803001403809 35.3888549804688 35.4384727478027 35.4762687683105 35.5643577575684 35.6228523254395 35.6435241699219 35.7075233459473 35.7590179443359 -9999 -9999 -9999 -9999 -9999 -9999 -9999 -9999 -9999 -9999 -9999 -9999 -9999 -9999 -9999 -9999 -9999 36.026927947998 36.0391960144043 36.0697555541992 36.0949974060059 36.1046905517578 36.1283073425293 36.1332092285156 36.1371078491211 36.1287155151367 36.1240463256836 36.1192169189453 36.1169967651367 36.115364074707 36.1181488037109 36.1553688049316 36.1760711669922 36.1869735717773 36.2115249633789 36.2297554016113 36.2337341308594 36.2248077392578 36.2099227905273 36.2014503479004 36.1741180419922 36.1657791137695 36.1576843261719 36.1581382751465 36.174934387207 36.179443359375 36.1958847045898 36.2209663391113
35.2600021362305 35.458423614502 35.4565200805664 35.495792388916 35.6333999633789 35.6342658996582 35.6715469360352 35.7871017456055 35.7947883605957 35.8265609741211 35.920337677002 35.9232788085938 35.9626960754395 -9999 -9999 -9999 -9999 -9999 -9999 -9999 -9999 -9999 -9999 -9999 -9999 36.0475425720215 36.0529861450195 36.0629615783691 36.0864715576172 36.1058044433594 36.1289253234863 36.1243324279785 36.1258964538574 36.136287689209 36.1004295349121 36.085319519043 36.0769195556641 36.0628547668457 36.0717124938965 36.0782203674316 36.1053123474121 36.144115447998 36.1780471801758 36.2196464538574 36.2401733398438 36.2398719787598 36.2436866760254 36.2282562255859 36.2101173400879 36.2046966552734 36.1947555541992 36.1861534118652 36.2043342590332 36.2140312194824 36.2277221679688 36.2579956054688 36.2656326293945
35.324634552002 35.4675598144531 35.5037078857422 35.5327568054199 35.6445121765137 35.6749076843262 35.7087821960449 35.7991523742676 35.8339958190918 35.867488861084 35.9294929504395 35.9717979431152 35.9858512878418 36.0228614807129 36.0377655029297 36.0316429138184 36.026496887207 36.0241584777832 -9999 -9999 -9999 -9999 -9999 -9999 -9999 36.0591163635254 36.0761413574219 36.0740509033203 36.0918807983398 36.1265716552734 36.11474609375 36.11865234375 36.1246070861816 36.1129875183105 36.0869216918945 36.0629615783691 36.0555114746094 36.049015045166 36.0479927062988 36.0702056884766 36.101318359375 36.1316680908203 36.1722869873047 36.2140426635742 36.2379608154297 36.2403717041016 36.2374229431152 36.2261734008789 36.2293586730957 36.2042655944824 36.2079429626465 36.2233772277832 36.2215156555176 36.2401733398438 36.2608337402344 36.2729415893555 36.3005752563477
35.455997467041 35.5014801025391 35.6463432312012 35.6678733825684 35.6747665405273 35.7938995361328 35.8292999267578 35.8458061218262 35.9361419677734 35.9700660705566 35.9735908508301 36.0197563171387 36.0417976379395 36.0405082702637 36.0641059875488 36.0639381408691 36.0368461608887 36.0489883422852 36.0529861450195 36.0431251525879 36.0567359924316 36.058967590332 36.0594635009766 -9999 -9999 36.0930099487305 36.1053199768066 36.1074905395508 36.1094131469727 36.1112174987793 36.1112480163574 36.0898323059082 36.0754852294922 36.0673179626465 36.0510787963867 36.026782989502 36.0222015380859 36.0379333496094 36.0401420593262 36.049560546875 36.0922470092773 36.1295166015625 36.1460342407227 36.1868209838867 36.2175025939941 36.2219657897949 36.2187767028809 36.2234764099121 36.2248001098633 36.2330780029297 36.2505187988281 36.2554168701172 36.2703971862793 36.2975616455078 36.3066520690918 36.3107070922852 36.3332023620605
35.6937713623047 35.7324638366699 35.7895393371582 35.8549690246582 35.8596153259277 35.9154167175293 35.9748611450195 35.9884948730469 36.0392036437988 36.0929260253906 36.0762138366699 36.082462310791 36.1150741577148 36.0791931152344 36.0835227966309 36.0857734680176 36.0609855651855 36.0702247619629 36.070743560791 36.065185546875 36.0857429504395 36.0872230529785 36.0963325500488 36.1230735778809 36.1357612609863 36.1256484985352 36.1281814575195 36.138744354248 36.1177024841309 36.100643157959 36.1076164245605 36.0865516662598 36.0500259399414 36.0341415405273 36.015697479248 35.9974822998047 35.984733581543 35.990535736084 36.0170440673828 36.027645111084 36.0762252807617 36.1206398010254 36.1513442993164 36.1979522705078 36.2209014892578 36.2328681945801 36.2418785095215 36.2335815429688 36.2268333435059 36.2466506958008 36.2781066894531 36.2831382751465 36.3064804077148 36.3363456726074 36.3518333435059 36.3620567321777 36.3724403381348
35.7806549072266 35.777515411377 35.8861198425293 35.9052619934082 35.8931427001953 35.9911689758301 36.0112571716309 36.0027389526367 36.1008338928223 36.1065254211426 36.0944938659668 36.1234283447266 36.1266212463379 36.0872802734375 36.0878295898438 36.0887870788574 36.0615730285645 36.0736961364746 36.0755043029785 36.0626907348633 36.090633392334 36.1048240661621 36.1049766540527 36.1382865905762 36.1453323364258 36.1316719055176 36.1410827636719 36.1330184936523 36.1179809570312 36.1036186218262 36.0898132324219 36.0783729553223 36.0405464172363 36.0177841186523 36.0047187805176 35.9764862060547 35.9738082885742 35.9826889038086 35.9959259033203 36.0270462036133 36.0694770812988 36.1119422912598 36.1453094482422 36.192440032959 36.2241020202637 36.2342872619629 36.239559173584 36.2397575378418 36.2469482421875 36.2571105957031 36.2865447998047 36.3084144592285 36.3152084350586 36.353572845459 36.3561592102051 36.3582534790039 36.3859558105469
35.8205375671387 35.8845672607422 35.9561805725098 35.9700050354004 36.0192985534668 36.0490074157715 36.0613403320312 36.0818176269531 36.1044158935547 36.1250457763672 36.1217727661133 36.1126556396484 36.1372222900391 36.1190376281738 36.0910110473633 36.0985221862793 36.0820922851562 36.0718040466309 36.0726051330566 36.0848922729492 36.0973510742188 36.1144142150879 36.136547088623 36.1441459655762 36.1522560119629 36.1498565673828 36.134521484375 36.1332130432129 36.1109237670898 36.0872192382812 36.0789985656738 36.0544052124023 36.0193977355957 36.0103492736816 35.9855842590332 35.969554901123 35.9685821533203 35.9821090698242 36.0095672607422 36.0195960998535 36.070068359375 36.1202850341797 36.1364936828613 36.1759490966797 36.2183418273926 36.2228507995605 36.239875793457 36.2605209350586 36.2631912231445 36.2836494445801 36.3091735839844 36.317138671875 36.339427947998 36.3675155639648 36.3638114929199 36.3730049133301 36.3879165649414
35.8833274841309 35.9377555847168 35.9679718017578 35.9894256591797 36.0201377868652 36.0441780090332 36.0682067871094 36.0863876342773 36.1053733825684 36.1294860839844 36.1234855651855 36.1106262207031 36.1111831665039 36.0953788757324 36.0772094726562 36.0782127380371 36.0507888793945 36.0513725280762 36.0523109436035 36.0556678771973 36.0839996337891 36.100513458252 36.119140625 36.1412544250488 36.1524505615234 36.1331214904785 36.1208801269531 36.1137390136719 36.0892295837402 36.0857543945312 36.0677490234375 36.0361595153809 36.0120468139648 35.9947738647461 35.9564895629883 35.9433135986328 35.9435348510742 35.9454650878906 35.9890594482422 36.0137023925781 36.0558090209961 36.1162033081055 36.149829864502 36.1642608642578 36.2008934020996 36.2157783508301 36.202579498291 36.2446365356445 36.2513694763184 36.2458686828613 36.2940139770508 36.3125648498535 36.3338737487793 36.3682098388672 36.373649597168 36.3890838623047 36.3938903808594
35.8869400024414 35.9394302368164 35.97509765625 36.0073623657227 36.0209121704102 36.0486679077148 36.0651054382324 36.0885391235352 36.1077156066895 36.1077690124512 36.1203384399414 36.1035766601562 36.100658416748 36.0899810791016 36.0787162780762 36.0667572021484 36.0467147827148 36.0445861816406 36.0440483093262 36.054931640625 36.0711059570312 36.0838050842285 36.1118927001953 36.1282348632812 36.1329650878906 36.1244468688965 36.1123580932617 36.1018867492676 36.0803718566895 36.0640449523926 36.0540962219238 36.0299682617188 36.0029182434082 35.9812278747559 35.9495887756348 35.9342803955078 35.9320907592773 35.9395523071289 35.9763870239258 36.0043792724609 36.0491409301758 36.106071472168 36.124698638916 36.149284362793 36.1879959106445 36.1886329650879 36.1882934570312 36.216609954834 36.232120513916 36.2337036132812 36.2714347839355 36.3054656982422 36.323558807373 36.3463935852051 36.3742561340332 36.3917694091797 36.3968887329102
35.8858222961426 35.9306297302246 35.9766120910645 36.0024490356445 36.0220222473145 36.0451698303223 36.0569038391113 36.081356048584 36.0924949645996 36.0886764526367 36.089225769043 36.0686149597168 36.0761451721191 36.0680503845215 36.0613822937012 36.0560913085938 36.0454483032227 36.0313949584961 36.030445098877 36.0503120422363 36.0565986633301 36.0616722106934 36.0794639587402 36.0813179016113 36.0914764404297 36.0927619934082 36.0868453979492 36.0807876586914 36.0624580383301 36.0359306335449 36.0303497314453 36.0133285522461 35.9774894714355 35.9666213989258 35.9477653503418 35.9236869812012 35.9222526550293 35.9508590698242 35.9738922119141 35.9867095947266 36.0449905395508 36.0716018676758 36.0829696655273 36.1203956604004 36.1290092468262 36.1318435668945 36.1531562805176 36.1585502624512 36.168514251709 36.2162857055664 36.2464904785156 36.2598342895508 36.3146095275879 36.3456573486328 36.3570861816406 36.3913688659668 36.4073753356934
35.9218101501465 35.9443893432617 35.9603385925293 35.9919509887695 36.0007514953613 36.0210762023926 36.0366973876953 36.0653686523438 36.0850715637207 36.0967025756836 36.0837440490723 36.0547676086426 36.0554809570312 36.0234146118164 36.0001640319824 36.0060653686523 36.0134963989258 36.0115585327148 36.0119209289551 36.0144462585449 36.0269241333008 36.0404777526855 36.0401840209961 36.0487480163574 36.0617332458496 36.0195503234863 36.0197944641113 36.0186042785645 35.9946708679199 36.0119590759277 36.0006065368652 35.9697227478027 35.9559707641602 35.9310760498047 35.8950386047363 35.8854904174805 35.8830375671387 35.8782997131348 35.9169654846191 35.9512329101562 35.9907188415527 36.042293548584 36.0703163146973 36.0472984313965 36.042423248291 36.045482635498 36.032657623291 36.0637130737305 36.0797233581543 36.0984573364258 36.1714210510254 36.1976013183594 36.2422218322754 36.3320274353027 36.3485488891602 36.3633804321289 36.4044876098633
35.9018020629883 35.9289932250977 35.943904876709 35.9654197692871 35.9924507141113 36.0072631835938 36.0276908874512 36.0567092895508 36.0709114074707 36.0836372375488 36.078239440918 36.0481185913086 36.0438575744629 36.017261505127 35.9882469177246 35.9955635070801 36.0073471069336 35.9994888305664 35.999153137207 36.0082397460938 36.0169258117676 36.0094985961914 36.0292015075684 36.0347709655762 36.0177726745605 35.997615814209 35.978702545166 35.9796562194824 35.9737663269043 35.9759712219238 35.9857139587402 35.959789276123 35.9279098510742 35.9161186218262 35.8856887817383 35.8670425415039 35.8573722839355 35.8662414550781 35.8947639465332 35.9207611083984 35.9757347106934 36.0163803100586 36.024242401123 36.0355339050293 36.0057983398438 35.9881935119629 36.0037689208984 36.0070915222168 36.029109954834 36.0723190307617 36.1164207458496 36.1572685241699 36.2221183776855 36.2891387939453 36.3352584838867 36.3535346984863 36.3757820129395
35.8738441467285 35.9034538269043 35.9281425476074 35.9378204345703 35.9734573364258 35.9912948608398 36.0142974853516 36.0349617004395 36.047004699707 36.0510368347168 36.0514526367188 36.0309829711914 36.0338096618652 36.0072822570801 35.9899864196777 35.984619140625 35.9944114685059 35.9827003479004 35.9884300231934 35.999340057373 35.9865455627441 35.9852752685547 35.9876480102539 35.9557418823242 35.9528388977051 35.9428215026855 35.9220123291016 35.917854309082 35.9262008666992 35.9101867675781 35.9145088195801 35.9214096069336 35.8946647644043 35.887523651123 35.8769302368164 35.8428421020508 35.8399543762207 35.8597526550293 35.8698844909668 35.881664276123 35.9259948730469 35.9402465820312 35.9419441223145 35.9586524963379 35.9390869140625 35.9331092834473 35.9463691711426 35.9400062561035 35.9523048400879 36.0231399536133 36.0566329956055 36.0750389099121 36.1605567932129 36.218391418457 36.2389945983887 36.3086814880371 36.3516731262207
35.8817520141602 35.9025993347168 35.9094467163086 35.9405326843262 35.9502944946289 35.9733734130859 35.9952964782715 36.0283508300781 36.0546646118164 36.0590324401855 36.0509147644043 36.0335388183594 36.0256233215332 36.0090980529785 35.9808464050293 35.968677520752 35.9716682434082 35.9662628173828 35.9724464416504 35.9677124023438 35.96533203125 35.9703407287598 35.938117980957 35.8993377685547 35.8944931030273 35.8722839355469 35.8373413085938 35.8276748657227 35.8318099975586 35.8457412719727 35.8467140197754 35.8450698852539 35.8605880737305 35.8429336547852 35.8111457824707 35.798511505127 35.7952194213867 35.7790679931641 35.8008155822754 35.8273811340332 35.8585777282715 35.8986282348633 35.9065399169922 35.8767471313477 35.8586349487305 35.8493690490723 35.8272171020508 35.8515281677246 35.8747825622559 35.901439666748 35.9548530578613 35.999568939209 36.0481338500977 36.1213150024414 36.1597862243652 36.2309303283691 36.3141860961914
35.8723068237305 35.8981132507324 35.9264106750488 35.9304618835449 35.9448165893555 35.963191986084 35.9909591674805 36.0259704589844 36.0408210754395 36.0522041320801 36.0446243286133 36.015682220459 36.0339546203613 35.9992599487305 35.9716491699219 35.9530868530273 35.9612731933594 35.9546012878418 35.9651527404785 35.9682426452637 35.9616470336914 35.9437065124512 35.9268493652344 35.8778991699219 35.8698120117188 35.8493843078613 35.7985992431641 35.7790451049805 35.8068656921387 35.8040237426758 35.8032646179199 35.8200721740723 35.8116569519043 35.8124084472656 35.7955932617188 35.7695350646973 35.7666702270508 35.7679786682129 35.7773208618164 35.7878684997559 35.8413925170898 35.864860534668 35.8617515563965 35.8550109863281 35.8141098022461 35.8042869567871 35.8048553466797 35.8072128295898 35.8250541687012 35.8763618469238 35.903377532959 35.9358367919922 36.0147666931152 36.0633544921875 36.1214942932129 36.2088813781738 36.2613983154297
35.8438339233398 35.9020538330078 35.9166297912598 35.923957824707 35.9406433105469 35.962890625 35.9819793701172 36.0078239440918 36.021125793457 36.0286445617676 36.0241966247559 36.0092086791992 36.0184745788574 36.0082397460938 35.9676055908203 35.9824180603027 35.9644203186035 35.9469413757324 35.9596748352051 35.9464950561523 35.9222297668457 35.9140510559082 35.8793869018555 35.8371925354004 35.8292236328125 35.8171844482422 35.7728080749512 35.7646827697754 35.7641220092773 35.7419967651367 35.7464561462402 35.7476425170898 35.7444038391113 35.7430458068848 35.7521286010742 35.7298622131348 35.7256164550781 35.7557563781738 35.7452049255371 35.7522163391113 35.7799110412598 35.7822608947754 35.7795906066895 35.7805061340332 35.7589874267578 35.7519950866699 35.7639579772949 35.752613067627 35.7603874206543 35.8205337524414 35.8458137512207 35.8603553771973 35.9471397399902 36.0083999633789 36.0391006469727 36.1388854980469 36.2174987792969
35.8871231079102 35.9006690979004 35.8968162536621 35.9060745239258 35.9112014770508 35.9344635009766 35.9563865661621 36.000617980957 36.0278930664062 36.0364799499512 36.0248832702637 36.010871887207 36.0088920593262 35.9581108093262 35.9569511413574 35.9583053588867 35.9170417785645 35.9222297668457 35.9192581176758 35.9018821716309 35.9013633728027 35.8866348266602 35.8441772460938 35.8169097900391 35.7909622192383 35.7616844177246 35.7570686340332 35.7444686889648 35.7250900268555 35.6927337646484 35.7011337280273 35.6951675415039 35.6833381652832 35.6815986633301 35.6598281860352 35.6724586486816 35.6632957458496 35.6304512023926 35.6712188720703 35.6879844665527 35.6764297485352 35.7187995910645 35.7218437194824 35.690315246582 35.6884689331055 35.6752128601074 35.6542816162109 35.6817855834961 35.6993789672852 35.722354888916 35.7752494812012 35.8081398010254 35.8431167602539 35.9182319641113 35.9704475402832 36.0388679504395 36.1499557495117
35.7773475646973 35.8967781066895 35.8951225280762 35.8975868225098 35.9076385498047 35.9287071228027 35.9500198364258 35.9889030456543 36.0202865600586 36.0323448181152 36.0272827148438 36.0083427429199 35.9966773986816 35.9576301574707 35.9336204528809 35.9345092773438 35.9181327819824 35.9077796936035 35.8978996276855 35.8853302001953 35.8703918457031 35.8698272705078 35.8390235900879 35.7910842895508 35.7839088439941 35.7578315734863 35.729663848877 35.7276000976562 35.715763092041 35.6902275085449 35.6673049926758 35.6717300415039 35.6527824401855 35.6288414001465 35.6381988525391 35.6311264038086 35.6112060546875 35.6041145324707 35.6147575378418 35.6235694885254 35.6453666687012 35.6603851318359 35.6739349365234 35.6657829284668 35.6371726989746 35.6344604492188 35.6353530883789 35.6454963684082 35.6613998413086 35.7035217285156 35.7336654663086 35.7625503540039 35.8237495422363 35.8790245056152 35.9193878173828 36.0107803344727 36.0956268310547
35.7603416442871 35.7749633789062 35.8917045593262 35.8992347717285 35.917652130127 35.9325141906738 35.946418762207 35.9748954772949 35.9884033203125 35.9938697814941 35.9971313476562 35.967041015625 35.9717788696289 35.9410629272461 35.9137763977051 35.9041976928711 35.8860359191895 35.8605995178223 35.8547706604004 35.8459320068359 35.8145027160645 35.8080215454102 35.8054046630859 35.7680397033691 35.7647247314453 35.7494964599609 35.7274436950684 35.7202606201172 35.7039451599121 35.671932220459 35.6682624816895 35.6453132629395 35.6012763977051 35.5930976867676 35.5855445861816 35.5461044311523 35.539421081543 35.5494270324707 35.5306015014648 35.5321922302246 35.5616874694824 35.5515747070312 35.555362701416 35.5905723571777 35.5794486999512 35.5818138122559 35.6042900085449 35.5998954772949 35.6074905395508 35.6618614196777 35.6865730285645 35.6972694396973 35.7767868041992 35.8165245056152 35.8387794494629 35.947135925293 36.0191040039062
35.7876319885254 35.7879905700684 35.7857627868652 35.8821716308594 35.8909339904785 35.9210090637207 35.9435653686523 35.9643707275391 35.9836654663086 35.9901123046875 35.9606437683105 35.9297714233398 35.9266166687012 35.8619728088379 35.8532028198242 35.8324279785156 35.7935829162598 35.7881355285645 35.7903594970703 35.7751235961914 35.7754135131836 35.7595520019531 35.7595405578613 35.7477684020996 35.7339172363281 35.7193450927734 35.7187995910645 35.7023811340332 35.677001953125 35.666862487793 35.6518325805664 35.6144866943359 35.570930480957 35.5637512207031 35.5202751159668 35.4629058837891 35.4557342529297 35.4327239990234 35.4160461425781 35.4215202331543 35.4374923706055 35.4606742858887 35.464298248291 35.4865684509277 35.516040802002 35.5127410888672 35.5098724365234 35.5417366027832 35.5580825805664 35.589241027832 35.6292915344238 35.6573371887207 35.707691192627 35.7397155761719 35.7837867736816 35.8738670349121 35.9331321716309
