G_variables/Set1/RCP4_2100/Sur_tem_max.asc
NCOLS 229 
NROWS 147 
XLLCORNER -101.25 
YLLCORNER 14.3333333333333 
CELLSIZE 0.0833333333333333 
NODATA_value -9999 
[rows 104 to 129 of 147, columns 171 to 227 of 229]
31.0194435119629 31.02858543396 31.0435447692871 31.0553016662598 31.0779361724854 31.1053714752197 31.1499252319336 31.1753787994385 31.1843528747559 31.1919460296631 31.2100315093994 31.2129955291748 31.2151889801025 31.2171897888184 31.2184200286865 31.2199687957764 31.2220878601074 31.2283515930176 31.2392807006836 31.2449645996094 31.2354564666748 31.2398548126221 31.2473812103271 31.2355442047119 31.231575012207 31.2293071746826 31.2131538391113 31.2060699462891 31.203971862793 31.1904296875 31.1795082092285 31.1719207763672 31.1468048095703 31.1377487182617 31.1189918518066 31.113525390625 31.1125774383545 31.1154556274414 31.1248683929443 31.1281108856201 31.1188220977783 31.1283779144287 31.1160831451416 31.1135272979736 31.1031303405762 31.1046352386475 31.1034393310547 31.0989055633545 31.0960578918457 31.0842247009277 31.0770092010498 31.0721797943115 31.0513248443604 31.0520076751709 31.0481414794922 31.0532703399658 -9999
31.0338306427002 31.0261650085449 31.0363330841064 31.0689849853516 31.1006622314453 31.1095790863037 31.1435527801514 31.1449165344238 31.1741752624512 31.1916122436523 31.1998291015625 31.2055835723877 31.2100124359131 31.2087001800537 31.2087211608887 31.2142658233643 31.2171363830566 31.2170867919922 31.2273750305176 31.2280197143555 31.2306632995605 31.2334823608398 31.2290134429932 31.2306365966797 31.2230262756348 31.2169990539551 31.2086639404297 31.193717956543 31.1848182678223 31.1785678863525 31.1610240936279 31.1581249237061 31.1417999267578 31.12819480896 31.1142635345459 31.1030807495117 31.1006774902344 31.10768699646 31.1158008575439 31.1190624237061 31.1071701049805 31.1119937896729 31.1006546020508 31.0980682373047 31.0916938781738 31.0902481079102 31.086498260498 31.0882301330566 31.0808258056641 31.0684299468994 31.0607223510742 31.053352355957 31.0313854217529 31.0271167755127 31.0145683288574 31.0175933837891 31.0184593200684
31.0415935516357 31.047456741333 31.049991607666 31.0862464904785 31.1012496948242 31.1112461090088 31.1429557800293 31.1439399719238 31.1512699127197 31.1831569671631 31.1875095367432 31.1904602050781 31.1948509216309 31.1933460235596 31.1935577392578 31.1963710784912 31.1957015991211 31.1991767883301 31.209545135498 31.2095890045166 31.2010688781738 31.2148723602295 31.209300994873 31.210657119751 31.2037372589111 31.2011089324951 31.195764541626 31.1685047149658 31.1723804473877 31.1645164489746 31.1468505859375 31.1407680511475 31.1267395019531 31.1190967559814 31.1058673858643 31.1005630493164 31.0976505279541 31.0915336608887 31.0954170227051 31.0834007263184 31.0834827423096 31.0836963653564 31.0715293884277 31.0650501251221 31.0502452850342 31.0555515289307 31.0519409179688 31.0520133972168 31.0443325042725 31.0348644256592 31.0262031555176 31.0045566558838 30.9820213317871 30.9790840148926 30.9655094146729 30.9653987884521 30.9525661468506
31.0351161956787 31.0555400848389 31.0671520233154 31.075798034668 31.0794868469238 31.1087646484375 31.126594543457 31.145076751709 31.1490478515625 31.155481338501 31.1648426055908 31.1687107086182 31.182201385498 31.1832370758057 31.1836891174316 31.1841583251953 31.1817665100098 31.1894454956055 31.1888389587402 31.1922874450684 31.1883544921875 31.1924304962158 31.1914749145508 31.184154510498 31.1803894042969 31.1817111968994 31.167667388916 31.1611652374268 31.1562423706055 31.1464157104492 31.1448307037354 31.1220874786377 31.1162052154541 31.1084938049316 31.0904407501221 31.0938529968262 31.0837650299072 31.0728607177734 31.0755767822266 31.0758094787598 31.0752563476562 31.0674781799316 31.0550365447998 31.0328845977783 31.037109375 31.0345687866211 31.0319080352783 31.0235576629639 31.0155544281006 31.0002422332764 30.99587059021 30.9859867095947 30.9521865844727 30.9534873962402 30.9476528167725 30.910192489624 30.9411849975586
31.039306640625 31.0474376678467 31.0622463226318 31.0841693878174 31.08083152771 31.0955905914307 31.1220932006836 31.1471462249756 31.1448879241943 31.1532878875732 31.1558361053467 31.1608352661133 31.1746482849121 31.175199508667 31.1750240325928 31.1701793670654 31.1729907989502 31.1701259613037 31.1709728240967 31.1758708953857 31.1764755249023 31.1794586181641 31.1795635223389 31.1712169647217 31.1654167175293 31.1653347015381 31.1595344543457 31.1486282348633 31.1453990936279 31.1379985809326 31.1212940216064 31.1178112030029 31.1131076812744 31.1016941070557 31.0903129577637 31.0898246765137 31.0774536132812 31.0763416290283 31.0683879852295 31.0657901763916 31.0657024383545 31.0511608123779 31.0342464447021 31.0270404815674 31.0265769958496 31.0187110900879 31.0163803100586 31.0121459960938 30.9961585998535 30.9875450134277 30.9819316864014 30.9709911346436 30.9594879150391 30.9425582885742 -9999 -9999 -9999
31.0569362640381 31.0656318664551 31.0751152038574 31.0967025756836 31.0967998504639 31.1016521453857 31.1259479522705 31.1450843811035 31.137580871582 31.1436786651611 31.1448726654053 31.1426658630371 31.155387878418 31.1556015014648 31.1567916870117 31.150972366333 31.1514720916748 31.1443271636963 31.1423740386963 31.1444301605225 31.1452350616455 31.14524269104 31.1438236236572 31.1360111236572 31.131326675415 31.1320495605469 31.1307239532471 31.1258296966553 31.1222114562988 31.1174449920654 31.0983409881592 31.0997409820557 31.0964374542236 31.0860652923584 31.0766716003418 31.076753616333 31.0644340515137 31.0610256195068 31.0607604980469 31.0521087646484 31.0506496429443 31.0327758789062 31.0143337249756 31.0015087127686 30.9987010955811 30.9904270172119 30.9866828918457 30.9820156097412 30.9648132324219 30.9598922729492 30.9548072814941 30.9452285766602 -9999 -9999 -9999 -9999 -9999
31.0434112548828 31.0683250427246 31.0750598907471 31.0827713012695 31.093505859375 31.1058444976807 31.1155014038086 31.1316318511963 31.1326923370361 31.1270008087158 31.1295642852783 31.1259479522705 31.1283721923828 31.1257095336914 31.1225509643555 31.1181812286377 31.1147956848145 31.1263542175293 31.1312084197998 31.117582321167 31.1199741363525 31.1218929290771 31.1226654052734 31.1130809783936 31.1145000457764 31.118408203125 31.1107025146484 31.107551574707 31.1075878143311 31.096643447876 31.0858764648438 31.0678157806396 31.063383102417 31.059154510498 31.0465450286865 31.0477237701416 31.0416431427002 31.0384006500244 31.0380935668945 31.0358562469482 31.0336952209473 31.0173664093018 31.0018119812012 30.9814071655273 30.9791812896729 30.9735527038574 30.9569339752197 30.9582233428955 30.9426612854004 -9999 -9999 -9999 -9999 -9999 -9999 -9999 -9999
31.0545501708984 31.0604801177979 31.0720291137695 31.0909423828125 31.0944042205811 31.1108894348145 31.1132392883301 31.1258754730225 31.1306076049805 31.1211090087891 31.1210250854492 31.1215515136719 31.1181507110596 31.1173095703125 31.1124420166016 31.1023426055908 31.1028213500977 31.1152935028076 31.1141185760498 31.104320526123 31.1053771972656 31.1081104278564 31.1092967987061 31.109655380249 31.1019554138184 31.1017112731934 31.1003360748291 31.0959758758545 31.0916042327881 31.0882225036621 31.0778179168701 31.0599060058594 31.0578060150146 31.0527400970459 31.0450496673584 31.040340423584 31.0377674102783 31.0361480712891 31.0352439880371 31.0303440093994 31.026517868042 31.0157508850098 30.9933929443359 30.9789428710938 30.9740219116211 30.9619770050049 -9999 -9999 -9999 -9999 -9999 -9999 -9999 -9999 -9999 -9999 -9999
31.0726070404053 31.0804023742676 31.0867881774902 31.1063060760498 31.1072654724121 31.1133060455322 31.1282634735107 31.1349716186523 31.1347541809082 31.114501953125 31.1120700836182 31.0942535400391 31.0859260559082 31.1008262634277 31.0913238525391 31.0833606719971 31.0827884674072 31.0747737884521 31.0669288635254 31.075662612915 31.0717029571533 31.0702209472656 31.0691204071045 31.0575656890869 31.054630279541 31.0713119506836 31.0665740966797 31.0631809234619 31.0616245269775 31.0409717559814 31.0317516326904 31.0400295257568 31.0378761291504 31.0333003997803 31.0238265991211 31.0136470794678 31.0132026672363 31.022180557251 31.0243873596191 31.0193290710449 31.0158805847168 30.9935722351074 30.971586227417 30.9674110412598 -9999 -9999 -9999 -9999 -9999 -9999 -9999 -9999 -9999 -9999 -9999 -9999 -9999
31.0692939758301 31.0792961120605 31.0945949554443 31.1026020050049 31.1137428283691 31.1149425506592 31.1260166168213 31.128978729248 31.1192646026611 31.1151161193848 31.0923328399658 31.0864391326904 31.0820693969727 31.0707607269287 31.064624786377 31.0613651275635 31.0661735534668 31.0618572235107 31.062047958374 31.0526809692383 31.0454559326172 31.044792175293 31.0388565063477 31.0471115112305 31.0494213104248 31.0502777099609 31.0414371490479 31.039005279541 31.0395240783691 31.0298442840576 31.0227451324463 31.0238285064697 31.021448135376 31.0209827423096 31.0158863067627 31.0126838684082 31.013484954834 31.0130996704102 31.0103034973145 31.0062026977539 31.0017967224121 -9999 -9999 -9999 -9999 -9999 -9999 -9999 -9999 -9999 -9999 -9999 -9999 -9999 -9999 -9999 -9999
31.0764770507812 31.0841331481934 31.0938739776611 31.1068248748779 31.1123065948486 31.1151084899902 31.12375831604 31.1239395141602 31.1199207305908 31.106954574585 31.1021785736084 31.0830631256104 31.0627136230469 31.0627250671387 31.0620632171631 31.0477333068848 31.0606079101562 31.0588665008545 31.0453319549561 31.0412693023682 31.0410289764404 31.0316562652588 31.0361557006836 31.0425224304199 31.0414161682129 31.0352191925049 31.0272350311279 31.0230293273926 31.0198650360107 31.0162200927734 31.0140972137451 31.0162792205811 31.0072650909424 31.0127124786377 31.0162487030029 31.0171604156494 31.0240287780762 31.0070762634277 31.0018711090088 -9999 -9999 -9999 -9999 -9999 -9999 -9999 -9999 -9999 -9999 -9999 -9999 -9999 -9999 -9999 -9999 -9999 -9999
31.104829788208 31.1103420257568 31.1141033172607 31.1258411407471 31.128360748291 31.1318435668945 31.1222724914551 31.1230487823486 31.1241569519043 31.1102828979492 31.0988941192627 31.0762882232666 31.057674407959 31.055513381958 31.0488662719727 31.0367012023926 31.0322723388672 31.0266208648682 31.0226459503174 31.0188674926758 31.0173473358154 31.0077667236328 31.0126838684082 31.0211505889893 31.019624710083 31.0093078613281 30.9997463226318 30.9943008422852 30.9864044189453 30.9837379455566 30.9754867553711 30.9741516113281 30.9828071594238 30.9904155731201 30.996036529541 31.0068378448486 -9999 -9999 -9999 -9999 -9999 -9999 -9999 -9999 -9999 -9999 -9999 -9999 -9999 -9999 -9999 -9999 -9999 -9999 -9999 -9999 -9999
31.1021709442139 31.1146411895752 31.1195392608643 31.1248321533203 31.1354789733887 31.1316146850586 31.1228313446045 31.1243076324463 31.1183300018311 31.1121349334717 31.1005783081055 31.0853080749512 31.0647277832031 31.044885635376 31.0398044586182 31.0335159301758 31.0254974365234 31.014533996582 31.0183124542236 30.9980716705322 31.0031471252441 30.9949607849121 30.9843482971191 30.9948406219482 30.9963645935059 30.9924755096436 30.9890727996826 30.9841556549072 30.9643115997314 30.9678573608398 30.9614543914795 30.9503765106201 30.9602298736572 -9999 -9999 -9999 -9999 -9999 -9999 -9999 -9999 -9999 -9999 -9999 -9999 -9999 -9999 -9999 -9999 -9999 -9999 -9999 -9999 -9999 -9999 -9999 -9999
31.1106815338135 31.1202163696289 31.1240749359131 31.1275501251221 31.1335468292236 31.1383514404297 31.1196975708008 31.1201343536377 31.127140045166 31.1075000762939 31.1017055511475 31.099142074585 31.0719146728516 31.0518436431885 31.0447959899902 31.0233669281006 31.0177268981934 31.0130653381348 31.0058517456055 31.0014972686768 30.9999523162842 30.981653213501 30.9820289611816 30.9856510162354 30.981466293335 30.9852542877197 30.9830055236816 30.9625339508057 30.955774307251 30.9509449005127 30.9503059387207 -9999 -9999 -9999 -9999 -9999 -9999 -9999 -9999 -9999 -9999 -9999 -9999 -9999 -9999 -9999 -9999 -9999 -9999 -9999 -9999 -9999 -9999 -9999 -9999 -9999 -9999
31.1377429962158 31.1442794799805 31.1473770141602 31.1494331359863 31.1556587219238 31.156063079834 31.1359691619873 31.1287860870361 31.1362800598145 31.1136951446533 31.1160373687744 31.1070976257324 31.0759334564209 31.0466156005859 31.0377960205078 31.0150337219238 31.0019130706787 30.9985580444336 30.9892501831055 30.9827136993408 30.9815692901611 30.9678001403809 30.957368850708 30.9597339630127 30.9523983001709 30.9574737548828 30.9429149627686 30.9317436218262 -9999 -9999 -9999 -9999 -9999 -9999 -9999 -9999 -9999 -9999 -9999 -9999 -9999 -9999 -9999 -9999 -9999 -9999 -9999 -9999 -9999 -9999 -9999 -9999 -9999 -9999 -9999 -9999 -9999
31.1435012817383 31.1544342041016 31.1519622802734 31.1597461700439 31.1589508056641 31.1546764373779 31.1429462432861 31.1325950622559 31.1217021942139 31.119686126709 31.0963401794434 31.0911769866943 31.0740127563477 31.0301113128662 31.0258331298828 31.0149707794189 31.0003128051758 30.9826126098633 30.986400604248 30.9818248748779 30.966100692749 30.961030960083 30.9391784667969 30.9403629302979 30.9306030273438 30.9349842071533 -9999 -9999 -9999 -9999 -9999 -9999 -9999 -9999 -9999 -9999 -9999 -9999 -9999 -9999 -9999 -9999 -9999 -9999 -9999 -9999 -9999 -9999 -9999 -9999 -9999 -9999 -9999 -9999 -9999 -9999 -9999
31.1433753967285 31.1505489349365 31.1581516265869 31.1540756225586 31.1534843444824 31.156005859375 31.1464309692383 31.1450519561768 31.1397438049316 31.1110877990723 31.1063079833984 31.0960025787354 31.0597305297852 31.0358200073242 31.0278472900391 30.996021270752 30.9892292022705 30.9788150787354 30.9606285095215 30.9530220031738 30.9480590820312 30.9313774108887 30.9277820587158 -9999 -9999 -9999 -9999 -9999 -9999 -9999 -9999 -9999 -9999 -9999 -9999 -9999 -9999 -9999 -9999 -9999 -9999 -9999 -9999 -9999 -9999 -9999 -9999 -9999 -9999 -9999 -9999 -9999 -9999 -9999 -9999 -9999 -9999
31.1672267913818 31.1717109680176 31.1744422912598 31.1769752502441 31.1785755157471 31.1847038269043 31.1761512756348 31.1715145111084 31.163293838501 31.1308670043945 31.1125888824463 31.1035823822021 31.0653343200684 31.0281085968018 31.0146160125732 30.9852485656738 30.9657859802246 30.9575176239014 30.9388751983643 30.923734664917 -9999 -9999 -9999 -9999 -9999 -9999 -9999 -9999 -9999 -9999 -9999 -9999 -9999 -9999 -9999 -9999 -9999 -9999 -9999 -9999 -9999 -9999 -9999 -9999 -9999 -9999 -9999 -9999 -9999 -9999 -9999 -9999 -9999 -9999 -9999 -9999 -9999
31.1642112731934 31.1702880859375 31.1740093231201 31.1772575378418 31.1880798339844 31.1819114685059 31.1906604766846 31.1929206848145 31.1643676757812 31.1450824737549 31.1196670532227 31.0924453735352 31.0735359191895 31.0393314361572 31.0012664794922 30.988187789917 30.9677238464355 30.9396991729736 30.9333763122559 30.9281768798828 -9999 -9999 -9999 -9999 -9999 -9999 -9999 -9999 -9999 -9999 -9999 -9999 -9999 -9999 -9999 -9999 -9999 -9999 -9999 -9999 -9999 -9999 -9999 -9999 -9999 -9999 -9999 -9999 -9999 -9999 -9999 -9999 -9999 -9999 -9999 -9999 -9999
31.1489295959473 31.1609210968018 31.1748332977295 31.1796016693115 31.188570022583 31.1933670043945 31.1899089813232 31.1878299713135 31.1834125518799 31.1374492645264 31.1196575164795 31.1101722717285 31.0531692504883 31.03879737854 31.0119533538818 30.9597930908203 30.9466857910156 30.9349632263184 30.8994598388672 -9999 -9999 -9999 -9999 -9999 -9999 -9999 -9999 -9999 -9999 -9999 -9999 -9999 -9999 -9999 -9999 -9999 -9999 -9999 -9999 -9999 -9999 -9999 -9999 -9999 -9999 -9999 -9999 -9999 -9999 -9999 -9999 -9999 -9999 -9999 -9999 -9999 -9999
31.1342124938965 31.1687316894531 31.1917591094971 31.1998996734619 31.2104206085205 31.2199363708496 31.2151718139648 31.2271747589111 31.2126064300537 31.1707210540771 31.1448612213135 31.1264610290527 31.0631294250488 31.0292320251465 31.0044803619385 30.9476852416992 30.9186630249023 30.8990497589111 -9999 -9999 -9999 -9999 -9999 -9999 -9999 -9999 -9999 -9999 -9999 -9999 -9999 -9999 -9999 -9999 -9999 -9999 -9999 -9999 -9999 -9999 -9999 -9999 -9999 -9999 -9999 -9999 -9999 -9999 -9999 -9999 -9999 -9999 -9999 -9999 -9999 -9999 -9999
31.149055480957 31.1800289154053 31.1984462738037 31.2083988189697 31.2240409851074 31.2213573455811 31.231559753418 31.2493495941162 31.2086563110352 31.1920776367188 31.1833324432373 31.1159420013428 31.0817527770996 31.0233192443848 30.9814052581787 30.9436130523682 30.8906593322754 -9999 -9999 -9999 -9999 -9999 -9999 -9999 -9999 -9999 -9999 -9999 -9999 -9999 -9999 -9999 -9999 -9999 -9999 -9999 -9999 -9999 -9999 -9999 -9999 -9999 -9999 -9999 -9999 -9999 -9999 -9999 -9999 -9999 -9999 -9999 -9999 -9999 -9999 -9999 -9999
31.1808815002441 31.1915626525879 31.2027969360352 31.2120742797852 31.2203483581543 31.2280006408691 31.2302856445312 31.2223072052002 31.2207279205322 31.1810455322266 31.1701755523682 31.1389503479004 31.0599117279053 31.0234127044678 30.9872951507568 30.9111747741699 30.8940734863281 -9999 -9999 -9999 -9999 -9999 -9999 -9999 -9999 -9999 -9999 -9999 -9999 -9999 -9999 -9999 -9999 -9999 -9999 -9999 -9999 -9999 -9999 -9999 -9999 -9999 -9999 -9999 -9999 -9999 -9999 -9999 -9999 -9999 -9999 -9999 -9999 -9999 -9999 -9999 -9999
31.1990585327148 31.2055892944336 31.2133636474609 31.2197589874268 31.2256603240967 31.2331771850586 31.2349109649658 31.2284545898438 31.2176456451416 31.1912899017334 31.1666488647461 31.1346855163574 31.068359375 31.0339336395264 30.9762706756592 30.9190883636475 -9999 -9999 -9999 -9999 -9999 -9999 -9999 -9999 -9999 -9999 -9999 -9999 -9999 -9999 -9999 -9999 -9999 -9999 -9999 -9999 -9999 -9999 -9999 -9999 -9999 -9999 -9999 -9999 -9999 -9999 -9999 -9999 -9999 -9999 -9999 -9999 -9999 -9999 -9999 -9999 -9999
31.2097988128662 31.2130241394043 31.217155456543 31.2239646911621 31.2401905059814 31.2357521057129 31.2374248504639 31.2713603973389 31.2130031585693 31.1941547393799 31.2052745819092 31.129322052002 31.0787563323975 -9999 -9999 -9999 -9999 -9999 -9999 -9999 -9999 -9999 -9999 -9999 -9999 -9999 -9999 -9999 -9999 -9999 -9999 -9999 -9999 -9999 -9999 -9999 -9999 -9999 -9999 -9999 -9999 -9999 -9999 -9999 -9999 -9999 -9999 -9999 -9999 -9999 -9999 -9999 -9999 -9999 -9999 -9999 -9999
31.2081851959229 31.2155113220215 31.2200508117676 31.2265129089355 31.2329158782959 31.2356243133545 31.2339134216309 31.2264461517334 31.2023468017578 -9999 -9999 -9999 -9999 -9999 -9999 -9999 -9999 -9999 -9999 -9999 -9999 -9999 -9999 -9999 -9999 -9999 -9999 -9999 -9999 -9999 -9999 -9999 -9999 -9999 -9999 -9999 -9999 -9999 -9999 -9999 -9999 -9999 -9999 -9999 -9999 -9999 -9999 -9999 -9999 -9999 -9999 -9999 -9999 -9999 -9999 -9999 -9999
