G_variables/Set1/RCP4_2100/Sur_tem_min.asc
NCOLS 229 
NROWS 147 
XLLCORNER -101.25 
YLLCORNER 14.3333333333333 
CELLSIZE 0.0833333333333333 
NODATA_value -9999 
[rows 0 to 25 of 147, columns 114 to 170 of 229]
-9999 -9999 -9999 -9999 -9999 -9999 -9999 -9999 -9999 -9999 -9999 -9999 -9999 -9999 -9999 -9999 -9999 -9999 -9999 -9999 -9999 -9999 -9999 -9999 -9999 -9999 -9999 -9999 -9999 -9999 -9999 -9999 -9999 -9999 -9999 -9999 -9999 -9999 -9999 -9999 -9999 -9999 -9999 -9999 -9999 -9999 -9999 -9999 -9999 -9999 -9999 -9999 -9999 -9999 -9999 -9999 -9999
-9999 -9999 -9999 -9999 -9999 -9999 -9999 -9999 -9999 -9999 -9999 -9999 -9999 -9999 -9999 -9999 -9999 -9999 -9999 -9999 -9999 -9999 -9999 -9999 -9999 -9999 -9999 -9999 -9999 -9999 -9999 -9999 -9999 -9999 -9999 -9999 -9999 -9999 -9999 -9999 -9999 -9999 -9999 -9999 -9999 -9999 -9999 -9999 -9999 -9999 -9999 -9999 -9999 -9999 -9999 -9999 -9999
-9999 -9999 -9999 -9999 -9999 -9999 -9999 -9999 -9999 -9999 -9999 -9999 -9999 -9999 -9999 -9999 -9999 -9999 -9999 -9999 -9999 -9999 -9999 -9999 -9999 -9999 -9999 -9999 -9999 -9999 -9999 -9999 -9999 -9999 -9999 -9999 -9999 -9999 -9999 -9999 -9999 -9999 -9999 -9999 -9999 -9999 -9999 -9999 -9999 -9999 -9999 -9999 -9999 -9999 -9999 -9999 23.5346736907959
-9999 -9999 -9999 -9999 -9999 -9999 -9999 -9999 -9999 -9999 -9999 -9999 -9999 -9999 -9999 -9999 -9999 -9999 -9999 -9999 -9999 -9999 -9999 -9999 -9999 -9999 -9999 -9999 -9999 -9999 -9999 -9999 -9999 -9999 -9999 -9999 -9999 -9999 -9999 -9999 -9999 -9999 -9999 -9999 -9999 -9999 -9999 -9999 -9999 -9999 -9999 -9999 -9999 -9999 23.6397666931152 23.6294593811035 23.6152992248535
-9999 -9999 -9999 -9999 -9999 -9999 -9999 -9999 -9999 -9999 -9999 -9999 -9999 -9999 -9999 -9999 -9999 -9999 -9999 -9999 -9999 -9999 -9999 -9999 -9999 -9999 -9999 -9999 -9999 -9999 -9999 -9999 -9999 -9999 -9999 -9999 -9999 -9999 -9999 -9999 -9999 -9999 -9999 -9999 -9999 -9999 -9999 -9999 -9999 -9999 -9999 -9999 -9999 23.8816070556641 23.8550224304199 23.8550415039062 23.8301467895508
-9999 -9999 -9999 -9999 -9999 -9999 -9999 -9999 -9999 -9999 -9999 -9999 -9999 -9999 -9999 -9999 -9999 -9999 -9999 -9999 -9999 -9999 -9999 -9999 -9999 -9999 -9999 -9999 -9999 -9999 -9999 -9999 -9999 -9999 -9999 -9999 -9999 -9999 -9999 -9999 -9999 -9999 -9999 -9999 -9999 -9999 -9999 -9999 -9999 -9999 -9999 23.9579467773438 23.8691749572754 23.9337921142578 23.9448108673096 23.9401836395264 23.8944721221924
-9999 -9999 -9999 -9999 -9999 -9999 -9999 -9999 -9999 -9999 -9999 -9999 -9999 -9999 -9999 -9999 -9999 -9999 -9999 -9999 -9999 -9999 -9999 -9999 -9999 -9999 -9999 -9999 -9999 -9999 -9999 -9999 -9999 -9999 -9999 -9999 -9999 -9999 -9999 -9999 -9999 -9999 -9999 -9999 -9999 -9999 -9999 -9999 -9999 -9999 24.0807285308838 24.0520458221436 24.040657043457 24.043607711792 24.0218200683594 24.0142993927002 24.0150604248047
-9999 -9999 -9999 -9999 -9999 -9999 -9999 -9999 -9999 -9999 -9999 -9999 -9999 -9999 -9999 -9999 -9999 -9999 -9999 -9999 -9999 -9999 -9999 -9999 -9999 -9999 -9999 -9999 -9999 -9999 -9999 -9999 -9999 -9999 -9999 -9999 -9999 -9999 -9999 -9999 -9999 -9999 -9999 -9999 -9999 -9999 -9999 -9999 24.3873825073242 24.3715114593506 24.3593254089355 24.3375797271729 24.3290195465088 24.3369579315186 24.3115787506104 24.3181743621826 24.2814788818359
-9999 -9999 -9999 -9999 -9999 -9999 -9999 -9999 -9999 -9999 -9999 -9999 -9999 -9999 -9999 -9999 -9999 -9999 -9999 -9999 -9999 -9999 -9999 -9999 -9999 -9999 -9999 -9999 -9999 -9999 -9999 -9999 -9999 -9999 -9999 -9999 -9999 -9999 -9999 -9999 -9999 -9999 -9999 -9999 -9999 -9999 -9999 24.4870452880859 24.4701118469238 24.4602203369141 24.4504814147949 24.4434299468994 24.3769226074219 24.4171199798584 24.4302196502686 24.501895904541 24.3502864837646
-9999 -9999 -9999 -9999 -9999 -9999 -9999 -9999 -9999 -9999 -9999 -9999 -9999 -9999 -9999 -9999 -9999 -9999 -9999 -9999 -9999 -9999 -9999 -9999 -9999 -9999 -9999 -9999 -9999 -9999 -9999 -9999 -9999 -9999 -9999 -9999 -9999 -9999 -9999 -9999 -9999 -9999 -9999 24.1383609771729 24.2555675506592 24.485071182251 24.5212059020996 24.5272064208984 24.5788192749023 24.5517501831055 24.5402565002441 24.5431671142578 24.5218544006348 24.5282306671143 24.5078716278076 24.5015544891357 24.4675140380859
22.0321502685547 21.9913558959961 21.9652996063232 21.8653202056885 21.841854095459 21.7980976104736 -9999 -9999 -9999 -9999 -9999 -9999 -9999 -9999 -9999 -9999 -9999 -9999 -9999 -9999 -9999 -9999 -9999 -9999 -9999 -9999 -9999 -9999 -9999 -9999 -9999 -9999 -9999 -9999 -9999 -9999 -9999 -9999 -9999 23.4728450775146 23.6624145507812 23.7535152435303 24.1466484069824 24.3208999633789 24.3854503631592 24.6343975067139 24.6798820495605 24.7372169494629 24.8015651702881 24.8382034301758 24.8378391265869 24.8561305999756 24.854419708252 24.852912902832 24.8127880096436 24.8041286468506 24.7579822540283
22.0909328460693 22.0526447296143 21.9637470245361 21.9272499084473 21.8730792999268 21.8150634765625 21.7841415405273 21.7275390625 21.695930480957 21.679084777832 21.6476402282715 21.6235980987549 21.6147785186768 21.5988311767578 -9999 -9999 -9999 -9999 -9999 -9999 -9999 -9999 -9999 -9999 -9999 -9999 -9999 -9999 -9999 -9999 -9999 -9999 -9999 -9999 -9999 -9999 22.727970123291 22.9313411712646 23.199104309082 23.3676090240479 23.6441059112549 23.8951950073242 24.068338394165 24.4057598114014 24.5064315795898 24.6249618530273 24.9058284759521 24.8412418365479 24.8457794189453 24.8909282684326 24.9242992401123 24.9455337524414 24.9694290161133 24.9311828613281 24.9220809936523 24.947826385498 24.8299999237061
22.0921573638916 22.0493240356445 22.0188369750977 21.9199161529541 21.8969078063965 21.8793792724609 21.7870635986328 21.7571926116943 21.741605758667 21.6842594146729 21.673698425293 21.6593475341797 21.6235656738281 21.6213893890381 21.6269207000732 21.5984153747559 21.6181793212891 -9999 21.5993881225586 21.5978107452393 21.5943584442139 21.5826511383057 21.5790977478027 21.592679977417 21.6291732788086 21.638843536377 21.6832027435303 21.7659740447998 21.8019199371338 21.8470420837402 21.9750652313232 22.00417137146 22.0808925628662 22.3114757537842 22.4224491119385 22.4879264831543 22.8308200836182 22.8944053649902 23.0669136047363 23.4982471466064 23.5976486206055 23.7779350280762 24.2068748474121 24.3636417388916 24.4324760437012 24.7234516143799 24.7920093536377 24.810920715332 24.9503192901611 24.9499530792236 24.9686851501465 25.0135078430176 25.019811630249 25.0148220062256 24.9927501678467 24.9794235229492 24.9408130645752
22.1656436920166 22.1477279663086 22.1032104492188 22.0229434967041 22.0016040802002 21.9710006713867 21.8745994567871 21.8604736328125 21.8307952880859 21.7640781402588 21.7602272033691 21.7422943115234 21.7018756866455 21.6909332275391 21.6783103942871 21.6659107208252 21.6576824188232 21.6671142578125 21.6474914550781 21.64306640625 21.6272869110107 21.6203136444092 21.6162757873535 21.625768661499 21.6664276123047 21.6935424804688 21.7113952636719 21.8118362426758 21.8495140075684 21.873966217041 22.0098819732666 22.0664482116699 22.1053066253662 22.3343029022217 22.4349727630615 22.5003929138184 22.838062286377 22.984073638916 23.063138961792 23.5029335021973 23.6977653503418 23.8046836853027 24.2387390136719 24.3287544250488 24.4956855773926 24.7994441986084 24.932674407959 24.9672222137451 25.1371746063232 25.165002822876 25.2299385070801 25.2848739624023 25.2865390777588 25.2871913909912 25.2542610168457 25.2397804260254 25.2026767730713
22.2388935089111 22.1832675933838 22.1536903381348 22.1527042388916 22.0180206298828 21.9562034606934 21.916540145874 21.8677291870117 21.8324451446533 21.8079795837402 21.7703838348389 21.7441234588623 21.7290859222412 21.7062854766846 21.690279006958 21.6880226135254 21.6604995727539 21.6559410095215 21.6449928283691 21.6307849884033 21.6365566253662 21.6290493011475 21.5923500061035 21.6468524932861 21.6667671203613 21.6747035980225 21.7475299835205 21.7999954223633 21.8285255432129 21.920970916748 21.9625759124756 22.0172595977783 22.1758499145508 22.2581119537354 22.3669967651367 22.6013813018799 22.728946685791 22.9117946624756 23.1977119445801 23.3675327301025 23.6347236633301 23.92649269104 24.1123466491699 24.4543190002441 24.6085891723633 24.7339820861816 24.9878196716309 25.0742645263672 25.1469535827637 25.2728977203369 25.3144035339355 25.3511257171631 25.5223731994629 25.3617382049561 25.3257255554199 25.3227806091309 25.2449817657471
22.2357273101807 22.2207736968994 22.1771068572998 22.1355304718018 22.1046276092529 22.0672302246094 22.0070476531982 21.9879856109619 21.9408988952637 21.8741073608398 21.8600654602051 21.7800102233887 21.7353210449219 21.7283039093018 21.7246417999268 21.6988754272461 21.6909847259521 21.684061050415 21.6660194396973 21.6564846038818 21.6535110473633 21.6478157043457 21.6462268829346 21.6562366485596 21.6961288452148 21.7076854705811 21.7391395568848 21.8380966186523 21.8578205108643 21.89794921875 22.0275783538818 22.0494613647461 22.1186943054199 22.3218936920166 22.4324913024902 22.4960670471191 22.8237400054932 22.892505645752 23.0574131011963 23.4983386993408 23.6841735839844 23.7848129272461 24.2406997680664 24.4185352325439 24.496114730835 24.8697471618652 24.9351863861084 25.0113182067871 25.2632923126221 25.2987461090088 25.3279838562012 25.4271278381348 25.4366626739502 25.4192295074463 25.3890590667725 25.3531551361084 25.33056640625
22.265588760376 22.2481575012207 22.2111663818359 22.164234161377 22.1281986236572 22.1001281738281 22.0352382659912 21.9926338195801 21.9538497924805 21.9131813049316 21.8853893280029 21.8756408691406 21.8507118225098 21.8321666717529 21.8265037536621 21.8110942840576 21.7865543365479 21.7809715270996 21.7342262268066 21.7199630737305 21.7134437561035 21.7098503112793 21.7127456665039 21.7234745025635 21.764331817627 21.7860355377197 21.8068542480469 21.905912399292 21.9265689849854 21.9583015441895 22.0819034576416 22.1190242767334 22.1426048278809 22.3374118804932 22.4270915985107 22.4897899627686 22.8132476806641 22.8803577423096 23.0348300933838 23.4754180908203 23.567361831665 23.7713394165039 24.2311019897461 24.4289073944092 24.512809753418 24.892879486084 24.9621601104736 25.1050853729248 25.3723983764648 25.4299144744873 25.5138874053955 25.6044368743896 25.6268463134766 25.6146068572998 25.5946102142334 25.56591796875 25.5475959777832
22.291618347168 22.2647361755371 22.2054195404053 22.1735229492188 22.113260269165 22.0961494445801 22.0457496643066 21.9538288116455 21.9231700897217 21.9046077728271 21.860860824585 21.8719806671143 21.8660144805908 21.8176937103271 21.8336906433105 21.8228893280029 21.7699184417725 21.7982616424561 21.7853603363037 21.7294464111328 21.7599906921387 21.7569274902344 21.6987152099609 21.8010177612305 21.8316688537598 21.7787322998047 21.8528423309326 21.906566619873 21.9429244995117 22.0339431762695 22.060640335083 22.0886211395264 22.1999282836914 22.2622184753418 22.3488864898682 22.584300994873 22.7036285400391 22.8491916656494 23.1580772399902 23.3312168121338 23.5757617950439 23.8999271392822 24.0942821502686 24.4366817474365 24.6508121490479 24.7967529296875 25.0423603057861 25.2080574035645 25.3274097442627 25.6285419464111 25.5995769500732 25.6183624267578 25.742561340332 25.6808109283447 25.6533603668213 25.6139106750488 25.5775470733643
22.284595489502 22.2788257598877 22.2389755249023 22.1771812438965 22.1437091827393 22.1168327331543 22.0573177337646 22.0047245025635 21.9519290924072 21.9159030914307 21.9028816223145 21.898042678833 21.8797836303711 21.8714962005615 21.8543548583984 21.8329315185547 21.8251724243164 21.82497215271 21.8065643310547 21.792667388916 21.7853736877441 21.7842597961426 21.7939910888672 21.8277778625488 21.861608505249 21.9143009185791 21.9559116363525 22.0079555511475 22.049934387207 22.1163768768311 22.2042388916016 22.2226982116699 22.1649188995361 22.3357772827148 22.3816184997559 22.5019950866699 22.7998199462891 22.9382591247559 23.0215396881104 23.4419193267822 23.535457611084 23.7508563995361 24.21923828125 24.31516456604 24.4930114746094 24.9266738891602 25.0001125335693 25.1166858673096 25.4271087646484 25.4892654418945 25.5513515472412 25.6973896026611 25.7131748199463 25.7076225280762 25.7123336791992 25.6890163421631 25.6479778289795
22.3277111053467 22.3187465667725 22.2933101654053 22.2199478149414 22.1941509246826 22.1757640838623 22.104154586792 22.0806617736816 22.0472774505615 21.9833641052246 21.9819564819336 21.9804840087891 21.9386215209961 21.9344310760498 21.9299030303955 21.900598526001 21.8956508636475 21.8882579803467 21.8764247894287 21.8680801391602 21.8618946075439 21.8654384613037 21.8779678344727 21.8950328826904 21.9373798370361 21.9753971099854 22.0053081512451 22.0535926818848 22.098331451416 22.1408195495605 22.2092304229736 22.235538482666 22.2912769317627 22.3953323364258 22.4898643493652 22.5958404541016 22.7760887145996 22.9012317657471 23.0016269683838 23.4147090911865 23.5996952056885 23.7017860412598 24.178638458252 24.2736511230469 24.4565563201904 24.9021854400635 24.9870109558105 25.1420631408691 25.4650192260742 25.599796295166 25.6323146820068 25.7914733886719 25.8450736999512 25.8418216705322 25.8559112548828 25.8482055664062 25.8403167724609
22.3622131347656 22.3358764648438 22.2780628204346 22.2645606994629 22.2227306365967 22.1744918823242 22.1579475402832 22.1016616821289 22.0666885375977 22.0432739257812 21.9990882873535 21.9953460693359 21.9842071533203 21.9527740478516 21.9484252929688 21.9413890838623 21.9183197021484 21.9095211029053 21.9133014678955 21.8908081054688 21.9010105133057 21.8969554901123 21.8820381164551 21.9261455535889 21.9756317138672 21.9801063537598 22.03271484375 22.0577430725098 22.0687313079834 22.1538372039795 22.1984024047852 22.1962947845459 22.3253879547119 22.377233505249 22.4161758422852 22.6363105773926 22.7293033599854 22.8258972167969 23.1288661956787 23.2851543426514 23.4978656768799 23.7548351287842 23.9892024993896 24.3827686309814 24.4771404266357 24.7597351074219 25.0314998626709 25.2382659912109 25.3863353729248 25.6951808929443 25.7073631286621 25.7712745666504 25.9538307189941 25.9011707305908 25.8951435089111 25.9244899749756 25.8921680450439
22.3547267913818 22.3273906707764 22.314395904541 22.2544860839844 22.2560367584229 22.2215232849121 22.1745376586914 22.1407680511475 22.1258125305176 22.0704803466797 22.0518836975098 22.0462532043457 22.0089282989502 22.0004749298096 21.9937896728516 21.9680709838867 21.9583148956299 21.9476833343506 21.9381332397461 21.9314041137695 21.9403076171875 21.9426021575928 21.9500274658203 21.9730072021484 22.011402130127 22.0351734161377 22.0697746276855 22.0967864990234 22.1407794952393 22.1601810455322 22.2147941589355 22.251672744751 22.3261432647705 22.4144992828369 22.4959888458252 22.6009559631348 22.7683353424072 22.8456840515137 23.0754852294922 23.3390731811523 23.4558906555176 23.6834049224854 24.013858795166 24.2282485961914 24.4041786193848 24.665283203125 24.850284576416 25.0288639068604 25.3304595947266 25.4838390350342 25.5570163726807 25.8164768218994 25.8673477172852 25.8774452209473 25.9342575073242 25.9243907928467 25.9229278564453
22.4016704559326 22.3786964416504 22.3620471954346 22.3072490692139 22.2979221343994 22.312614440918 22.2590484619141 22.2359580993652 22.2224979400635 22.1743984222412 22.1590328216553 22.1481151580811 22.1117935180664 22.1002807617188 22.0904769897461 22.0618801116943 22.0564441680908 22.061222076416 22.0445575714111 22.0406303405762 22.0441207885742 22.0648136138916 22.0710773468018 22.0813636779785 22.1081314086914 22.127233505249 22.1420917510986 22.1845226287842 22.1983871459961 22.2189846038818 22.2883987426758 22.3073673248291 22.325159072876 22.4716415405273 22.4991359710693 22.562837600708 22.8070106506348 22.8848571777344 22.9739971160889 23.3625736236572 23.4795665740967 23.6119556427002 23.9948806762695 24.1599388122559 24.3644428253174 24.6487674713135 24.8536930084229 25.0112991333008 25.2992973327637 25.4938735961914 25.6149883270264 25.7706756591797 25.8946151733398 25.9524002075195 26.0081958770752 26.0450973510742 26.0551929473877
22.4332866668701 22.4039649963379 22.3702850341797 22.3479309082031 22.3453311920166 22.3071384429932 22.3062725067139 22.2719535827637 22.2383460998535 22.22580909729 22.197566986084 22.1706256866455 22.1587047576904 22.140926361084 22.1108207702637 22.1174602508545 22.109411239624 22.0945377349854 22.0868721008301 22.0703525543213 22.0831165313721 22.1024627685547 22.1049365997314 22.1202716827393 22.1360206604004 22.1630249023438 22.1778697967529 22.1961154937744 22.2261047363281 22.2591152191162 22.2771587371826 22.2899723052979 22.3861808776855 22.4340038299561 22.476713180542 22.6476001739502 22.7240657806396 22.8144626617432 23.0723094940186 23.2108592987061 23.4179611206055 23.7338008880615 23.9155807495117 24.2523670196533 24.4186687469482 24.6433429718018 24.9380187988281 25.0552635192871 25.2445621490479 25.5106296539307 25.6252479553223 25.734245300293 25.9984912872314 25.9673194885254 26.00461769104 26.1216983795166 26.066951751709
22.4493007659912 22.4337749481201 22.4174308776855 22.3899917602539 22.366870880127 22.3505268096924 22.318754196167 22.3013744354248 22.2827587127686 22.2281608581543 22.2115955352783 22.202127456665 22.1667823791504 22.1760921478271 22.1684818267822 22.1535701751709 22.146505355835 22.1428298950195 22.132791519165 22.1306667327881 22.1290187835693 22.1310901641846 22.1311683654785 22.138671875 22.1668224334717 22.1670722961426 22.1830825805664 22.2343215942383 22.2418575286865 22.261739730835 22.3167705535889 22.3283576965332 22.3698387145996 22.4737014770508 22.5172538757324 22.5792427062988 22.7778759002686 22.8818874359131 22.9401588439941 23.287914276123 23.4659004211426 23.5697803497314 24.0064315795898 24.1543788909912 24.3029747009277 24.6556205749512 24.8267059326172 24.9936580657959 25.2346172332764 25.4251251220703 25.5214653015137 25.7211761474609 25.8469085693359 25.9124584197998 26.0002174377441 26.0597763061523 26.0560855865479
22.483341217041 22.4772167205811 22.4649467468262 22.4404678344727 22.4312381744385 22.4226665496826 22.3859367370605 22.3840599060059 22.3740272521973 22.3360157012939 22.3131275177002 22.3024368286133 22.2709579467773 22.2623271942139 22.2522850036621 22.236364364624 22.2290916442871 22.2250175476074 22.2205142974854 22.2229309082031 22.2182140350342 22.2250823974609 22.2338428497314 22.2390251159668 22.2570781707764 22.2687435150146 22.2780685424805 22.3276691436768 22.3347682952881 22.3527889251709 22.4105949401855 22.4287567138672 22.4373340606689 22.5414943695068 22.5923461914062 22.6237411499023 22.8036613464355 22.8543109893799 22.9236755371094 23.2579593658447 23.3257694244385 23.4701118469238 23.9085731506348 24.0896472930908 24.159460067749 24.5952472686768 24.735954284668 24.8493766784668 25.2115383148193 25.3150520324707 25.411958694458 25.7153987884521 25.8330688476562 25.874303817749 26.037633895874 26.0849723815918 26.0941104888916
