G_variables/Set1/RCP4_2100/Sur_tem_min.asc
NCOLS 229 
NROWS 147 
XLLCORNER -101.25 
YLLCORNER 14.3333333333333 
CELLSIZE 0.0833333333333333 
NODATA_value -9999 
[rows 52 to 77 of 147, columns 114 to 170 of 229]
23.3972434997559 23.3836307525635 23.3622627258301 23.3582820892334 23.3683757781982 23.3770351409912 23.3976535797119 23.4165840148926 23.4342021942139 23.4694194793701 23.4642848968506 23.4689636230469 23.5005741119385 23.496675491333 23.5099906921387 23.5265922546387 23.5305690765381 23.5191211700439 23.5408153533936 23.5620441436768 23.5717334747314 23.5879306793213 23.5724277496338 23.5611934661865 23.5622310638428 23.5424022674561 23.532190322876 23.4987163543701 23.4866390228271 23.4757690429688 23.4604797363281 23.4545993804932 23.4467620849609 23.44016456604 23.4495620727539 23.4528465270996 23.4632606506348 23.4624691009521 23.4749908447266 23.4891147613525 23.5005359649658 23.510181427002 23.5667705535889 23.5774173736572 23.6069450378418 23.7051734924316 23.7283172607422 23.7735233306885 23.9065895080566 23.9524307250977 24.0115356445312 24.1932678222656 24.2322006225586 24.3077392578125 24.528205871582 24.5705184936523 24.6777362823486
23.4065914154053 23.4081916809082 23.389856338501 23.3742046356201 23.3826313018799 23.40256690979 23.4016895294189 23.4299240112305 23.4507656097412 23.4636173248291 23.4767913818359 23.4943962097168 23.4950637817383 23.5280914306641 23.5357074737549 23.5292053222656 23.5574131011963 23.5499706268311 23.5445461273193 23.5563011169434 23.5710563659668 23.5711441040039 23.580207824707 23.5609321594238 23.55419921875 23.5560436248779 23.5312824249268 23.5103969573975 23.4820041656494 23.4678325653076 23.4584407806396 23.4428195953369 23.4430770874023 23.4231491088867 23.4398441314697 23.4441108703613 23.4507675170898 23.4429264068604 23.4652347564697 23.4750556945801 23.4637584686279 23.5169811248779 23.5332069396973 23.5325565338135 23.6235065460205 23.6553535461426 23.6841239929199 23.7921543121338 23.8429985046387 23.9233417510986 24.0508041381836 24.1172943115234 24.2100830078125 24.3558521270752 24.434513092041 24.5345783233643 24.7676601409912
23.4171772003174 23.4104137420654 23.4016952514648 23.3901557922363 23.395471572876 23.4112529754639 23.4214630126953 23.435791015625 23.4412441253662 23.4804172515869 23.4928283691406 23.4961109161377 23.5129299163818 23.524263381958 23.5244235992432 23.5428047180176 23.5513648986816 23.5522270202637 23.5480575561523 23.5416641235352 23.5478668212891 23.5601100921631 23.5615196228027 23.563648223877 23.5418167114258 23.5346088409424 23.5256404876709 23.4981498718262 23.4881572723389 23.4638862609863 23.4490432739258 23.444652557373 23.4470882415771 23.4263076782227 23.4344005584717 23.4342880249023 23.4543838500977 23.4522552490234 23.4584102630615 23.4831428527832 23.4972267150879 23.5087661743164 23.5508995056152 23.5633449554443 23.5988864898682 23.6758689880371 23.695873260498 23.7491397857666 23.8690319061279 23.9291744232178 23.9942398071289 24.1571769714355 24.2271347045898 24.2626304626465 24.4932556152344 24.5433254241943 24.6636028289795
23.4750022888184 23.4654312133789 23.4580821990967 23.4469127655029 23.4471759796143 23.4507026672363 23.4815502166748 23.4912300109863 23.4991588592529 23.5151348114014 23.5242252349854 23.5336627960205 23.5627765655518 23.561674118042 23.5611057281494 23.5633888244629 23.5738983154297 23.5717792510986 23.5644950866699 23.5547199249268 23.5508975982666 23.5449638366699 23.5484485626221 23.5389881134033 23.5290107727051 23.5182609558105 23.5026378631592 23.4848670959473 23.4782772064209 23.461971282959 23.4488658905029 23.4465980529785 23.4440307617188 23.433256149292 23.43190574646 23.4412841796875 23.4568672180176 23.4541893005371 23.4727249145508 23.5041751861572 23.5174312591553 23.5214710235596 23.5680179595947 23.5855941772461 23.5876655578613 23.6639366149902 23.6977653503418 23.7297534942627 23.8470134735107 23.8825168609619 23.9613208770752 24.1196804046631 24.1828727722168 24.2265663146973 24.4582195281982 24.577075958252 24.6500110626221
23.4903964996338 23.4552307128906 23.4670009613037 23.4581890106201 23.4367427825928 23.4654636383057 23.4890880584717 23.5043926239014 23.5178661346436 23.5163021087646 23.5383472442627 23.5523929595947 23.5594177246094 23.5804824829102 23.5721187591553 23.5580883026123 23.5656719207764 23.5664958953857 23.564022064209 23.5609817504883 23.5452842712402 23.5476055145264 23.5400257110596 23.5183658599854 23.5062141418457 23.4895095825195 23.4853267669678 23.4838447570801 23.4705715179443 23.4674606323242 23.4442157745361 23.4207420349121 23.4452724456787 23.4300193786621 23.4141693115234 23.4450149536133 23.4478015899658 23.4435729980469 23.4934368133545 23.5030288696289 23.5056838989258 23.5472087860107 23.5584812164307 23.54905128479 23.613353729248 23.6376514434814 23.6404190063477 23.7594928741455 23.8019428253174 23.8415451049805 23.9788055419922 24.0539894104004 24.1083927154541 24.2894191741943 24.3720588684082 24.4522590637207 24.7501754760742
23.4958572387695 23.4837074279785 23.4824962615967 23.4710674285889 23.4731369018555 23.4781475067139 23.5110721588135 23.5211544036865 23.5250873565674 23.5338535308838 23.5369300842285 23.5536327362061 23.5674343109131 23.5700035095215 23.5773544311523 23.5494022369385 23.5466709136963 23.5433654785156 23.5432014465332 23.5518016815186 23.5454292297363 23.5352916717529 23.5291957855225 23.5124244689941 23.4926357269287 23.4807586669922 23.4813442230225 23.4691600799561 23.468355178833 23.464822769165 23.4604015350342 23.4382228851318 23.4463329315186 23.436803817749 23.4406757354736 23.4427223205566 23.4688034057617 23.483850479126 23.5010528564453 23.5342140197754 23.5477523803711 23.5570335388184 23.5994720458984 23.6005058288574 23.6139030456543 23.6851139068604 23.6970062255859 23.7456932067871 23.8484706878662 23.9112281799316 23.945873260498 24.0985355377197 24.1475963592529 24.2292289733887 24.4700145721436 24.5346012115479 24.6674976348877
23.5337352752686 23.5215740203857 23.5077800750732 23.5124320983887 23.5184116363525 23.5223751068115 23.545316696167 23.5602073669434 23.566068649292 23.5893363952637 23.5914688110352 23.5784282684326 23.5907955169678 23.5872440338135 23.5821189880371 23.560245513916 23.5514030456543 23.5425662994385 23.5378437042236 23.5469818115234 23.5435161590576 23.5301895141602 23.5273475646973 23.5143222808838 23.4862766265869 23.4719314575195 23.4704494476318 23.4661388397217 23.4733715057373 23.4791355133057 23.4742965698242 23.4642524719238 23.4722156524658 23.4666900634766 23.4700660705566 23.4840431213379 23.5177898406982 23.5308361053467 23.5448970794678 23.573055267334 23.5810718536377 23.6063137054443 23.6049156188965 23.6432838439941 23.6739482879639 23.6935386657715 23.749231338501 23.7999305725098 23.8666172027588 23.9400329589844 23.9753646850586 24.1236553192139 24.1608619689941 24.2215595245361 24.4738674163818 24.534086227417 24.7234668731689
23.5514984130859 23.5106983184814 23.5185260772705 23.5206642150879 23.5291957855225 23.5385036468506 23.5497875213623 23.5788192749023 23.5897731781006 23.5959777832031 23.6148929595947 23.6074333190918 23.5890808105469 23.597017288208 23.5791797637939 23.5695877075195 23.5489635467529 23.5422916412354 23.53688621521 23.5426635742188 23.5349216461182 23.5241966247559 23.5159816741943 23.5049381256104 23.4845638275146 23.4345684051514 23.4359645843506 23.4585494995117 23.4524440765381 23.4746322631836 23.4776020050049 23.4579734802246 23.4809913635254 23.4725399017334 23.46022605896 23.502908706665 23.5267963409424 23.5518589019775 23.5582008361816 23.5877170562744 23.6309185028076 23.6083335876465 23.622501373291 23.676664352417 23.6834373474121 23.7453594207764 23.7609939575195 23.8090839385986 23.8795566558838 23.9692535400391 24.0432891845703 24.0886974334717 24.1461448669434 24.3113498687744 24.4159927368164 24.5116958618164 24.8524761199951
23.542797088623 23.5346240997314 23.5284557342529 23.5294170379639 23.5336380004883 23.5429344177246 23.5613441467285 23.5788059234619 23.5843315124512 23.6054992675781 23.6094264984131 23.604907989502 23.5986156463623 23.5835342407227 23.5766468048096 23.5656757354736 23.5587940216064 23.5404472351074 23.530647277832 23.5323963165283 23.5266342163086 23.5165138244629 23.5106048583984 23.5075416564941 23.4914455413818 23.4668388366699 23.4563598632812 23.4758567810059 23.4840030670166 23.4891128540039 23.5009098052979 23.4992427825928 23.4917449951172 23.4971008300781 23.5066528320312 23.5203876495361 23.5387935638428 23.5551223754883 23.5828323364258 23.5981750488281 23.6226768493652 23.6332263946533 -9999 -9999 23.7167949676514 23.7551078796387 23.802713394165 23.876277923584 23.9180812835693 23.979118347168 24.056884765625 24.138599395752 24.1784954071045 24.264820098877 24.5496215820312 24.67258644104 24.7746734619141
23.5833225250244 23.5644474029541 23.557689666748 23.5580615997314 23.5640697479248 23.5707511901855 23.5923309326172 23.6062793731689 23.6143436431885 23.6245670318604 23.6301555633545 23.6141338348389 23.6123218536377 23.6037540435791 23.5746288299561 23.562126159668 23.5498752593994 23.5299663543701 23.5209789276123 23.5250225067139 23.5179615020752 23.517541885376 23.5129508972168 23.5128173828125 23.5120182037354 23.5072803497314 23.5040149688721 23.5081367492676 23.5157165527344 23.5240592956543 23.5255565643311 23.5334568023682 23.5198822021484 23.5340747833252 23.5447978973389 23.5533466339111 23.5690269470215 23.5823192596436 -9999 -9999 -9999 -9999 -9999 -9999 -9999 -9999 -9999 -9999 -9999 -9999 24.1072902679443 24.1750202178955 24.3251361846924 24.3706188201904 24.5484142303467 24.7542285919189 -9999
23.5984268188477 23.5511665344238 23.5631084442139 23.56374168396 23.5608673095703 23.5806083679199 23.5937671661377 23.6227798461914 23.6348342895508 23.6379833221436 23.6374473571777 23.6187705993652 23.6155815124512 23.5987491607666 23.5876026153564 23.5612907409668 23.5428333282471 23.5375289916992 23.5258483886719 23.5089302062988 23.5051383972168 23.5077362060547 23.5199794769287 23.5191116333008 23.5185031890869 23.553316116333 23.531608581543 23.5361366271973 23.573221206665 23.5450477600098 23.5455188751221 23.5775623321533 23.528844833374 23.5412864685059 23.6107883453369 -9999 -9999 -9999 -9999 -9999 -9999 -9999 -9999 -9999 -9999 -9999 -9999 -9999 -9999 -9999 -9999 -9999 -9999 -9999 -9999 -9999 -9999
23.5970211029053 23.579231262207 23.5746402740479 23.5681037902832 23.5706939697266 23.5813293457031 23.5996055603027 23.6071701049805 23.6269245147705 23.638298034668 23.6344203948975 23.6231651306152 23.6139049530029 23.6025676727295 23.5922222137451 23.559871673584 23.5486640930176 23.5392684936523 23.5386810302734 23.5146160125732 23.5044631958008 23.5152416229248 23.5254516601562 23.5247344970703 23.5261707305908 23.5411701202393 23.5508117675781 23.5486431121826 -9999 -9999 -9999 -9999 -9999 -9999 -9999 -9999 -9999 -9999 -9999 -9999 -9999 -9999 -9999 -9999 -9999 -9999 -9999 -9999 -9999 -9999 -9999 -9999 -9999 -9999 -9999 -9999 -9999
23.6234283447266 23.598783493042 23.5955142974854 23.5906600952148 23.5885257720947 23.5962219238281 23.6041431427002 23.6126365661621 23.6239337921143 23.6321220397949 23.6404724121094 23.6307907104492 23.6125469207764 23.5872764587402 23.5728435516357 23.5370826721191 23.5269794464111 23.5287971496582 23.5128307342529 23.5077571868896 23.5220489501953 23.5308837890625 23.5262985229492 -9999 -9999 -9999 -9999 -9999 -9999 -9999 -9999 -9999 -9999 -9999 -9999 -9999 -9999 -9999 -9999 -9999 -9999 -9999 -9999 -9999 -9999 -9999 -9999 -9999 -9999 -9999 -9999 -9999 -9999 -9999 -9999 -9999 -9999
23.6359806060791 23.5939083099365 23.5986289978027 23.5958709716797 23.5651817321777 23.5880165100098 23.5986633300781 23.6178512573242 23.6183681488037 23.6208553314209 23.6417694091797 23.6236743927002 23.5955486297607 23.6020793914795 23.5488090515137 23.5300674438477 23.5167827606201 23.5035343170166 23.5128269195557 23.5161800384521 23.5168838500977 -9999 -9999 -9999 -9999 -9999 -9999 -9999 -9999 -9999 -9999 -9999 -9999 -9999 -9999 -9999 -9999 -9999 -9999 -9999 -9999 -9999 -9999 -9999 -9999 -9999 -9999 -9999 -9999 -9999 -9999 -9999 -9999 -9999 -9999 -9999 -9999
23.6265983581543 23.6185417175293 23.6050338745117 23.576976776123 23.5818214416504 23.585563659668 23.5976181030273 23.6038589477539 23.6102733612061 23.6059017181396 23.6024017333984 23.6220645904541 23.5694522857666 23.5566997528076 23.5415630340576 23.5196285247803 23.5072822570801 23.4907665252686 -9999 -9999 -9999 -9999 -9999 -9999 -9999 -9999 -9999 -9999 -9999 -9999 -9999 -9999 -9999 -9999 -9999 -9999 -9999 -9999 -9999 -9999 -9999 -9999 -9999 -9999 -9999 -9999 -9999 -9999 -9999 -9999 -9999 -9999 -9999 -9999 -9999 -9999 -9999
23.6530208587646 23.644193649292 23.6353664398193 23.5998687744141 23.5949726104736 23.5986614227295 23.6078834533691 23.6090679168701 23.6131401062012 23.6072025299072 23.6057796478271 23.6098594665527 23.5480632781982 23.530818939209 23.5069980621338 23.4861354827881 23.4671363830566 -9999 -9999 -9999 -9999 -9999 -9999 -9999 -9999 -9999 -9999 -9999 -9999 -9999 -9999 -9999 -9999 -9999 -9999 -9999 -9999 -9999 -9999 -9999 -9999 -9999 -9999 -9999 -9999 -9999 -9999 -9999 -9999 -9999 -9999 -9999 -9999 -9999 -9999 -9999 -9999
23.6488437652588 23.6085319519043 23.6145648956299 23.6022415161133 23.5829753875732 23.6009082794189 23.6046504974365 23.6130142211914 23.5978355407715 23.5946350097656 23.6339893341064 23.5720233917236 23.5394477844238 23.4786128997803 23.4926147460938 23.4679203033447 23.3963260650635 -9999 -9999 -9999 -9999 -9999 -9999 -9999 -9999 -9999 -9999 -9999 -9999 -9999 -9999 -9999 -9999 -9999 -9999 -9999 -9999 -9999 -9999 -9999 -9999 -9999 -9999 -9999 -9999 -9999 -9999 -9999 -9999 -9999 -9999 -9999 -9999 -9999 -9999 -9999 -9999
23.6469230651855 23.6332054138184 23.6213836669922 23.5988273620605 23.599100112915 23.5984058380127 23.5999317169189 23.5988082885742 23.6017837524414 23.5716247558594 23.583158493042 23.5870170593262 23.5196380615234 23.5022792816162 23.4858055114746 23.4759902954102 23.4590549468994 -9999 -9999 -9999 -9999 -9999 -9999 -9999 -9999 -9999 -9999 -9999 -9999 -9999 -9999 -9999 -9999 -9999 -9999 -9999 -9999 -9999 -9999 -9999 -9999 -9999 -9999 -9999 -9999 -9999 -9999 -9999 -9999 -9999 -9999 -9999 -9999 -9999 -9999 -9999 -9999
23.6808166503906 23.6669006347656 23.642391204834 23.6272621154785 23.6210231781006 23.6171817779541 23.6131629943848 23.6019191741943 23.5960922241211 23.5767803192139 23.5612945556641 23.566349029541 23.510425567627 23.481372833252 23.484561920166 23.4664096832275 -9999 -9999 -9999 -9999 -9999 -9999 -9999 -9999 -9999 -9999 -9999 -9999 -9999 -9999 -9999 -9999 -9999 -9999 -9999 -9999 -9999 -9999 -9999 -9999 -9999 -9999 -9999 -9999 -9999 -9999 -9999 -9999 -9999 -9999 -9999 -9999 -9999 -9999 -9999 -9999 26.8267555236816
23.6896324157715 23.6569118499756 23.6452293395996 23.6366424560547 23.6220779418945 23.6174182891846 23.6103115081787 23.616548538208 23.5890331268311 23.5746440887451 23.5800971984863 23.5418872833252 23.5027275085449 23.4550476074219 23.479513168335 23.4691104888916 -9999 -9999 -9999 -9999 -9999 -9999 -9999 -9999 -9999 -9999 -9999 -9999 -9999 -9999 -9999 -9999 -9999 -9999 -9999 -9999 -9999 -9999 -9999 -9999 -9999 -9999 -9999 -9999 -9999 -9999 -9999 -9999 -9999 -9999 -9999 -9999 -9999 -9999 -9999 26.8410091400146 26.8587322235107
23.6986103057861 23.6864604949951 23.6637420654297 23.6388397216797 23.6318836212158 23.6283321380615 23.5984382629395 23.5908985137939 23.5926628112793 23.550573348999 23.5503044128418 23.5358257293701 23.5067195892334 23.4792423248291 23.4753494262695 -9999 -9999 -9999 -9999 -9999 -9999 -9999 -9999 -9999 -9999 -9999 -9999 -9999 -9999 -9999 -9999 -9999 -9999 -9999 -9999 -9999 -9999 -9999 -9999 -9999 -9999 -9999 -9999 -9999 -9999 -9999 -9999 -9999 -9999 -9999 -9999 -9999 -9999 -9999 26.845386505127 26.8610591888428 26.8709030151367
23.7522277832031 23.7304153442383 23.7200584411621 23.685567855835 23.675666809082 23.6492786407471 23.6098251342773 23.5735988616943 23.5655689239502 23.5240268707275 23.5392875671387 23.5349349975586 23.4981479644775 23.4986782073975 23.503059387207 23.482873916626 -9999 -9999 -9999 -9999 -9999 -9999 -9999 -9999 -9999 -9999 -9999 -9999 -9999 -9999 -9999 -9999 -9999 -9999 -9999 -9999 -9999 -9999 -9999 -9999 -9999 -9999 -9999 -9999 -9999 -9999 -9999 -9999 -9999 -9999 -9999 -9999 -9999 26.8571224212646 26.8726844787598 26.8699760437012 26.8895835876465
23.7721385955811 23.7298755645752 23.7180862426758 23.699390411377 23.6922721862793 23.6406021118164 23.615140914917 23.5932960510254 23.5551738739014 23.5523662567139 23.5230464935303 23.5218067169189 23.5099754333496 23.4781589508057 23.5057373046875 -9999 -9999 -9999 -9999 -9999 -9999 -9999 -9999 -9999 -9999 -9999 -9999 -9999 -9999 -9999 -9999 -9999 -9999 -9999 -9999 -9999 -9999 -9999 -9999 -9999 -9999 -9999 -9999 -9999 -9999 -9999 -9999 -9999 -9999 -9999 -9999 -9999 -9999 26.8568592071533 26.8700733184814 26.8613910675049 26.8907318115234
23.7807540893555 23.7604427337646 23.7495441436768 23.7026042938232 23.6809997558594 23.6656589508057 23.6164531707764 23.5960350036621 23.5811653137207 23.5458354949951 23.528112411499 23.539529800415 23.5129375457764 23.4982452392578 23.5108833312988 -9999 -9999 -9999 -9999 -9999 -9999 -9999 -9999 -9999 -9999 -9999 -9999 -9999 -9999 -9999 -9999 -9999 -9999 -9999 -9999 -9999 -9999 -9999 -9999 -9999 -9999 -9999 -9999 -9999 -9999 -9999 -9999 -9999 -9999 -9999 -9999 26.7906265258789 26.8019104003906 26.8546314239502 26.8778266906738 26.8965072631836 26.9045257568359
23.8490257263184 23.8381996154785 23.80885887146 23.7561149597168 23.7145938873291 23.6956386566162 23.6332473754883 23.612174987793 23.6004886627197 23.5503406524658 23.5410480499268 23.5283832550049 23.5319442749023 23.5333976745605 23.5552444458008 -9999 -9999 -9999 -9999 -9999 -9999 -9999 -9999 -9999 -9999 -9999 -9999 -9999 -9999 -9999 -9999 -9999 -9999 -9999 -9999 -9999 -9999 -9999 -9999 -9999 -9999 -9999 -9999 -9999 -9999 -9999 -9999 -9999 -9999 -9999 -9999 26.7837295532227 26.7982807159424 26.8631744384766 26.8902740478516 26.9070148468018 26.9476661682129
23.8721656799316 23.8467025756836 23.8083972930908 23.7827835083008 23.7633018493652 23.6896800994873 23.649019241333 23.5790405273438 23.584924697876 23.5661430358887 23.5081348419189 23.5259475708008 23.543607711792 23.5289859771729 23.5526027679443 -9999 -9999 -9999 -9999 -9999 -9999 -9999 -9999 -9999 -9999 -9999 -9999 -9999 -9999 -9999 -9999 -9999 -9999 -9999 -9999 -9999 -9999 -9999 -9999 -9999 -9999 -9999 -9999 -9999 -9999 -9999 -9999 -9999 -9999 -9999 -9999 26.7694664001465 26.8173637390137 26.8338222503662 26.8995418548584 26.9532299041748 26.9743633270264
