G_variables/Set1/RCP6_2100/Min_tem_max.asc
NCOLS 229 
NROWS 147 
XLLCORNER -101.25 
YLLCORNER 14.3333333333333 
CELLSIZE 0.0833333333333333 
NODATA_value -9999 
[rows 104 to 129 of 147, columns 171 to 227 of 229]
3.72095656394958 3.65059375762939 3.61646342277527 3.61649608612061 3.61658191680908 3.61664843559265 3.65108513832092 3.71019554138184 3.73750424385071 3.80492663383484 3.83905410766602 3.82503509521484 4.28372383117676 4.21759748458862 3.70840573310852 3.72194290161133 3.72018074989319 3.72090077400208 3.72270131111145 3.53991746902466 3.61515355110168 3.6982843875885 3.64764022827148 3.50593066215515 3.49246501922607 3.49930667877197 3.4993302822113 3.50582098960876 3.49913191795349 3.49912762641907 3.46227860450745 3.46438527107239 3.49815225601196 3.4661169052124 2.83108305931091 2.85323429107666 2.18011021614075 2.18495917320251 2.85145807266235 3.70523118972778 3.64925050735474 3.49908900260925 3.53623414039612 3.49675989151001 3.49657940864563 3.46164631843567 3.11955642700195 3.50162720680237 3.53562450408936 3.53584361076355 3.6140296459198 3.53646540641785 3.61505460739136 3.59041357040405 3.53026628494263 3.64942193031311 -9999
3.72217106819153 3.65014624595642 3.65046787261963 3.6510317325592 3.61629390716553 3.61632990837097 3.61661624908447 3.7629451751709 3.8885064125061 3.88848900794983 3.86285281181335 3.7390718460083 3.61592841148376 3.72009086608887 3.73919224739075 3.72258257865906 3.59306383132935 3.53863072395325 3.53831481933594 3.53578019142151 3.72039103507996 3.69960641860962 3.61515522003174 3.50593161582947 3.49931049346924 3.499272108078 3.50005698204041 3.50045371055603 3.49321413040161 3.4991443157196 3.46263742446899 3.46611642837524 3.46648478507996 2.8555793762207 2.8497166633606 3.4616904258728 2.81471514701843 3.18000173568726 3.08078980445862 2.84355163574219 3.49178504943848 2.95329928398132 3.53524136543274 3.46164298057556 2.82034397125244 2.80389928817749 2.41808366775513 3.46192407608032 3.48983073234558 2.85262870788574 3.49662303924561 3.12594246864319 3.46292662620544 3.5307183265686 3.53651976585388 3.5927209854126 3.71974492073059
3.70752477645874 3.65270090103149 3.65100884437561 3.72190523147583 3.71784448623657 3.71917295455933 3.68215417861938 3.72798228263855 3.86281704902649 3.86271071434021 3.88876914978027 3.61560392379761 3.61560726165771 3.7219979763031 3.88933992385864 3.71269416809082 3.54268646240234 3.54265832901001 3.53800749778748 3.53682613372803 3.55126523971558 3.53796172142029 3.50593209266663 3.50593185424805 3.50229096412659 3.50808334350586 3.49913215637207 3.4991307258606 3.4623122215271 3.46228122711182 3.46227765083313 3.46611618995667 3.4622483253479 3.4616801738739 3.4616756439209 3.46223068237305 2.81545209884644 2.81593108177185 3.11910891532898 3.06901955604553 2.43251371383667 2.46112251281738 2.84355068206787 3.13496112823486 2.41791081428528 2.42864394187927 2.42479491233826 2.74715709686279 3.08654999732971 2.40976166725159 2.41657972335815 3.08900141716003 3.05008721351624 3.49527835845947 3.49527812004089 3.52807974815369 3.55429196357727
3.72100472450256 3.65092015266418 3.65090942382812 3.70747709274292 3.71033620834351 3.71023297309875 3.71032381057739 3.71026062965393 3.70710325241089 3.65199661254883 3.65208220481873 3.55210566520691 3.6166558265686 3.62028980255127 3.54099464416504 3.53897714614868 3.53921556472778 3.54065799713135 3.53681778907776 3.53897094726562 3.53627586364746 3.50593209266663 3.49911165237427 3.49909353256226 3.49914264678955 3.49926090240479 3.49202227592468 3.49766373634338 3.46702170372009 3.46380066871643 3.46224927902222 3.4620680809021 3.46163415908813 3.46547889709473 3.53522133827209 3.61750650405884 3.59235024452209 3.53748846054077 3.53624653816223 3.49643015861511 2.91662216186523 3.10612678527832 3.46288323402405 2.17742681503296 2.40616774559021 2.40661382675171 2.40620732307434 2.40574550628662 2.41076517105103 3.28015565872192 3.54170513153076 3.71725916862488 3.6501088142395 3.72404885292053 3.7574257850647 3.70275354385376 3.75705194473267
3.72102808952332 3.72101044654846 3.70765233039856 3.65246653556824 3.65251874923706 3.65248346328735 3.65136432647705 3.61661028862 3.59641695022583 3.5946249961853 3.54416084289551 3.54195189476013 3.6172251701355 3.61698198318481 3.54172205924988 3.55913233757019 3.53891611099243 3.53546547889709 3.53946995735168 3.54064607620239 3.53416204452515 3.50593161582947 3.49911236763 3.49246788024902 3.49869465827942 3.49868822097778 3.49251055717468 3.49104785919189 3.50414538383484 3.46167325973511 3.49104833602905 3.53563094139099 3.53646779060364 3.53762578964233 3.73317241668701 3.70804476737976 3.84135508537292 4.0336217880249 4.22825145721436 3.71487975120544 3.70320296287537 3.74053406715393 3.75293350219727 3.53703141212463 3.46274089813232 2.40581512451172 3.59308052062988 3.53526401519775 3.71763753890991 3.74403166770935 3.75857257843018 3.75829577445984 3.7397608757019 3.74011945724487 -9999 -9999 -9999
3.72347593307495 3.72055220603943 3.72110819816589 3.7186119556427 3.72112822532654 3.72111678123474 3.65255308151245 3.65235781669617 3.59683418273926 3.59440517425537 3.54485869407654 3.54205131530762 3.61708974838257 3.61701369285583 3.54412817955017 3.53897380828857 3.53867626190186 3.55843615531921 3.5585253238678 3.49246573448181 3.50593018531799 3.4991135597229 3.49867105484009 3.50451397895813 3.49202489852905 3.49773049354553 3.50414490699768 3.49768710136414 3.50414538383484 3.53806805610657 3.70681405067444 3.72035598754883 3.72964882850647 4.02810764312744 5.34848260879517 30.4215469360352 31.2691287994385 31.275016784668 15.377423286438 4.65657472610474 4.18189525604248 3.82572603225708 3.70229363441467 3.71808052062988 3.6511013507843 3.72246289253235 3.70377707481384 3.68843460083008 3.74015426635742 3.83114743232727 3.85145425796509 3.83097290992737 -9999 -9999 -9999 -9999 -9999
3.72516584396362 3.72282004356384 3.72231030464172 3.7222855091095 3.7211275100708 3.72111296653748 3.65258312225342 3.65210437774658 3.5961332321167 3.54226589202881 3.54078960418701 3.53892016410828 3.53934335708618 3.53937482833862 3.53516268730164 3.5362982749939 3.5357038974762 3.55855226516724 3.5582160949707 3.49246692657471 3.49867296218872 3.49853348731995 3.49860668182373 3.4993302822113 3.49769878387451 3.49783515930176 3.54135918617249 3.59471821784973 3.65216135978699 3.69158697128296 3.73033905029297 4.02517032623291 4.72878885269165 11.0916309356689 30.4041213989258 31.2551803588867 31.2685775756836 31.2687072753906 16.3953475952148 5.54695272445679 4.5291953086853 4.23002147674561 3.84428262710571 3.84543180465698 3.87342882156372 4.11942481994629 4.23780965805054 4.04903554916382 3.90328764915466 -9999 -9999 -9999 -9999 -9999 -9999 -9999 -9999
3.72519636154175 3.72250127792358 3.7087938785553 3.71079039573669 3.72114205360413 3.70892071723938 3.65259385108948 3.61775541305542 3.59429216384888 3.54180955886841 3.54110360145569 3.55918097496033 3.53921008110046 3.53908014297485 3.53584289550781 3.53628778457642 3.53422498703003 3.53594088554382 3.50548624992371 3.49866342544556 3.49867033958435 3.50048613548279 3.49760913848877 3.50377511978149 3.53780555725098 3.6537389755249 3.71924638748169 3.72396206855774 3.73930883407593 3.74168252944946 3.86549067497253 4.02488422393799 4.65013027191162 5.34084510803223 5.08069944381714 4.7284893989563 4.56375598907471 4.31195688247681 4.52821588516235 4.98658895492554 4.31539344787598 4.03645086288452 4.03742551803589 4.04335927963257 3.96430230140686 4.23746538162231 -9999 -9999 -9999 -9999 -9999 -9999 -9999 -9999 -9999 -9999 -9999
3.72526741027832 3.72023034095764 3.72239208221436 3.72247767448425 3.7212438583374 3.65451884269714 3.65366244316101 3.59825253486633 3.59403133392334 3.54252099990845 3.54058384895325 3.55913591384888 3.53922295570374 3.5408239364624 3.53705501556396 3.53594255447388 3.50548839569092 3.49866580963135 3.49878096580505 3.49908542633057 3.53598952293396 3.53653693199158 3.54068374633789 3.65325832366943 3.72442960739136 3.72545790672302 3.73820829391479 3.72697973251343 3.70127964019775 3.7103157043457 3.73934817314148 3.74092841148376 3.74198389053345 4.02615118026733 4.37200355529785 4.5664234161377 4.52655553817749 4.10521697998047 4.03498697280884 3.82658338546753 3.84392523765564 3.94887542724609 4.18904161453247 4.23782682418823 -9999 -9999 -9999 -9999 -9999 -9999 -9999 -9999 -9999 -9999 -9999 -9999 -9999
3.71086764335632 3.71078562736511 3.72126388549805 3.65406084060669 3.65466237068176 3.65387320518494 3.65354013442993 3.59759569168091 3.54227352142334 3.54046297073364 3.54089951515198 3.53939771652222 3.54060578346252 3.53629970550537 3.49202680587769 3.49867033958435 3.49861216545105 3.49855089187622 3.49866390228271 3.53831815719604 3.61915326118469 3.72452759742737 3.72302222251892 3.72505879402161 3.72493410110474 3.73686933517456 3.71081757545471 3.72056746482849 3.73265957832336 3.68593907356262 4.09273910522461 4.02508449554443 4.27956867218018 6.51665878295898 7.12374210357666 5.07716083526611 4.38094282150269 4.18087911605835 4.03482961654663 3.94843244552612 4.23603677749634 -9999 -9999 -9999 -9999 -9999 -9999 -9999 -9999 -9999 -9999 -9999 -9999 -9999 -9999 -9999 -9999
3.71084642410278 3.71091675758362 3.72124004364014 3.72124075889587 3.65402626991272 3.65445828437805 3.62032413482666 3.59533500671387 3.54175090789795 3.54088139533997 3.53719592094421 3.53683423995972 3.53917717933655 3.49202513694763 3.49866938591003 3.49865865707397 3.49862194061279 3.50548839569092 3.59634065628052 3.65391731262207 3.72305011749268 3.73268485069275 3.7370228767395 3.72351765632629 3.73693060874939 3.73229837417603 3.95788311958313 3.89252114295959 4.51406288146973 4.97771453857422 5.07942199707031 5.95001459121704 5.0752534866333 5.07587385177612 4.52345705032349 4.31052160263062 4.28814315795898 4.31153583526611 4.10495328903198 -9999 -9999 -9999 -9999 -9999 -9999 -9999 -9999 -9999 -9999 -9999 -9999 -9999 -9999 -9999 -9999 -9999 -9999
3.7108781337738 3.72264266014099 3.72434782981873 3.72095727920532 3.65572834014893 3.65535926818848 3.62473511695862 3.54191827774048 3.53923177719116 3.54281497001648 3.53875470161438 3.50548839569092 3.49867248535156 3.49866914749146 3.49857616424561 3.50189995765686 3.49872040748596 3.55784368515015 3.65395283699036 3.72621774673462 3.72084546089172 3.72594141960144 3.71162223815918 3.74111771583557 3.89445662498474 4.21236991882324 4.27895450592041 5.07743358612061 5.3336706161499 5.75445795059204 5.33934783935547 5.22946691513062 4.52138376235962 4.22300291061401 4.30787515640259 4.7234354019165 -9999 -9999 -9999 -9999 -9999 -9999 -9999 -9999 -9999 -9999 -9999 -9999 -9999 -9999 -9999 -9999 -9999 -9999 -9999 -9999 -9999
3.71086716651917 3.72260141372681 3.72225141525269 3.72255682945251 3.65552973747253 3.6220588684082 3.59647703170776 3.54068922996521 3.54475426673889 3.53944993019104 3.53848743438721 3.49865460395813 3.49884247779846 3.49276638031006 3.50548839569092 3.65604615211487 3.72494602203369 3.72070717811584 3.89562296867371 4.28008556365967 3.96028256416321 4.02348947525024 4.16714334487915 4.0242600440979 4.29952812194824 4.51746129989624 4.67402029037476 5.07761144638062 5.51291275024414 5.34200525283813 4.7216010093689 4.52166271209717 4.22250843048096 -9999 -9999 -9999 -9999 -9999 -9999 -9999 -9999 -9999 -9999 -9999 -9999 -9999 -9999 -9999 -9999 -9999 -9999 -9999 -9999 -9999 -9999 -9999 -9999
3.72334790229797 3.7226026058197 3.72121906280518 3.72185492515564 3.65501999855042 3.62330532073975 3.54210710525513 3.54067730903625 3.53890323638916 3.50066733360291 3.49869537353516 3.4650936126709 3.54191374778748 3.7161066532135 3.81210231781006 4.9775071144104 5.32375621795654 4.89251375198364 5.81222772598267 7.7948431968689 7.03279495239258 6.05073642730713 6.05141305923462 5.07380247116089 4.97398376464844 4.71979522705078 4.51694822311401 4.51904392242432 4.28500413894653 4.28564977645874 4.17284488677979 -9999 -9999 -9999 -9999 -9999 -9999 -9999 -9999 -9999 -9999 -9999 -9999 -9999 -9999 -9999 -9999 -9999 -9999 -9999 -9999 -9999 -9999 -9999 -9999 -9999 -9999
3.72251582145691 3.72191953659058 3.65670466423035 3.65611219406128 3.60825800895691 3.54074621200562 3.53866648674011 3.498774766922 2.83436155319214 3.54237151145935 3.72195935249329 4.02729654312134 5.0794095993042 5.5274338722229 6.46656274795532 6.4616322517395 6.05649948120117 4.97158336639404 6.04349994659424 7.82008647918701 7.0627269744873 5.81000089645386 6.04884576797485 5.5111403465271 5.07652616500854 5.30038166046143 5.07599496841431 4.37440729141235 -9999 -9999 -9999 -9999 -9999 -9999 -9999 -9999 -9999 -9999 -9999 -9999 -9999 -9999 -9999 -9999 -9999 -9999 -9999 -9999 -9999 -9999 -9999 -9999 -9999 -9999 -9999 -9999 -9999
3.72314023971558 3.65662002563477 3.60972046852112 3.59643363952637 3.59645819664001 3.59793925285339 3.54139375686646 3.65665912628174 3.7237069606781 4.5183277130127 5.22660064697266 5.18159055709839 6.07349872589111 5.64415836334229 7.04709434509277 7.84639978408813 7.03383302688599 6.47161626815796 7.08462381362915 7.82878446578979 6.51156997680664 7.01230144500732 5.51482629776001 5.33285093307495 4.51750659942627 5.07639408111572 -9999 -9999 -9999 -9999 -9999 -9999 -9999 -9999 -9999 -9999 -9999 -9999 -9999 -9999 -9999 -9999 -9999 -9999 -9999 -9999 -9999 -9999 -9999 -9999 -9999 -9999 -9999 -9999 -9999 -9999 -9999
3.72188568115234 3.62305092811584 3.65739822387695 3.69967818260193 3.72143626213074 3.6910080909729 3.73407936096191 4.10448551177979 5.78995800018311 8.95281028747559 7.91470718383789 7.87955141067505 30.5677642822266 31.4757175445557 31.4604511260986 31.3934497833252 6.47515439987183 6.47995853424072 8.89802837371826 9.5779972076416 9.65718269348145 9.61528301239014 5.81817770004272 -9999 -9999 -9999 -9999 -9999 -9999 -9999 -9999 -9999 -9999 -9999 -9999 -9999 -9999 -9999 -9999 -9999 -9999 -9999 -9999 -9999 -9999 -9999 -9999 -9999 -9999 -9999 -9999 -9999 -9999 -9999 -9999 -9999 -9999
3.71646285057068 3.62283039093018 3.65763115882874 3.72126722335815 3.9499192237854 6.5222225189209 31.1445846557617 31.5321216583252 31.546422958374 31.53977394104 31.514720916748 25.6572227478027 31.5022315979004 31.4942073822021 31.4903221130371 25.6571063995361 7.09041786193848 6.47540092468262 5.90649175643921 5.62896585464478 -9999 -9999 -9999 -9999 -9999 -9999 -9999 -9999 -9999 -9999 -9999 -9999 -9999 -9999 -9999 -9999 -9999 -9999 -9999 -9999 -9999 -9999 -9999 -9999 -9999 -9999 -9999 -9999 -9999 -9999 -9999 -9999 -9999 -9999 -9999 -9999 -9999
3.74262809753418 3.77223324775696 3.71007990837097 3.79226779937744 31.502420425415 31.5911312103271 31.5864372253418 31.5976085662842 31.5804901123047 31.5502967834473 31.5766849517822 24.7556018829346 31.5182666778564 31.5222930908203 20.0809650421143 9.7932653427124 7.10705661773682 5.91505908966064 5.62817907333374 5.62850713729858 -9999 -9999 -9999 -9999 -9999 -9999 -9999 -9999 -9999 -9999 -9999 -9999 -9999 -9999 -9999 -9999 -9999 -9999 -9999 -9999 -9999 -9999 -9999 -9999 -9999 -9999 -9999 -9999 -9999 -9999 -9999 -9999 -9999 -9999 -9999 -9999 -9999
4.53034591674805 4.0427098274231 4.5276255607605 12.3986883163452 31.63649559021 31.6241798400879 31.6215972900391 9.81984329223633 7.97419118881226 5.09171485900879 5.08777713775635 4.98970890045166 5.54605913162231 6.53170776367188 8.86275768280029 17.8894958496094 17.8539619445801 7.90211343765259 5.63421201705933 -9999 -9999 -9999 -9999 -9999 -9999 -9999 -9999 -9999 -9999 -9999 -9999 -9999 -9999 -9999 -9999 -9999 -9999 -9999 -9999 -9999 -9999 -9999 -9999 -9999 -9999 -9999 -9999 -9999 -9999 -9999 -9999 -9999 -9999 -9999 -9999 -9999 -9999
7.33375120162964 11.1715364456177 18.0166091918945 14.8628854751587 31.3434658050537 9.06969165802002 5.3580584526062 5.23899030685425 5.55946588516235 5.67285871505737 7.9449405670166 20.1331462860107 30.9107780456543 30.8500995635986 30.6043758392334 31.358097076416 30.5912246704102 30.2176380157471 -9999 -9999 -9999 -9999 -9999 -9999 -9999 -9999 -9999 -9999 -9999 -9999 -9999 -9999 -9999 -9999 -9999 -9999 -9999 -9999 -9999 -9999 -9999 -9999 -9999 -9999 -9999 -9999 -9999 -9999 -9999 -9999 -9999 -9999 -9999 -9999 -9999 -9999 -9999
31.6808776855469 31.6595211029053 28.756290435791 11.0955839157104 11.0650415420532 10.9856195449829 8.88156127929688 15.9351072311401 30.8008422851562 31.359582901001 31.4923992156982 31.4715938568115 31.5334243774414 31.1952877044678 30.8176155090332 30.6344470977783 30.8246421813965 -9999 -9999 -9999 -9999 -9999 -9999 -9999 -9999 -9999 -9999 -9999 -9999 -9999 -9999 -9999 -9999 -9999 -9999 -9999 -9999 -9999 -9999 -9999 -9999 -9999 -9999 -9999 -9999 -9999 -9999 -9999 -9999 -9999 -9999 -9999 -9999 -9999 -9999 -9999 -9999
31.6893348693848 31.7271060943604 30.9844970703125 31.5096492767334 31.1617946624756 31.7768115997314 31.6148853302002 31.1747093200684 31.5002193450928 31.4625053405762 31.4893550872803 31.6299343109131 31.6232967376709 31.6057319641113 31.5637855529785 31.5288162231445 31.4140167236328 -9999 -9999 -9999 -9999 -9999 -9999 -9999 -9999 -9999 -9999 -9999 -9999 -9999 -9999 -9999 -9999 -9999 -9999 -9999 -9999 -9999 -9999 -9999 -9999 -9999 -9999 -9999 -9999 -9999 -9999 -9999 -9999 -9999 -9999 -9999 -9999 -9999 -9999 -9999 -9999
31.6641654968262 31.719295501709 31.5167102813721 31.5968589782715 31.7021255493164 31.7033386230469 31.6980419158936 31.5786094665527 31.5211029052734 31.4821643829346 31.6810817718506 31.6290264129639 31.6333999633789 31.6298007965088 31.5969905853271 31.5825691223145 -9999 -9999 -9999 -9999 -9999 -9999 -9999 -9999 -9999 -9999 -9999 -9999 -9999 -9999 -9999 -9999 -9999 -9999 -9999 -9999 -9999 -9999 -9999 -9999 -9999 -9999 -9999 -9999 -9999 -9999 -9999 -9999 -9999 -9999 -9999 -9999 -9999 -9999 -9999 -9999 -9999
31.5565338134766 31.551851272583 31.5321025848389 31.6331958770752 31.6881713867188 31.6984558105469 31.7382793426514 31.6940879821777 31.7057285308838 31.6934223175049 31.6781425476074 31.6746730804443 31.6380577087402 -9999 -9999 -9999 -9999 -9999 -9999 -9999 -9999 -9999 -9999 -9999 -9999 -9999 -9999 -9999 -9999 -9999 -9999 -9999 -9999 -9999 -9999 -9999 -9999 -9999 -9999 -9999 -9999 -9999 -9999 -9999 -9999 -9999 -9999 -9999 -9999 -9999 -9999 -9999 -9999 -9999 -9999 -9999 -9999
31.7295894622803 31.735408782959 31.7325668334961 31.7312927246094 31.7341251373291 31.7256183624268 31.7223834991455 31.7225093841553 31.711124420166 -9999 -9999 -9999 -9999 -9999 -9999 -9999 -9999 -9999 -9999 -9999 -9999 -9999 -9999 -9999 -9999 -9999 -9999 -9999 -9999 -9999 -9999 -9999 -9999 -9999 -9999 -9999 -9999 -9999 -9999 -9999 -9999 -9999 -9999 -9999 -9999 -9999 -9999 -9999 -9999 -9999 -9999 -9999 -9999 -9999 -9999 -9999 -9999
