G_variables/Set1/RCP6_2100/Min_tem_max.asc
NCOLS 229 
NROWS 147 
XLLCORNER -101.25 
YLLCORNER 14.3333333333333 
CELLSIZE 0.0833333333333333 
NODATA_value -9999 
[rows 78 to 103 of 147, columns 171 to 227 of 229]
5.99501276016235 5.49313449859619 5.15845060348511 5.50452327728271 15.524302482605 16.7624416351318 10.3132581710815 11.6087627410889 4.87198400497437 3.74717092514038 3.64932107925415 3.61235475540161 3.54538464546204 3.54541063308716 3.54541611671448 3.5446503162384 3.54461121559143 3.5431694984436 3.54316711425781 3.54463863372803 3.54463219642639 3.56285047531128 3.54457473754883 3.54459738731384 -9999 -9999 -9999 -9999 -9999 -9999 -9999 -9999 -9999 -9999 -9999 -9999 -9999 -9999 -9999 -9999 -9999 -9999 -9999 -9999 -9999 -9999 -9999 -9999 -9999 -9999 -9999 -9999 -9999 -9999 -9999 -9999 -9999
5.99719715118408 5.38046073913574 5.1592869758606 11.2278232574463 10.1795177459717 8.07669830322266 4.55213260650635 4.70289850234985 3.74661064147949 3.72397589683533 3.54268741607666 3.54545331001282 3.54548931121826 3.54469561576843 3.54470324516296 3.54314184188843 3.54315638542175 3.56268835067749 3.56289100646973 3.54468131065369 3.54464435577393 3.56285905838013 3.54474449157715 3.55154538154602 3.54456567764282 -9999 -9999 -9999 -9999 -9999 -9999 -9999 -9999 -9999 -9999 -9999 -9999 -9999 -9999 -9999 -9999 -9999 -9999 -9999 -9999 -9999 -9999 -9999 -9999 -9999 -9999 -9999 -9999 -9999 -9999 -9999 -9999
5.46955156326294 5.1553635597229 5.52945947647095 11.252984046936 11.2006397247314 4.19953107833862 4.04079055786133 3.79228448867798 3.71070885658264 3.54339361190796 3.54547309875488 3.54545760154724 3.54467487335205 3.54467749595642 3.54473352432251 3.5446469783783 3.54464983940125 3.54467558860779 3.54466700553894 3.54475378990173 3.54476165771484 3.54464292526245 3.54547357559204 3.55479955673218 3.56294202804565 3.54476881027222 -9999 -9999 -9999 -9999 -9999 -9999 -9999 -9999 -9999 -9999 -9999 -9999 -9999 -9999 -9999 -9999 -9999 -9999 -9999 -9999 -9999 -9999 -9999 -9999 -9999 -9999 -9999 -9999 -9999 -9999 -9999
5.48907852172852 5.05813837051392 4.77460479736328 6.38538026809692 4.86359071731567 5.39459466934204 3.68567872047424 3.59542226791382 3.54281306266785 3.54543685913086 3.54473042488098 3.54471588134766 3.544677734375 3.54469537734985 3.54467916488647 3.54468441009521 3.54472351074219 3.54469442367554 3.5446925163269 3.53713631629944 3.53665399551392 3.53782439231873 3.54475140571594 3.54474830627441 3.5448694229126 3.54477906227112 3.5447690486908 -9999 -9999 -9999 -9999 -9999 -9999 -9999 -9999 -9999 -9999 -9999 -9999 -9999 -9999 -9999 -9999 -9999 -9999 -9999 -9999 -9999 -9999 -9999 -9999 -9999 -9999 -9999 -9999 -9999 -9999
5.96273708343506 5.97577333450317 4.77357149124146 4.33052778244019 5.06120300292969 6.00648546218872 3.68548536300659 3.54540801048279 3.54542303085327 3.54467272758484 3.56173872947693 3.544677734375 3.54468369483948 3.54472303390503 3.544673204422 3.54467725753784 3.54295969009399 3.49957036972046 3.50696396827698 3.53646326065063 3.54327702522278 3.54478335380554 3.54476118087769 3.54479455947876 3.54481101036072 3.54476499557495 3.5447473526001 -9999 -9999 -9999 -9999 -9999 -9999 -9999 -9999 -9999 -9999 -9999 -9999 -9999 -9999 -9999 -9999 -9999 -9999 -9999 -9999 -9999 -9999 -9999 -9999 -9999 -9999 -9999 -9999 -9999 -9999
7.06621170043945 6.09154272079468 7.1189169883728 5.36980295181274 6.37413692474365 5.16320133209229 3.72326707839966 3.54473733901978 3.56276726722717 3.5949695110321 3.5431010723114 3.54319357872009 3.54338717460632 3.54474925994873 3.54474020004272 3.53698873519897 3.53665375709534 3.49938821792603 3.49967932701111 3.53643202781677 3.53784799575806 3.5447895526886 3.54477763175964 3.54486656188965 3.54478716850281 3.54475855827332 3.54477763175964 3.54315137863159 -9999 -9999 -9999 -9999 -9999 -9999 -9999 -9999 -9999 -9999 -9999 -9999 -9999 -9999 -9999 -9999 -9999 -9999 -9999 -9999 -9999 -9999 -9999 -9999 -9999 -9999 -9999 -9999 -9999
5.94493675231934 5.50320053100586 8.87572383880615 5.84273433685303 4.7735767364502 4.30995798110962 3.54326486587524 3.54386615753174 3.54322814941406 3.54467248916626 3.54322814941406 3.54339528083801 3.54261779785156 3.54467844963074 3.54468512535095 3.54480385780334 3.54479193687439 3.54148864746094 3.50388431549072 3.50707292556763 3.53801012039185 3.54495882987976 3.54485702514648 3.54483461380005 3.54309487342834 3.56277370452881 3.54484796524048 3.54474210739136 3.54471230506897 3.54468750953674 3.54481148719788 3.54469013214111 -9999 -9999 -9999 -9999 -9999 -9999 -9999 -9999 -9999 -9999 -9999 -9999 -9999 -9999 -9999 -9999 -9999 -9999 -9999 -9999 -9999 -9999 -9999 -9999 -9999
4.54102182388306 4.32534646987915 3.94936800003052 3.70964336395264 3.65222382545471 3.59495043754578 3.54477334022522 3.54470539093018 3.54473471641541 3.56293988227844 3.54347896575928 3.54339027404785 3.54471755027771 3.54469037055969 3.54480814933777 3.54357504844666 3.55467009544373 3.54347276687622 3.53657197952271 3.53720903396606 3.5448534488678 3.54484605789185 3.54485750198364 3.54315805435181 3.54258322715759 3.54313564300537 3.54331254959106 3.56272792816162 3.54475998878479 3.5447633266449 3.56267476081848 3.56173729896545 3.54327297210693 3.54324841499329 3.56164145469666 3.54295349121094 3.65033745765686 3.72062587738037 3.72072386741638 -9999 -9999 -9999 -9999 -9999 -9999 -9999 -9999 -9999 -9999 -9999 -9999 -9999 -9999 -9999 -9999 -9999 -9999
4.58081436157227 4.54680871963501 3.84783148765564 3.70843529701233 3.64779353141785 3.54475998878479 3.54472517967224 3.5447244644165 3.54476094245911 3.54469203948975 3.54468393325806 3.5447096824646 3.54484415054321 3.54351043701172 3.54346227645874 3.5433931350708 3.54488039016724 3.54367518424988 3.54286599159241 3.54508328437805 3.54484391212463 3.54484915733337 3.5448043346405 3.55291247367859 3.54301381111145 3.54295349121094 3.54258370399475 3.54310584068298 3.54333257675171 3.5432870388031 3.54328083992004 3.5617733001709 3.54328536987305 3.54323244094849 3.61673307418823 3.65003490447998 3.72165155410767 3.72599625587463 3.72441053390503 3.72632575035095 3.73848295211792 3.73856377601624 3.7404351234436 -9999 -9999 -9999 -9999 -9999 -9999 -9999 -9999 -9999 -9999 -9999 -9999 -9999 -9999
4.54221868515015 4.54378747940063 3.84789633750916 3.61336994171143 3.59531116485596 3.54468512535095 3.54475831985474 3.54477739334106 3.54480862617493 3.54475283622742 3.54489183425903 3.54482769966125 3.54489946365356 3.54355931282043 3.54368805885315 3.54483032226562 3.54369688034058 3.54360699653625 3.5448784828186 3.54318809509277 3.56282806396484 3.54485869407654 3.5628023147583 3.55103445053101 3.54397487640381 3.54317617416382 3.5478093624115 3.56186294555664 3.54329323768616 3.59587621688843 3.61921691894531 3.56152129173279 3.5430109500885 3.54262566566467 3.64983701705933 3.73307800292969 3.69300079345703 3.70080375671387 3.69997358322144 3.7393057346344 3.72888040542603 3.73103070259094 3.69904756546021 3.69913077354431 -9999 -9999 -9999 -9999 -9999 -9999 -9999 -9999 -9999 -9999 -9999 -9999 -9999
5.46240043640137 4.68309736251831 3.71087121963501 3.56277465820312 3.54472804069519 3.54471921920776 3.54479050636292 3.5447895526886 3.54486274719238 3.54487895965576 3.54494094848633 3.54488182067871 3.54489183425903 3.54485702514648 3.54486966133118 3.54484844207764 3.54483342170715 3.5450394153595 3.54341292381287 3.59589195251465 3.54260659217834 3.53685545921326 3.56280040740967 3.54339408874512 3.5431272983551 3.56187629699707 3.5447678565979 3.54400300979614 3.5431227684021 3.59590935707092 3.61635398864746 3.73186898231506 3.72211885452271 3.72207856178284 3.72237801551819 3.70105385780334 3.80360007286072 3.83569288253784 3.78112554550171 3.73935222625732 3.73926329612732 3.73096060752869 3.74079251289368 3.70638012886047 3.70602822303772 -9999 -9999 -9999 -9999 -9999 -9999 -9999 -9999 -9999 -9999 -9999 -9999
27.545337677002 7.06629276275635 4.03658628463745 3.54379606246948 3.5447108745575 3.56296181678772 3.56307291984558 3.54488444328308 3.54494428634644 3.54493689537048 3.54494619369507 3.54491591453552 3.54483318328857 3.54482340812683 3.54492878913879 3.54489135742188 3.54487705230713 3.54481434822083 3.54335808753967 3.54309463500977 3.54260230064392 3.54439926147461 3.54340171813965 3.54342150688171 3.5434205532074 3.56189274787903 3.55634784698486 3.55594706535339 3.54408097267151 3.71788740158081 3.70982599258423 3.74168181419373 3.7221155166626 3.69296789169312 3.68570017814636 3.7090208530426 3.8857409954071 3.95026397705078 3.86177754402161 3.73755621910095 3.70753741264343 3.70716977119446 3.68614411354065 3.71244931221008 3.72647190093994 3.690833568573 -9999 -9999 -9999 -9999 -9999 -9999 -9999 -9999 -9999 -9999 -9999
20.0331439971924 5.91030836105347 4.03584051132202 3.59733581542969 3.56308507919312 3.56309771537781 3.56307482719421 3.54485058784485 3.54482674598694 3.54488134384155 3.54489517211914 3.5449070930481 3.54491066932678 3.54488086700439 3.54486608505249 3.54489636421204 3.54487776756287 3.54425859451294 3.56279945373535 3.54338693618774 3.54322171211243 3.54349255561829 3.54350614547729 3.54336667060852 3.54336786270142 3.54324197769165 3.55024933815002 3.54579615592957 3.61609482765198 3.70185518264771 3.70949363708496 3.72933316230774 3.71941804885864 3.72249364852905 3.70136904716492 3.74016523361206 3.88462400436401 3.95012784004211 4.02261209487915 3.94835734367371 3.88231039047241 3.77932405471802 3.70004034042358 3.77823090553284 3.8000762462616 3.8012957572937 -9999 -9999 -9999 -9999 -9999 -9999 -9999 -9999 -9999 -9999 -9999
4.75818920135498 3.89838051795959 3.80949521064758 3.64801096916199 3.54377675056458 3.54408979415894 3.54481244087219 3.54483413696289 3.54482483863831 3.54482579231262 3.54484534263611 3.54490780830383 3.54489254951477 3.54491662979126 3.54488110542297 3.54422473907471 3.54422760009766 3.54430532455444 3.54340672492981 3.54348921775818 3.54345798492432 3.5434262752533 3.54345631599426 3.54339289665222 3.54307818412781 3.5612895488739 3.56128239631653 3.5424816608429 3.61720609664917 3.69306111335754 4.02982330322266 3.83946704864502 3.72578907012939 3.72565293312073 3.70154333114624 3.86291694641113 6.7962760925293 23.6193389892578 30.022834777832 22.0978736877441 12.7555694580078 4.21598863601685 3.736492395401 4.54768943786621 5.08067798614502 4.54676675796509 3.80107831954956 -9999 -9999 -9999 -9999 -9999 -9999 -9999 -9999 -9999 -9999
4.10450792312622 3.70777249336243 3.72083783149719 3.72083520889282 3.54360127449036 3.54366326332092 3.54481029510498 3.56324553489685 3.54480361938477 3.56324601173401 3.54481244087219 3.54481816291809 3.5431489944458 3.54314255714417 3.54425430297852 3.54322552680969 3.54336786270142 3.54342532157898 3.54346060752869 3.54358577728271 3.54343628883362 3.54340481758118 3.5430862903595 3.54307126998901 3.54271101951599 3.54339146614075 3.61611318588257 3.61604785919189 3.61563682556152 3.71996998786926 3.89053392410278 3.69292068481445 3.73407077789307 3.70143342018127 3.8191180229187 19.2647094726562 31.5879821777344 31.5957145690918 31.5998363494873 30.6718711853027 8.59921646118164 4.2164740562439 3.85987377166748 5.0776309967041 26.7567443847656 24.927152633667 5.13056564331055 6.85472726821899 -9999 -9999 -9999 -9999 -9999 -9999 -9999 -9999 -9999
4.2287712097168 3.65082621574402 3.54361605644226 3.54364204406738 3.54360198974609 3.56304407119751 3.5434422492981 3.54372692108154 3.56326651573181 3.54422211647034 3.54423809051514 3.54323363304138 3.54318881034851 3.54329323768616 3.56190967559814 3.54342436790466 3.54345297813416 3.5434353351593 3.56189656257629 3.56193423271179 3.56162714958191 3.5430703163147 3.54276275634766 3.61804342269897 3.64986157417297 3.64975118637085 3.64937710762024 3.64864611625671 3.72489643096924 3.7312650680542 3.80510759353638 3.78165054321289 3.7081298828125 3.95114040374756 6.72069358825684 31.545431137085 31.5576248168945 31.5632343292236 31.5685443878174 6.67306280136108 4.29313182830811 4.37873649597168 4.31382703781128 5.07528400421143 31.6134262084961 31.6147975921631 6.84958362579346 4.85927295684814 4.54791784286499 -9999 -9999 -9999 -9999 -9999 -9999 -9999 -9999
3.89817976951599 3.65024900436401 3.56265306472778 3.5433452129364 3.54325366020203 3.54320573806763 3.54387640953064 3.54291772842407 3.54481434822083 3.56146097183228 3.54299306869507 3.54301142692566 3.54313516616821 3.54291915893555 3.56168150901794 3.54319381713867 3.54320096969604 3.5431854724884 3.56139898300171 3.54254531860352 3.54244065284729 3.56047654151917 3.59544563293457 3.72377228736877 3.72393274307251 3.72106981277466 3.72896504402161 3.72358107566833 3.71970582008362 3.72018098831177 3.80492639541626 3.78177237510681 3.86267018318176 9.6187915802002 13.9852571487427 31.3179759979248 29.7753658294678 8.52175140380859 4.31314325332642 4.7860369682312 5.18362045288086 4.86376905441284 4.78249454498291 4.7815203666687 14.0712556838989 15.5628995895386 4.77893018722534 3.88485336303711 3.72320699691772 -9999 -9999 -9999 -9999 -9999 -9999 -9999 -9999
9.64136409759521 3.7853307723999 3.54332137107849 3.72048687934875 3.72247385978699 3.54320669174194 3.54326725006104 3.54282212257385 3.5483934879303 3.54268431663513 3.56135511398315 3.54262542724609 3.54262375831604 3.54287457466125 3.54288244247437 3.54288935661316 3.54287505149841 3.54285049438477 3.54351544380188 3.56076526641846 3.54179525375366 3.59498643875122 3.71972703933716 3.70000195503235 3.70046401023865 3.7267439365387 3.73984670639038 3.73950409889221 3.71849370002747 3.73136186599731 3.728679895401 3.72854042053223 3.93829083442688 6.03476190567017 6.05290031433105 5.18661499023438 19.8092269897461 13.8214311599731 5.49806022644043 5.88214588165283 5.41078424453735 4.78050947189331 5.50119352340698 5.89405107498169 5.35001516342163 4.77577495574951 3.69980072975159 3.6119270324707 3.61076736450195 3.53668093681335 -9999 -9999 -9999 -9999 -9999 -9999 -9999
16.9452838897705 4.75867938995361 3.61595606803894 3.70852446556091 3.71965384483337 3.54631638526917 3.54439163208008 3.54477310180664 3.54492282867432 3.55069828033447 3.54326725006104 3.56123328208923 3.54262089729309 3.54262042045593 3.54263305664062 3.56129336357117 3.54223442077637 3.54199695587158 3.56193470954895 3.56155157089233 3.61557149887085 3.69411730766296 3.70032572746277 3.69962549209595 3.7399959564209 3.73975610733032 3.80513834953308 3.80494618415833 3.83705639839172 3.82119870185852 3.70801568031311 3.72837948799133 3.83452439308167 4.70086002349854 29.7977733612061 31.4593753814697 31.4641590118408 11.9665155410767 11.957878112793 13.6344776153564 8.36323833465576 5.17124366760254 5.17178821563721 5.48505115509033 5.49339151382446 3.72646188735962 3.55547094345093 3.5883572101593 3.5305597782135 3.71591830253601 3.71542549133301 -9999 -9999 -9999 -9999 -9999 -9999
10.5457582473755 3.78370547294617 3.54355263710022 3.6501145362854 3.64900016784668 3.54354667663574 3.54331159591675 3.54414129257202 3.54711484909058 3.55211591720581 3.5432116985321 3.54199552536011 3.5425226688385 3.54183340072632 3.56173181533813 3.54299235343933 3.54148316383362 3.54264283180237 3.54309058189392 3.56107258796692 3.59439253807068 3.70018100738525 3.70828008651733 3.70824027061462 3.75177001953125 3.80493903160095 3.7006733417511 5.89005470275879 28.1709442138672 13.4094142913818 3.86226534843445 3.88722372055054 7.4313645362854 9.38375663757324 29.4640216827393 30.794059753418 31.4368801116943 7.36889410018921 31.4477939605713 31.4537734985352 13.4227085113525 4.85618209838867 3.73718547821045 3.73663902282715 3.69204831123352 3.49814343452454 3.53257465362549 3.53678774833679 3.58820414543152 3.68660092353821 3.7523500919342 -9999 -9999 -9999 -9999 -9999 -9999
3.72100424766541 3.61516666412354 3.5424747467041 3.54243898391724 3.54215455055237 3.54226016998291 3.54249477386475 3.54235458374023 3.54592156410217 3.56055498123169 3.54158115386963 3.54663896560669 3.54414892196655 3.54265594482422 3.61610794067383 3.72032237052917 3.6500244140625 3.65358781814575 3.64943885803223 3.71973299980164 3.71977949142456 3.71986198425293 3.71596932411194 3.70788955688477 3.83767628669739 3.82263660430908 3.7283980846405 5.17818737030029 11.502158164978 7.26512765884399 4.78385305404663 11.5706424713135 31.3901481628418 31.2125205993652 5.11890316009521 4.02373170852661 4.16986417770386 4.77781581878662 25.7330226898193 24.7161865234375 3.95099329948425 3.61143183708191 3.49814653396606 3.70575857162476 3.70093297958374 3.46227645874023 3.57896542549133 3.53626942634583 3.64693140983582 3.75183272361755 3.74236845970154 3.61123609542847 -9999 -9999 -9999 -9999 -9999
3.64991068840027 3.72098445892334 3.64993166923523 3.64944052696228 3.61523032188416 3.5953528881073 3.54217290878296 3.54386210441589 3.54546332359314 3.55044150352478 3.54355907440186 3.54366850852966 3.55066180229187 3.56119656562805 3.71997952461243 3.7242419719696 3.72160625457764 3.69815039634705 3.80477571487427 3.80459785461426 3.71517181396484 3.72307109832764 3.72558665275574 3.73924469947815 3.82311129570007 3.80351638793945 3.80392122268677 3.80371069908142 3.8617901802063 4.02604055404663 4.86286401748657 8.10164833068848 9.14950370788574 5.32492160797119 3.71429038047791 3.64741706848145 3.53498840332031 3.64742279052734 3.7170684337616 3.71731615066528 3.53330945968628 3.49148797988892 3.49790167808533 3.71946263313293 3.78315162658691 3.72404432296753 3.64843201637268 3.7537260055542 3.74170279502869 3.74798560142517 3.61349391937256 3.6479160785675 -9999 -9999 -9999 -9999 -9999
3.64883637428284 3.72098445892334 3.71015858650208 3.72464537620544 3.65019774436951 3.59537839889526 3.54379177093506 3.54364347457886 3.54349756240845 3.64964246749878 3.64998984336853 3.54341816902161 3.54342412948608 3.61768221855164 3.72030162811279 3.6506040096283 3.72150802612305 3.6898832321167 3.80576586723328 3.80629348754883 3.82600879669189 3.83935356140137 3.83894515037537 3.7287437915802 3.70794677734375 3.82162427902222 3.76495242118835 3.71437788009644 3.88695359230042 4.09702730178833 3.72753262519836 3.7257616519928 3.71829104423523 3.53847432136536 3.5338032245636 3.49923896789551 3.4628632068634 3.49812126159668 3.49816846847534 3.49815344810486 3.53737664222717 3.64852547645569 3.53332114219666 3.50352311134338 3.73820853233337 3.7242169380188 3.71600008010864 3.74224185943604 3.75313949584961 3.75329279899597 3.71565985679626 3.64758849143982 3.75362491607666 -9999 -9999 -9999 -9999
3.72098183631897 3.7219774723053 3.7209780216217 3.72095966339111 3.61567735671997 3.59518837928772 3.59514975547791 3.59510803222656 3.59589958190918 3.65097713470459 3.6508994102478 3.59472060203552 3.72041034698486 3.72444105148315 3.72430777549744 3.72230792045593 3.69811248779297 3.72771883010864 3.72779035568237 3.80506658554077 3.86458301544189 3.83832430839539 3.83792328834534 3.73993849754333 3.72814226150513 3.86320614814758 3.72791171073914 3.53859806060791 3.59272599220276 3.60045123100281 3.53637981414795 3.53631401062012 3.53914475440979 3.49934840202332 3.53355741500854 3.49818515777588 3.53453397750854 3.53445434570312 3.53437733650208 2.83949685096741 3.53610515594482 3.60055446624756 3.49770069122314 3.53534507751465 3.7162652015686 3.64942216873169 3.71600818634033 3.71850562095642 3.74188375473022 3.74086976051331 3.71932530403137 3.71540880203247 3.71558809280396 3.71567440032959 -9999 -9999 -9999
3.64994120597839 3.72199892997742 3.72216105461121 3.60835552215576 3.59648561477661 3.59599566459656 3.59688282012939 3.59848427772522 3.54305100440979 3.54335188865662 3.72321271896362 3.72453594207764 3.69690203666687 3.80352783203125 3.78237533569336 3.70760846138 3.73938393592834 3.9411313533783 3.94131970405579 3.82507729530334 3.86442804336548 3.78156971931458 3.77032899856567 3.78091812133789 3.71734619140625 3.7174277305603 3.59328961372375 3.49915981292725 3.49935793876648 3.50339245796204 3.49935817718506 3.49935388565063 3.49342846870422 3.49913358688354 3.49815344810486 3.46229887008667 3.53437805175781 3.55520343780518 3.53659415245056 3.49770474433899 3.53329968452454 3.53333902359009 3.49778127670288 3.53556323051453 3.6129105091095 3.5885157585144 3.53535223007202 3.53662204742432 3.53627276420593 3.54887056350708 3.71556735038757 3.71549606323242 3.53553509712219 3.55236792564392 -9999 -9999 -9999
3.61521029472351 3.65055131912231 3.61660242080688 3.61975359916687 3.61856365203857 3.60455751419067 3.6235408782959 3.62104606628418 3.59470725059509 3.86386203765869 3.74909567832947 3.78199887275696 4.66912603378296 4.75317430496216 4.02299880981445 3.72795820236206 3.73931550979614 3.88945293426514 3.88950276374817 3.74042391777039 3.72531604766846 3.72112655639648 3.73980474472046 3.70784449577332 3.54007577896118 3.53503274917603 3.49932909011841 3.49926161766052 3.49936079978943 3.49935340881348 3.46229076385498 3.46227812767029 3.49791646003723 3.46230578422546 3.3984363079071 2.85274028778076 2.8339831829071 3.53346538543701 3.53453040122986 3.5361270904541 3.53855466842651 3.53590321540833 3.53698253631592 3.53540778160095 3.53568005561829 3.53571534156799 3.53588318824768 3.49652934074402 3.4977126121521 3.53317046165466 3.61399960517883 3.64971208572388 3.65147757530212 3.64669156074524 3.53335952758789 -9999 -9999
