G_variables/Set1/RCP6_2100/Min_tem_max.asc
NCOLS 229 
NROWS 147 
XLLCORNER -101.25 
YLLCORNER 14.3333333333333 
CELLSIZE 0.0833333333333333 
NODATA_value -9999 
[rows 26 to 51 of 147, columns 57 to 113 of 229]
-9999 -9999 -9999 -9999 -9999 -9999 -9999 -9999 -9999 -9999 -9999 -9999 -9999 -9999 -9999 -9999 -9999 -9999 -9999 -9999 -9999 -9999 -9999 -9999 -9999 -9999 -9999 -9999 -9999 4.02851390838623 4.02847051620483 4.02807950973511 4.02826976776123 3.97981476783752 2.86581492424011 4.01649904251099 4.02551126480103 4.02506494522095 4.02516078948975 4.02519702911377 4.02471351623535 4.02467012405396 4.02470922470093 4.02438116073608 4.0244288444519 4.02316808700562 4.02283143997192 4.02290487289429 4.02397346496582 4.02367210388184 4.02376985549927 4.0239725112915 4.02371835708618 4.02392387390137 4.02399063110352 4.02393627166748 4.02398538589478
-9999 -9999 -9999 -9999 -9999 -9999 -9999 -9999 -9999 -9999 -9999 -9999 -9999 -9999 -9999 -9999 -9999 -9999 -9999 -9999 -9999 -9999 -9999 -9999 -9999 -9999 -9999 -9999 4.02940130233765 4.02869558334351 4.02866888046265 4.02876806259155 4.02846574783325 4.01713895797729 4.02841520309448 4.02802705764771 4.02800941467285 4.02801656723022 4.02763795852661 4.0276026725769 4.02750682830811 4.02723836898804 4.02719640731812 4.02727508544922 4.02704572677612 4.02706480026245 4.02706384658813 4.02553224563599 4.02409315109253 4.02426099777222 4.02415704727173 4.02397203445435 4.02412700653076 4.02427339553833 4.02414989471436 4.02417182922363 4.02440786361694
-9999 -9999 -9999 -9999 -9999 -9999 -9999 -9999 -9999 -9999 -9999 -9999 -9999 -9999 -9999 -9999 -9999 -9999 -9999 -9999 -9999 -9999 -9999 -9999 -9999 -9999 -9999 -9999 4.02983045578003 4.02981472015381 4.02980518341064 4.02994251251221 4.0296106338501 4.0295238494873 4.02974653244019 4.02980184555054 4.02928352355957 4.02953338623047 4.0284857749939 4.02815437316895 4.02821397781372 4.02783584594727 4.02780342102051 4.02792453765869 4.02765989303589 4.02759170532227 4.02774953842163 4.0275182723999 4.02746295928955 4.02760219573975 4.0260796546936 4.02590942382812 4.02465295791626 4.02459144592285 4.02446317672729 4.02466726303101 4.02474212646484
-9999 -9999 -9999 -9999 -9999 -9999 -9999 -9999 -9999 -9999 -9999 -9999 -9999 -9999 -9999 -9999 -9999 -9999 -9999 -9999 -9999 -9999 -9999 -9999 -9999 -9999 -9999 4.03004455566406 4.02993297576904 4.03009366989136 4.03019857406616 4.03006982803345 4.02999353408813 4.02992963790894 4.02987098693848 4.02992916107178 4.02956867218018 4.0298433303833 4.02998971939087 4.02901744842529 4.02897071838379 4.0287766456604 4.02866411209106 4.02866268157959 4.02856063842773 4.02847385406494 4.02790927886963 4.02783155441284 4.02784204483032 4.02797937393188 4.02765417098999 4.02757120132446 4.0276141166687 4.02614450454712 4.0260763168335 4.02621555328369 4.02460384368896
-9999 -9999 -9999 -9999 -9999 -9999 -9999 -9999 -9999 -9999 -9999 -9999 -9999 -9999 -9999 -9999 -9999 -9999 -9999 -9999 -9999 -9999 -9999 -9999 -9999 -9999 -9999 4.03397274017334 4.03233957290649 4.03217506408691 4.03211736679077 4.03214263916016 4.03168249130249 4.0317006111145 4.03167200088501 4.03117322921753 4.03119611740112 4.03135585784912 4.03087997436523 4.03083419799805 4.03106164932251 4.02904939651489 4.02903127670288 4.02896118164062 4.02880144119263 4.02872705459595 4.02880620956421 4.02864933013916 4.02855348587036 4.02866458892822 4.02848052978516 4.02842378616333 4.02991962432861 4.03198480606079 4.02783250808716 4.02803039550781 4.02631998062134
4.17125272750854 4.12464380264282 4.08838224411011 4.12431573867798 -9999 -9999 -9999 -9999 -9999 -9999 -9999 -9999 -9999 -9999 -9999 -9999 -9999 -9999 -9999 -9999 -9999 -9999 -9999 -9999 -9999 -9999 4.02400684356689 4.03508615493774 4.03487873077393 4.03501176834106 4.03500556945801 4.03467130661011 4.03470611572266 4.03456592559814 4.03423166275024 4.03432464599609 4.03419256210327 4.03387784957886 4.03407192230225 4.03397750854492 4.03365898132324 4.03392314910889 4.0338249206543 4.03159284591675 4.03189659118652 4.03182888031006 4.03145122528076 4.03170585632324 4.03163719177246 4.03123474121094 4.03149175643921 4.03140830993652 4.03101682662964 4.03126430511475 4.03118753433228 4.03090715408325 4.03119993209839
4.17142677307129 4.12499904632568 4.12502241134644 4.08902788162231 4.06640672683716 4.04088354110718 4.03427934646606 4.02062320709229 4.00700283050537 -9999 -9999 -9999 -9999 -9999 -9999 -9999 -9999 -9999 -9999 -9999 -9999 -9999 -9999 -9999 -9999 -9999 4.03531408309937 4.02420949935913 4.0244345664978 4.03516244888306 4.03514194488525 4.03496503829956 4.03479337692261 4.03471040725708 4.03460741043091 4.03442907333374 4.03438282012939 4.03432083129883 4.03421258926392 4.03417348861694 4.03417825698853 4.03406238555908 4.02299642562866 4.03406620025635 4.03394985198975 4.03389978408813 4.03517723083496 4.03377771377563 4.03374290466309 4.03398036956787 4.03357791900635 4.03470373153687 4.03357315063477 4.03338050842285 4.03192949295044 4.03201818466187 4.03185653686523
4.20664358139038 4.14126443862915 4.1252589225769 4.12505054473877 4.08396911621094 4.03436231613159 4.01737260818481 4.02093648910522 4.02111530303955 4.00916385650635 4.00918769836426 4.02563238143921 4.02279376983643 -9999 -9999 -9999 -9999 -9999 -9999 -9999 -9999 -9999 -9999 -9999 -9999 4.03564214706421 4.03550243377686 4.0354585647583 4.03555297851562 4.02448320388794 4.02437162399292 4.0244026184082 4.03506374359131 4.03500461578369 4.03499507904053 4.03473806381226 4.03471565246582 4.03478240966797 4.03459787368774 4.03462409973145 4.02368545532227 4.03449678421021 4.02355718612671 4.0358567237854 4.03444528579712 4.03446865081787 4.03452014923096 4.03450918197632 4.04082250595093 4.03439331054688 4.03888082504272 4.03852844238281 4.03428983688354 4.03408861160278 4.03401756286621 4.0341944694519 4.03397607803345
4.08953237533569 4.12616443634033 4.12570285797119 4.08928918838501 4.06691789627075 4.02558183670044 4.02021503448486 4.01568794250488 4.0209002494812 4.01002264022827 4.01157331466675 4.0255880355835 4.02557277679443 4.02447414398193 4.02964019775391 4.02878618240356 4.02882623672485 4.03578233718872 -9999 -9999 -9999 -9999 -9999 -9999 -9999 4.03609895706177 4.03599405288696 4.03609132766724 4.03588724136353 4.03595638275146 4.03588819503784 4.03572654724121 4.03575706481934 4.0246000289917 4.02433586120605 4.03553009033203 4.03539752960205 4.03520965576172 4.03546380996704 4.03536128997803 4.0352087020874 4.03551530838013 4.02442073822021 4.03521013259888 4.03554964065552 4.03555488586426 4.03574085235596 4.03564214706421 4.0362696647644 4.03521013259888 4.0355372428894 4.03557205200195 4.03516340255737 4.03533697128296 4.03532314300537 4.03500270843506 4.03531312942505
4.12616682052612 4.12596797943115 4.12627792358398 4.07814121246338 4.04129695892334 4.02018260955811 4.02022457122803 4.01117706298828 4.01119232177734 4.01020050048828 4.010573387146 4.01243114471436 4.01234292984009 4.02625560760498 4.01471710205078 4.02207231521606 4.03016233444214 4.03608226776123 4.0367259979248 4.03800678253174 4.03729486465454 4.04171276092529 4.02509641647339 -9999 -9999 4.03739595413208 4.02532529830933 4.02553510665894 4.03692960739136 4.02511358261108 4.02528667449951 4.0367579460144 4.03579998016357 4.03588533401489 4.03594541549683 4.03567218780518 4.03567552566528 4.03589534759521 4.03564262390137 4.03566884994507 4.03595495223999 4.03569889068604 4.02479696273804 4.03610181808472 4.03581380844116 4.03597450256348 4.03636121749878 4.03582286834717 4.03596305847168 4.03755569458008 4.03585290908813 4.03580951690674 4.03606414794922 4.03571224212646 4.03566694259644 4.03602123260498 4.03574323654175
4.12692308425903 4.09015941619873 4.06706380844116 4.06711578369141 4.05151557922363 4.02018690109253 4.020188331604 4.01105642318726 4.01183128356934 4.01182413101196 4.01246023178101 4.01247596740723 4.01158475875854 4.02780771255493 4.02401065826416 4.02473878860474 4.02899408340454 4.03993034362793 4.04006671905518 4.04057312011719 4.04051685333252 4.04092168807983 4.03998422622681 4.04037618637085 4.04056692123413 4.04001522064209 4.04011535644531 4.04025506973267 4.03999662399292 4.02844285964966 4.02837944030762 4.03981685638428 4.03988933563232 4.0370078086853 4.03699111938477 4.03712511062622 4.03704166412354 4.037024974823 4.03716468811035 4.03717517852783 4.02549314498901 4.02577066421509 4.0380482673645 4.03793525695801 4.03702783584595 4.03705835342407 4.03688335418701 4.03709030151367 4.03725910186768 4.03693532943726 4.03704786300659 4.03707885742188 4.03689765930176 4.03699684143066 4.03671979904175 4.03687858581543 4.03768968582153
4.09006357192993 4.08488845825195 4.08993911743164 4.12697076797485 4.06720447540283 4.05113935470581 4.04152250289917 4.01636219024658 4.01042938232422 4.01166009902954 4.01187705993652 4.01377248764038 4.01289415359497 4.02778291702271 4.0285701751709 4.03081464767456 4.04197025299072 4.04013824462891 4.04021263122559 4.04563617706299 4.04111528396606 4.04152250289917 4.04015016555786 4.04037094116211 4.04036951065063 4.04039192199707 4.04058504104614 4.04087924957275 4.04037761688232 4.02871561050415 4.02869367599487 4.04016065597534 4.04018640518188 4.0401668548584 4.02864408493042 4.04018974304199 4.04031133651733 4.04025936126709 4.0403881072998 4.04041528701782 4.02883720397949 4.04069471359253 4.0407190322876 4.04077529907227 4.04098653793335 4.04096508026123 4.04489183425903 4.04450702667236 4.04062700271606 4.04046058654785 4.04045963287354 4.03888893127441 4.03877067565918 4.03843212127686 4.038405418396 4.03841400146484 4.03841400146484
4.0787992477417 4.07890033721924 4.08494472503662 4.12725591659546 4.05165672302246 4.06772661209106 4.04203414916992 4.01658248901367 4.01184558868408 4.01239585876465 4.01242733001709 4.01154279708862 4.01364278793335 4.0092077255249 4.02966403961182 4.03210783004761 4.04205846786499 4.04040908813477 4.04131698608398 4.04199934005737 4.04170703887939 4.04144763946533 4.04050827026367 4.04072666168213 4.04067945480347 4.04050922393799 4.04070949554443 4.04085922241211 4.02917385101318 4.04034996032715 4.04041337966919 4.04052639007568 4.04029703140259 4.04033136367798 4.04053115844727 4.04034852981567 4.04041814804077 4.04070043563843 4.04055643081665 4.04062986373901 4.04105091094971 4.04085922241211 4.04098415374756 4.04128074645996 4.04117202758789 4.04149532318115 4.04165649414062 4.0413236618042 4.0414662361145 4.04167079925537 4.04132461547852 4.04116106033325 4.04149103164673 4.04110717773438 4.04088020324707 4.03862714767456 4.03875207901001
4.08509969711304 4.08506679534912 4.05158567428589 4.05154609680176 4.04175710678101 4.03525495529175 4.04214668273926 4.02119255065918 4.02171087265015 4.02176809310913 4.02212047576904 4.01321363449097 4.00867652893066 4.01452016830444 4.02913808822632 4.04250574111938 4.0423846244812 4.03765201568604 4.04170513153076 4.04195022583008 4.04065084457397 4.04059076309204 4.04082822799683 4.04082202911377 4.0409083366394 4.04090118408203 4.04109144210815 4.04111862182617 4.04159593582153 4.04105234146118 4.04100704193115 4.04099225997925 4.04112768173218 4.04125356674194 4.04155778884888 4.04149770736694 4.04315614700317 4.04200744628906 4.04175329208374 4.04257440567017 4.04203462600708 4.04223299026489 4.04189348220825 4.04209852218628 4.04220247268677 4.04229784011841 4.04627847671509 4.04837703704834 4.04195499420166 4.04190015792847 4.04176950454712 4.04182577133179 4.04149627685547 4.04135751724243 4.04129886627197 4.04132604598999 4.04097986221313
4.12755727767944 4.09029388427734 4.06805753707886 4.05189371109009 4.05234098434448 4.05246019363403 4.02140378952026 4.02106475830078 4.03601503372192 4.02759504318237 4.01734113693237 4.01217460632324 4.01256132125854 4.01077175140381 4.02728319168091 4.03280973434448 4.04522228240967 4.04410219192505 4.04369783401489 4.04403638839722 4.04289579391479 4.04286289215088 4.04275465011597 4.03022289276123 4.04184103012085 4.04125165939331 4.0306921005249 4.04132890701294 4.03049755096436 4.03053140640259 4.04122543334961 4.01070499420166 4.04141139984131 4.04148101806641 4.04216241836548 4.04321384429932 4.0453839302063 4.04224634170532 4.04219198226929 4.04228162765503 4.04219388961792 4.04236221313477 4.04261493682861 4.04269504547119 4.04239320755005 4.0466103553772 4.04835653305054 4.04179716110229 4.04226493835449 4.04226350784302 4.04226398468018 4.04200887680054 4.04191303253174 4.04194307327271 4.04180002212524 4.04132652282715 4.04132604598999
4.12783432006836 4.07892465591431 4.06832027435303 4.06832313537598 4.05226612091064 4.03553819656372 4.02179193496704 4.03564500808716 4.02197551727295 4.02243900299072 4.01197385787964 4.01245594024658 4.01310300827026 4.03051280975342 4.03218269348145 4.03274345397949 4.04535675048828 4.04535436630249 4.04481935501099 4.04549360275269 4.04565143585205 4.04372501373291 4.04374647140503 4.03249454498291 4.04398202896118 4.04398488998413 3.98750519752502 4.04327011108398 4.04327964782715 4.04319429397583 4.03254413604736 3.98754835128784 4.04334878921509 4.04357528686523 4.04469203948975 4.04532718658447 4.04400491714478 4.03355312347412 4.04245710372925 4.0422830581665 4.04280281066895 4.04260587692261 4.04269599914551 4.04294347763062 4.04281282424927 4.04309844970703 4.04305362701416 4.04285335540771 4.04279947280884 4.04226446151733 4.04237174987793 4.0421724319458 4.04213094711304 4.04218053817749 4.04211473464966 4.04148483276367 4.04145431518555
4.07936334609985 4.06841993331909 4.06852388381958 4.06838321685791 4.05226993560791 4.05222940444946 4.04238271713257 4.02197456359863 4.01806640625 4.01319313049316 4.01387310028076 4.01316261291504 4.0146861076355 4.03082513809204 4.0323748588562 4.03361177444458 4.04571533203125 4.04621171951294 4.04553270339966 4.04468154907227 4.04586696624756 4.04437828063965 4.04418230056763 4.03268194198608 4.04417037963867 4.04439878463745 3.98785710334778 4.04454278945923 4.03297996520996 4.04469347000122 4.04466009140015 4.0331392288208 4.04485511779785 4.04496097564697 4.04497337341309 4.03376340866089 4.04469728469849 4.04465436935425 4.04442739486694 4.04466247558594 4.04571485519409 4.04485702514648 4.04495143890381 4.04490804672241 4.0447211265564 4.04507303237915 4.04513120651245 4.04483413696289 4.04456090927124 4.04440212249756 4.04451131820679 4.04426383972168 4.03157043457031 4.04218101501465 4.04211187362671 4.04211044311523 4.04170513153076
4.06855392456055 4.06864833831787 4.0529317855835 4.05327701568604 4.07961750030518 4.03608751296997 4.06897211074829 4.03654050827026 4.01825761795044 4.01450204849243 4.01500701904297 4.01316785812378 4.01126050949097 4.03075838088989 4.03309154510498 4.03364038467407 4.04668092727661 4.04554557800293 4.04595899581909 4.04673624038696 4.04611253738403 4.04457902908325 4.04438543319702 4.04439496994019 4.04440975189209 4.04440402984619 4.04473257064819 4.04477214813232 4.04466962814331 4.04478025436401 4.0448522567749 4.04476928710938 4.04508686065674 4.04522609710693 4.04542827606201 4.04541635513306 4.04548978805542 4.04553413391113 4.0455322265625 4.04578447341919 4.04560327529907 4.0459246635437 4.04603385925293 4.04568958282471 4.04551887512207 4.04534149169922 4.04502964019775 4.0451865196228 4.04478597640991 4.04469442367554 4.04470682144165 4.04466438293457 4.0441746711731 4.04394149780273 4.04387140274048 4.04387140274048 4.04372930526733
4.0686240196228 4.0856819152832 4.05275440216064 4.06873464584351 4.04313087463379 4.03654336929321 4.0365424156189 4.02242565155029 4.01368999481201 4.01879501342773 4.01289892196655 4.0115704536438 4.03272342681885 4.02996110916138 4.03522396087646 4.03534078598022 4.03569173812866 4.04682540893555 4.04579544067383 4.04751205444336 4.04751539230347 4.04858350753784 4.04439830780029 4.04463672637939 4.04464101791382 4.04474449157715 4.04473495483398 4.04477548599243 4.04492139816284 4.04477739334106 4.04484176635742 4.04521179199219 4.04508686065674 4.04522466659546 4.0455150604248 4.04541301727295 4.04560565948486 4.04555559158325 4.04582262039185 4.04584455490112 4.04957580566406 4.0460901260376 4.04629516601562 4.04642248153687 4.04629802703857 4.04634857177734 4.04623222351074 4.04599237442017 4.04597663879395 4.04605436325073 4.04548597335815 4.04544115066528 4.04462051391602 4.04423093795776 4.04387331008911 4.04446411132812 4.04434585571289
4.09074687957764 4.08569145202637 4.07973527908325 4.0689754486084 4.03621387481689 4.03650283813477 4.02209949493408 4.02194881439209 4.01358604431152 4.01392936706543 4.01389217376709 4.01172924041748 4.01255369186401 4.03424739837646 4.03367471694946 4.03614330291748 4.03634929656982 4.04836797714233 4.04882335662842 4.04638385772705 4.04665517807007 4.04508304595947 4.04461908340454 4.04474496841431 4.04474592208862 4.04474020004272 4.04494380950928 4.0449686050415 4.04490327835083 4.04489898681641 4.04526424407959 4.04521131515503 4.04526281356812 4.04567670822144 4.0456395149231 4.03418111801147 4.04574775695801 4.04571771621704 4.03461742401123 4.04593753814697 4.04584884643555 4.04631376266479 4.04638004302979 4.04637861251831 4.03480958938599 4.0467677116394 4.04644250869751 4.04606580734253 4.0460376739502 4.04625463485718 4.04615020751953 4.04544353485107 4.04539966583252 4.04550361633301 4.04495811462402 4.04465198516846 4.04465055465698
4.12870836257935 4.12885713577271 4.04267168045044 4.05360746383667 4.04297399520874 4.03661632537842 4.02220916748047 4.00976467132568 4.01300191879272 4.01381254196167 4.01362037658691 4.01402807235718 4.01402378082275 4.03403186798096 4.03324174880981 4.03575801849365 4.03635692596436 4.04875516891479 4.04875898361206 4.04801082611084 4.04849338531494 4.04978036880493 4.04737615585327 4.0473895072937 4.04732513427734 4.04752445220947 4.0475001335144 4.0474419593811 4.04737281799316 4.04787969589233 4.03652191162109 4.03634357452393 4.04579019546509 4.04585313796997 4.04563522338867 4.04596185684204 4.04584932327271 4.04574537277222 4.04599475860596 4.04609346389771 4.04619693756104 4.04643487930298 4.0503249168396 4.04654932022095 4.0463662147522 4.04639911651611 4.04647779464722 4.04648447036743 4.04614591598511 4.04613494873047 4.0461049079895 4.04615259170532 4.04582929611206 4.04556608200073 4.0453987121582 4.04522037506104 4.04474687576294
4.09108972549438 4.09120512008667 4.08017253875732 4.06915187835693 4.03689813613892 4.03689813613892 4.02246999740601 4.0190863609314 4.01327848434448 4.01336097717285 4.01577186584473 4.01468801498413 4.01572847366333 4.03581857681274 4.03644847869873 4.03305768966675 4.03864812850952 4.03756093978882 4.04981517791748 4.04955816268921 4.04953813552856 4.04819822311401 4.04758167266846 4.04751539230347 4.04748773574829 4.04757070541382 4.04750299453735 4.04748678207397 4.04789590835571 4.04769086837769 4.03652286529541 4.04826498031616 4.04826259613037 4.04834842681885 4.04851198196411 4.04842805862427 4.04852294921875 4.049147605896 4.0519905090332 4.04840278625488 4.05168151855469 4.0523476600647 4.05254507064819 4.0499849319458 4.05001306533813 4.05315923690796 4.0529899597168 4.05308675765991 4.04928827285767 4.05134391784668 4.05294322967529 4.0503396987915 4.05043411254883 4.05035734176636 4.04571342468262 4.04990673065186 4.02568197250366
4.05434036254883 4.05371570587158 4.08036375045776 4.06935358047485 4.05438184738159 4.03734636306763 4.02254629135132 4.0228853225708 4.0139479637146 4.01452684402466 4.01487636566162 4.016028881073 4.01365232467651 4.03607654571533 4.03624868392944 4.03098011016846 4.03831815719604 4.04998683929443 4.05033493041992 4.04987573623657 4.05003118515015 4.05059051513672 4.0498309135437 4.05029964447021 4.04752206802368 4.04753255844116 4.04752159118652 4.04781055450439 4.04793405532837 4.04804086685181 4.0478835105896 4.04826831817627 4.04829978942871 4.04843235015869 4.04852437973022 4.04843711853027 4.04853343963623 4.04878807067871 4.05301475524902 4.05317497253418 4.05229234695435 4.05254364013672 4.05256462097168 4.05256986618042 4.0528302192688 4.05283260345459 4.05291604995728 4.05299139022827 4.05310487747192 4.05313968658447 4.03644037246704 4.04504680633545 4.04520559310913 4.04491806030273 4.04487323760986 4.02959299087524 4.13542604446411
4.0538911819458 4.06943416595459 4.06943941116333 4.04377269744873 4.02286338806152 4.04406929016113 4.02287626266479 4.02284002304077 4.01462364196777 4.01462459564209 4.01462936401367 4.01465606689453 4.01465368270874 4.03644466400146 4.03591918945312 4.03258323669434 4.03778648376465 4.03896808624268 4.05023622512817 4.05007219314575 4.05006694793701 4.05051612854004 4.05093622207642 4.0505633354187 4.0483660697937 4.0480809211731 4.04834938049316 4.04849720001221 4.0484299659729 4.04797315597534 4.04825830459595 4.04822063446045 4.04829120635986 4.04849433898926 4.04864931106567 4.05201530456543 4.05224609375 4.049635887146 4.05320262908936 4.04379749298096 4.05316495895386 4.05251216888428 4.05260705947876 4.05261611938477 4.0536994934082 4.05377197265625 4.05293083190918 4.0542893409729 4.05431652069092 4.0434455871582 4.04515075683594 4.04553747177124 4.0450267791748 4.04469394683838 4.04510021209717 4.06751537322998 4.36282157897949
4.04394912719727 4.06969833374023 4.05484819412231 4.03733921051025 4.03762722015381 4.02274179458618 4.01949310302734 4.02403116226196 4.0149245262146 4.01492500305176 4.01506090164185 4.01628065109253 4.01483535766602 4.03715181350708 4.03676748275757 4.03666162490845 4.03109550476074 4.03956031799316 4.03969383239746 4.05190992355347 4.05239868164062 4.05057096481323 4.05084037780762 4.05117034912109 4.04842758178711 4.04834938049316 4.04864120483398 4.04859018325806 4.04850149154663 4.04847860336304 4.04895687103271 4.04919385910034 4.04925918579102 4.05243682861328 4.05259084701538 4.05263376235962 4.05271148681641 4.04941606521606 4.04462957382202 4.04465293884277 4.05259323120117 4.05268096923828 4.05268478393555 4.0527286529541 4.05368280410767 4.05369901657104 4.05310583114624 4.04191446304321 4.04519701004028 4.03889322280884 4.03219223022461 4.03218507766724 4.04526042938232 4.02432012557983 4.03245210647583 4.2581148147583 6.88512325286865
4.05473852157593 4.06985330581665 4.05490112304688 4.05509185791016 4.07005071640015 4.0234694480896 4.02347898483276 4.01981925964355 4.01116704940796 4.01390409469604 4.01592874526978 4.01543951034546 4.01552152633667 4.01580762863159 4.03653526306152 4.0367259979248 4.0351037979126 4.03906154632568 4.03970193862915 4.03826522827148 4.05239629745483 4.05239677429199 4.05247497558594 4.05256366729736 4.0512638092041 4.05081939697266 4.05081224441528 4.05080461502075 4.05036354064941 4.0508599281311 4.05066919326782 4.05053997039795 4.05193042755127 4.05414152145386 4.0528244972229 4.05170917510986 4.05065250396729 4.05277299880981 4.0446891784668 4.05329942703247 4.05327844619751 4.05339813232422 4.05355882644653 4.04487180709839 4.04453468322754 4.04462575912476 4.04564714431763 4.04487895965576 4.04490232467651 4.03625774383545 4.04222631454468 6.24626016616821 4.04653120040894 4.06638956069946 6.87180852890015 11.3707990646362 26.8621845245361
