G_variables/Set1/RCP6_2100/Min_tem_max.asc
NCOLS 229 
NROWS 147 
XLLCORNER -101.25 
YLLCORNER 14.3333333333333 
CELLSIZE 0.0833333333333333 
NODATA_value -9999 
[rows 0 to 25 of 147, columns 114 to 170 of 229]
-9999 -9999 -9999 -9999 -9999 -9999 -9999 -9999 -9999 -9999 -9999 -9999 -9999 -9999 -9999 -9999 -9999 -9999 -9999 -9999 -9999 -9999 -9999 -9999 -9999 -9999 -9999 -9999 -9999 -9999 -9999 -9999 -9999 -9999 -9999 -9999 -9999 -9999 -9999 -9999 -9999 -9999 -9999 -9999 -9999 -9999 -9999 -9999 -9999 -9999 -9999 -9999 -9999 -9999 -9999 -9999 -9999
-9999 -9999 -9999 -9999 -9999 -9999 -9999 -9999 -9999 -9999 -9999 -9999 -9999 -9999 -9999 -9999 -9999 -9999 -9999 -9999 -9999 -9999 -9999 -9999 -9999 -9999 -9999 -9999 -9999 -9999 -9999 -9999 -9999 -9999 -9999 -9999 -9999 -9999 -9999 -9999 -9999 -9999 -9999 -9999 -9999 -9999 -9999 -9999 -9999 -9999 -9999 -9999 -9999 -9999 -9999 -9999 -9999
-9999 -9999 -9999 -9999 -9999 -9999 -9999 -9999 -9999 -9999 -9999 -9999 -9999 -9999 -9999 -9999 -9999 -9999 -9999 -9999 -9999 -9999 -9999 -9999 -9999 -9999 -9999 -9999 -9999 -9999 -9999 -9999 -9999 -9999 -9999 -9999 -9999 -9999 -9999 -9999 -9999 -9999 -9999 -9999 -9999 -9999 -9999 -9999 -9999 -9999 -9999 -9999 -9999 -9999 -9999 -9999 3.9868905544281
-9999 -9999 -9999 -9999 -9999 -9999 -9999 -9999 -9999 -9999 -9999 -9999 -9999 -9999 -9999 -9999 -9999 -9999 -9999 -9999 -9999 -9999 -9999 -9999 -9999 -9999 -9999 -9999 -9999 -9999 -9999 -9999 -9999 -9999 -9999 -9999 -9999 -9999 -9999 -9999 -9999 -9999 -9999 -9999 -9999 -9999 -9999 -9999 -9999 -9999 -9999 -9999 -9999 -9999 3.98728823661804 3.98715472221375 3.98706865310669
-9999 -9999 -9999 -9999 -9999 -9999 -9999 -9999 -9999 -9999 -9999 -9999 -9999 -9999 -9999 -9999 -9999 -9999 -9999 -9999 -9999 -9999 -9999 -9999 -9999 -9999 -9999 -9999 -9999 -9999 -9999 -9999 -9999 -9999 -9999 -9999 -9999 -9999 -9999 -9999 -9999 -9999 -9999 -9999 -9999 -9999 -9999 -9999 -9999 -9999 -9999 -9999 -9999 3.98755598068237 3.98743391036987 3.98740792274475 4.00008153915405
-9999 -9999 -9999 -9999 -9999 -9999 -9999 -9999 -9999 -9999 -9999 -9999 -9999 -9999 -9999 -9999 -9999 -9999 -9999 -9999 -9999 -9999 -9999 -9999 -9999 -9999 -9999 -9999 -9999 -9999 -9999 -9999 -9999 -9999 -9999 -9999 -9999 -9999 -9999 -9999 -9999 -9999 -9999 -9999 -9999 -9999 -9999 -9999 -9999 -9999 -9999 3.98732709884644 3.98717498779297 4.00011110305786 4.00011110305786 3.99983239173889 4.00028228759766
-9999 -9999 -9999 -9999 -9999 -9999 -9999 -9999 -9999 -9999 -9999 -9999 -9999 -9999 -9999 -9999 -9999 -9999 -9999 -9999 -9999 -9999 -9999 -9999 -9999 -9999 -9999 -9999 -9999 -9999 -9999 -9999 -9999 -9999 -9999 -9999 -9999 -9999 -9999 -9999 -9999 -9999 -9999 -9999 -9999 -9999 -9999 -9999 -9999 -9999 3.98746657371521 4.00005102157593 3.99973773956299 4.00030422210693 4.00001668930054 3.99862432479858 4.00003957748413
-9999 -9999 -9999 -9999 -9999 -9999 -9999 -9999 -9999 -9999 -9999 -9999 -9999 -9999 -9999 -9999 -9999 -9999 -9999 -9999 -9999 -9999 -9999 -9999 -9999 -9999 -9999 -9999 -9999 -9999 -9999 -9999 -9999 -9999 -9999 -9999 -9999 -9999 -9999 -9999 -9999 -9999 -9999 -9999 -9999 -9999 -9999 -9999 4.00052928924561 4.00004291534424 4.00086879730225 3.99932599067688 3.99995231628418 4.00027942657471 4.00011825561523 4.00046396255493 4.0004186630249
-9999 -9999 -9999 -9999 -9999 -9999 -9999 -9999 -9999 -9999 -9999 -9999 -9999 -9999 -9999 -9999 -9999 -9999 -9999 -9999 -9999 -9999 -9999 -9999 -9999 -9999 -9999 -9999 -9999 -9999 -9999 -9999 -9999 -9999 -9999 -9999 -9999 -9999 -9999 -9999 -9999 -9999 -9999 -9999 -9999 -9999 -9999 4.00108909606934 4.00055980682373 4.0009708404541 4.00039625167847 4.00042867660522 4.00069999694824 4.00058317184448 4.00022077560425 4.00049352645874 4.00094127655029
-9999 -9999 -9999 -9999 -9999 -9999 -9999 -9999 -9999 -9999 -9999 -9999 -9999 -9999 -9999 -9999 -9999 -9999 -9999 -9999 -9999 -9999 -9999 -9999 -9999 -9999 -9999 -9999 -9999 -9999 -9999 -9999 -9999 -9999 -9999 -9999 -9999 -9999 -9999 -9999 -9999 -9999 -9999 4.00264406204224 4.00170183181763 4.00084352493286 4.00131559371948 4.00080490112305 4.00044441223145 4.00101661682129 4.00072145462036 4.00081157684326 4.00070953369141 4.00049543380737 3.99962639808655 4.00019073486328 4.0001745223999
3.99553155899048 4.00721406936646 4.00672769546509 3.99787139892578 4.00808048248291 4.00856113433838 -9999 -9999 -9999 -9999 -9999 -9999 -9999 -9999 -9999 -9999 -9999 -9999 -9999 -9999 -9999 -9999 -9999 -9999 -9999 -9999 -9999 -9999 -9999 -9999 -9999 -9999 -9999 -9999 -9999 -9999 -9999 -9999 -9999 4.00432872772217 4.00437831878662 4.00381708145142 4.00325775146484 4.00331354141235 4.00271224975586 4.00139570236206 4.00198602676392 4.0013861656189 4.00154113769531 4.00075387954712 4.0001974105835 3.99500250816345 3.99472784996033 4.00180244445801 4.00358104705811 4.00340223312378 4.00158929824829
4.00721025466919 4.0071268081665 4.00659942626953 4.00263404846191 4.00813055038452 4.00851917266846 4.00869607925415 4.00834178924561 4.00840711593628 4.01083946228027 4.0109338760376 4.00821495056152 4.01089715957642 4.01055383682251 -9999 -9999 -9999 -9999 -9999 -9999 -9999 -9999 -9999 -9999 -9999 -9999 -9999 -9999 -9999 -9999 -9999 -9999 -9999 -9999 -9999 -9999 4.0045018196106 4.00479221343994 4.00535535812378 4.00515842437744 4.0049877166748 4.00369739532471 4.004065990448 4.00411939620972 4.0026421546936 4.0024209022522 4.00305461883545 4.00110483169556 4.00044012069702 4.00028705596924 4.00417757034302 4.00414037704468 4.00365972518921 4.00400066375732 4.0037145614624 4.00363683700562 4.00373268127441
4.00738286972046 4.00769710540771 4.00302696228027 4.00707054138184 4.00917053222656 4.00923252105713 4.00902986526489 4.00983238220215 4.00881958007812 4.01084184646606 4.01455736160278 4.01442956924438 4.01451826095581 4.0141773223877 4.01455354690552 4.0145435333252 4.00854778289795 -9999 4.00944137573242 4.00846672058105 4.0083966255188 4.00818872451782 4.00831460952759 4.00790357589722 4.00816249847412 4.00835275650024 4.0083327293396 4.00827646255493 4.00799942016602 4.00855350494385 4.00847578048706 4.00890254974365 4.00887155532837 4.00869464874268 4.00799131393433 4.00416803359985 4.00716829299927 4.00590085983276 4.00638198852539 4.00653982162476 4.00653457641602 4.00615215301514 4.00314807891846 4.00070953369141 4.0011773109436 4.00119924545288 4.00046348571777 4.00412654876709 4.00524997711182 4.00274896621704 4.00428581237793 4.0043888092041 4.00379276275635 4.00403165817261 4.00361967086792 4.00388622283936 4.00388669967651
4.0079197883606 4.00472164154053 3.99650955200195 4.0090069770813 4.01017904281616 4.00985622406006 4.01011419296265 4.00994348526001 4.00934934616089 4.01485538482666 4.0145583152771 4.01494264602661 4.01471424102783 4.01455497741699 4.01479864120483 4.01475286483765 4.01457691192627 4.00870800018311 4.00850057601929 4.0085277557373 4.00886726379395 4.00922346115112 4.00898838043213 4.00942087173462 4.00904941558838 4.00970125198364 4.00968217849731 4.00961399078369 4.00988578796387 4.00946187973022 4.00926637649536 4.0102653503418 4.00895166397095 4.00879716873169 4.00919628143311 4.00809001922607 4.00810813903809 4.00771522521973 4.00771474838257 4.00781583786011 4.00714826583862 4.00672101974487 4.00640296936035 4.00645351409912 4.00586605072021 4.00504493713379 4.00516939163208 4.0054669380188 4.00549936294556 4.00453329086304 4.00452375411987 4.00416421890259 4.0038161277771 4.00404930114746 4.00379657745361 4.0038046836853 4.00411081314087
4.00566148757935 4.00860261917114 4.01109170913696 4.01160717010498 4.01040172576904 4.00985717773438 4.00983381271362 4.00996446609497 4.01119375228882 4.01485729217529 4.01524209976196 4.01494359970093 4.01471471786499 4.01488018035889 4.0146107673645 4.00806427001953 4.01485538482666 4.01471519470215 4.01137495040894 4.00930309295654 4.01004076004028 4.0098443031311 4.00954294204712 4.0103063583374 4.00962400436401 4.00963878631592 4.01026678085327 4.00993585586548 4.00975894927979 4.0101375579834 4.00962209701538 4.01028108596802 4.00979089736938 4.00959348678589 4.00961589813232 4.00816774368286 4.00816488265991 4.00777053833008 4.00871992111206 4.00784540176392 4.00729894638062 4.00751256942749 4.0067081451416 4.00766277313232 4.00621652603149 4.00587892532349 4.00607585906982 4.00553560256958 4.00554847717285 4.00451803207397 4.00458145141602 4.00434970855713 4.00396013259888 4.00405168533325 4.00402355194092 4.00388860702515 4.00412082672119
4.01131439208984 4.01185655593872 4.01190662384033 4.01206302642822 4.01212167739868 4.01264667510986 4.0125584602356 4.01279163360596 4.01706075668335 4.0171275138855 4.01578283309937 4.01494407653809 4.01499795913696 4.0120587348938 4.01218748092651 4.01224184036255 4.01203870773315 4.01497983932495 4.01499891281128 4.01470899581909 4.01534748077393 4.01523494720459 4.01502990722656 4.0115442276001 4.0115008354187 4.011559009552 4.01087808609009 4.0107536315918 4.01070022583008 4.01066493988037 4.0104079246521 4.01047134399414 4.01046371459961 4.00958633422852 4.01012372970581 4.00927400588989 4.00853729248047 4.00935220718384 4.00892019271851 4.008957862854 4.00860786437988 4.0085973739624 4.00806522369385 4.00770378112793 4.00688076019287 4.00596570968628 4.00627851486206 4.0054931640625 4.00509643554688 4.00482511520386 4.00457620620728 4.0044150352478 4.00387668609619 4.00408363342285 4.0038537979126 4.00410747528076 4.00414133071899
4.01262378692627 4.01296329498291 4.01414394378662 4.01260185241699 4.01269388198853 4.01298856735229 4.01322460174561 4.0119481086731 4.01729011535645 4.01735353469849 4.01719760894775 4.01734209060669 4.01388788223267 4.01300811767578 4.01322317123413 4.01353693008423 4.01340007781982 4.00963926315308 4.01226329803467 4.01521110534668 4.0153489112854 4.01523733139038 4.01503086090088 4.01554822921753 4.01559066772461 4.01361560821533 4.01444005966187 4.01238918304443 4.0125470161438 4.01134300231934 4.01126623153687 4.0129189491272 4.0149712562561 4.01091051101685 4.01291847229004 4.01291847229004 4.01292133331299 4.01032495498657 4.01586627960205 4.01586675643921 4.01611757278442 4.01635503768921 4.01485157012939 4.00793266296387 4.00792694091797 4.006507396698 4.0066180229187 4.00616264343262 4.00535774230957 4.0046911239624 4.00439786911011 4.00465679168701 4.00472021102905 4.00434684753418 4.00386571884155 4.0041184425354 4.00417184829712
4.01314830780029 4.01334190368652 4.01320457458496 4.01291751861572 4.01740407943726 4.01749563217163 4.01756048202515 4.01738595962524 4.01747608184814 4.01766061782837 4.0173659324646 4.01734256744385 4.01441764831543 4.01465320587158 4.01489353179932 4.01495265960693 4.01491785049438 4.00992822647095 4.01374292373657 4.01623439788818 4.01659059524536 4.01671266555786 4.01669120788574 4.0168023109436 4.01687574386597 4.01587867736816 4.01599168777466 4.01460266113281 4.01460266113281 4.01459980010986 4.01505327224731 4.01509857177734 4.0150990486145 4.01509857177734 4.01207399368286 4.01564407348633 4.01564407348633 4.01586818695068 4.015869140625 4.01641416549683 4.01666450500488 4.01485252380371 4.00843906402588 4.01507425308228 4.0081729888916 4.00745725631714 4.00738906860352 4.00589275360107 4.00632953643799 4.00542497634888 4.00458717346191 4.00443315505981 4.00469303131104 4.00483989715576 4.00388717651367 4.00417280197144 4.00417566299438
4.0191912651062 4.01921796798706 4.01917695999146 4.01889991760254 4.01925754547119 4.01905488967896 4.01769733428955 4.01817035675049 4.01787614822388 4.01790428161621 4.01512002944946 4.01490640640259 4.01506853103638 4.0154857635498 4.01540946960449 4.0155291557312 4.01548719406128 4.01550912857056 4.01549911499023 4.01406621932983 4.0134015083313 4.01394748687744 4.01414966583252 4.01692581176758 4.01410627365112 4.01733493804932 4.01696681976318 4.01705312728882 4.01755142211914 4.01755142211914 4.01617383956909 4.01650476455688 4.01509952545166 4.01510047912598 4.013587474823 4.01619052886963 4.01619052886963 4.01641464233398 4.01641511917114 4.01666641235352 4.01666498184204 4.01690244674683 4.01690149307251 4.0150785446167 4.00889158248901 4.00827264785767 4.00739908218384 4.00623798370361 4.00281381607056 3.99706101417542 4.00457382202148 4.00465869903564 4.00429344177246 4.00464820861816 4.00409698486328 4.00416660308838 4.00432205200195
4.01927280426025 4.01993656158447 4.01942300796509 4.01942539215088 4.01977205276489 4.01950216293335 4.01958656311035 4.01837062835693 4.01754474639893 4.01555347442627 4.01574087142944 4.01547241210938 4.01558685302734 4.01567077636719 4.01560068130493 4.01590156555176 4.01632118225098 4.01601409912109 4.01588535308838 4.01994943618774 4.02005434036255 4.01700210571289 4.01802492141724 4.01765632629395 4.01755952835083 4.01449155807495 4.01198387145996 4.01875925064087 4.01875972747803 4.01903820037842 4.01903820037842 4.01931047439575 4.01958322525024 4.01962661743164 4.01709413528442 4.01709413528442 4.01709413528442 4.01731824874878 4.01641511917114 4.01666593551636 4.01690006256104 3.99911713600159 4.00927019119263 4.00265216827393 4.03613996505737 4.00681495666504 4.01312398910522 4.01211214065552 4.03584718704224 4.0308084487915 4.0118579864502 4.00497961044312 4.00422716140747 4.00439405441284 4.00438928604126 4.00472736358643 4.00503253936768
4.01708030700684 4.01737308502197 4.01837635040283 4.01845169067383 4.01866054534912 4.01826238632202 4.01839923858643 4.01869773864746 4.01846933364868 4.01862096786499 4.01856899261475 4.02261972427368 4.02196073532104 4.01705169677734 4.01740550994873 4.01795530319214 4.01729917526245 4.01738452911377 4.0174503326416 4.02019691467285 4.02027130126953 4.01752471923828 4.01907682418823 4.01933145523071 4.02012872695923 4.01767206192017 4.0164098739624 4.01629686355591 4.01646041870117 4.01649236679077 4.016761302948 4.01958274841309 4.01958179473877 4.01962566375732 4.01962614059448 4.01962614059448 4.01956653594971 4.01956653594971 4.01956653594971 4.01741075515747 4.05582189559937 4.08679056167603 4.08014249801636 4.01992511749268 4.06372356414795 4.05854892730713 4.0554575920105 4.10353326797485 4.10428810119629 4.084547996521 4.04618835449219 4.07778644561768 4.00911712646484 4.00813388824463 4.00471019744873 4.00461101531982 4.004967212677
4.02049732208252 4.02004766464233 4.02056360244751 4.01911115646362 4.018874168396 4.01927852630615 4.01914644241333 4.01898145675659 4.01890754699707 4.02304410934448 4.02193307876587 4.02254724502563 4.02228689193726 4.02179574966431 4.02192783355713 4.02088260650635 4.02337551116943 4.01796770095825 4.01795196533203 4.01429319381714 4.01833915710449 4.01822471618652 4.0211935043335 4.02074337005615 4.01432466506958 4.01431941986084 4.01882171630859 4.01885080337524 4.01905488967896 4.01905345916748 4.01905059814453 4.02186870574951 4.02186870574951 4.01681470870972 4.01652860641479 4.01934242248535 4.01956653594971 4.01956701278687 4.01980924606323 4.04774713516235 4.10517024993896 4.28289556503296 4.23520612716675 4.11591625213623 4.08838558197021 4.09112358093262 4.14408254623413 4.23901557922363 4.23963737487793 4.14700126647949 4.14759206771851 4.09079170227051 4.08608484268188 4.07714462280273 4.07752180099487 4.00330972671509 4.00233936309814
4.02303409576416 4.02238082885742 4.02150249481201 4.02137136459351 4.02212476730347 4.02292728424072 4.02124214172363 4.01950073242188 4.02283573150635 4.02194738388062 4.02203512191772 4.02237987518311 4.02248859405518 4.0222430229187 2.86310577392578 4.02289342880249 4.02370500564575 4.02117729187012 4.0212254524231 4.02095890045166 4.01879262924194 4.01866579055786 4.01872062683105 4.01974964141846 4.01948642730713 4.01939916610718 4.01917791366577 4.01920652389526 4.0190577507019 4.01905536651611 4.01905250549316 4.01905298233032 4.01905488967896 4.01905679702759 4.01910448074341 4.0192699432373 4.02213525772095 4.02213621139526 4.03279495239258 4.10684871673584 4.24986410140991 4.2818284034729 4.28302383422852 4.23675632476807 4.14455652236938 4.14521217346191 4.25110864639282 4.40369701385498 4.25535202026367 4.14807367324829 4.21252632141113 4.21520042419434 4.19904661178589 4.15099716186523 4.09313678741455 4.08842945098877 4.11126279830933
4.02262163162231 4.02294731140137 4.02308940887451 4.02408313751221 4.02643299102783 4.02396440505981 4.02383661270142 4.02378940582275 4.02249765396118 4.0237717628479 4.02387952804565 4.0225133895874 4.02279949188232 4.0228328704834 3.9789354801178 4.02324295043945 4.02190542221069 4.02237033843994 4.02245235443115 4.0216236114502 4.02207136154175 4.02450847625732 4.02159786224365 4.02159643173218 4.01996278762817 4.01979303359985 4.01949548721313 4.01952600479126 4.01936149597168 4.01549625396729 4.01936054229736 4.01955270767212 4.01955795288086 4.01955461502075 4.01955509185791 4.01960182189941 4.01948738098145 4.02269458770752 4.18737554550171 4.28151893615723 4.40025854110718 4.49635982513428 4.49534797668457 4.23897075653076 4.39911222457886 4.87060213088989 4.53226757049561 4.50148010253906 4.40704774856567 4.40826797485352 4.41204214096069 4.2951865196228 4.26440048217773 4.25511693954468 4.14928293228149 4.2200231552124 4.25898027420044
4.02361726760864 4.02399730682373 4.02376842498779 4.02336311340332 4.02425384521484 4.02420806884766 4.02440500259399 4.02481603622437 4.02504682540894 4.02349853515625 4.02391624450684 4.02399826049805 4.02399873733521 4.02413511276245 4.02421474456787 4.02329587936401 4.02391815185547 4.02302646636963 4.02302694320679 4.02329778671265 4.02353191375732 4.02376365661621 4.02249431610107 4.02223777770996 4.02178716659546 4.02156925201416 4.02149486541748 4.0201473236084 4.02253866195679 4.02253723144531 4.02253818511963 4.01990365982056 4.01990365982056 4.02278900146484 4.02002143859863 4.01995754241943 4.0199556350708 4.02304744720459 4.18730068206787 4.4007625579834 4.56723213195801 4.56686496734619 6.48813819885254 7.53724050521851 6.53366994857788 4.60152578353882 4.87687635421753 4.87890434265137 4.88787841796875 4.60908555984497 4.58624982833862 4.45951271057129 4.41955327987671 4.2997522354126 4.29972457885742 4.30127382278442 4.35731220245361
4.02388191223145 4.02409982681274 4.02395582199097 4.02405595779419 4.0243821144104 4.02427864074707 4.02449798583984 4.02490901947021 4.02503252029419 4.02540111541748 4.02557706832886 4.0240159034729 4.02414321899414 4.02415227890015 4.02418231964111 4.02446222305298 4.02566909790039 4.02561902999878 4.02557706832886 4.02444171905518 4.02590036392212 4.02332735061646 4.02340459823608 4.02279949188232 4.02262496948242 4.0224666595459 4.02196264266968 4.022047996521 4.02182006835938 4.02421855926514 4.02021884918213 4.02022409439087 4.02014112472534 4.02023458480835 4.02023696899414 4.0236177444458 4.02055072784424 4.02025842666626 4.14152097702026 4.39807605743408 4.56387233734131 4.56650733947754 4.446852684021 6.49919462203979 7.489098072052 7.52458620071411 7.52469444274902 7.65725231170654 5.97428131103516 5.88700914382935 5.21084499359131 4.91957330703735 4.83073663711548 4.60587882995605 4.52811908721924 4.42628049850464 4.42752504348755
