G_variables/Set1/RCP6_2100/Sur_sal_min.asc
NCOLS 229 
NROWS 147 
XLLCORNER -101.25 
YLLCORNER 14.3333333333333 
CELLSIZE 0.0833333333333333 
NODATA_value -9999 
[rows 52 to 77 of 147, columns 114 to 170 of 229]
35.970142364502 36.0886535644531 36.1461639404297 36.209789276123 36.3132591247559 36.3612670898438 36.4135513305664 36.4700355529785 36.5000114440918 36.513484954834 36.5069808959961 36.4990882873535 36.4887237548828 36.4782676696777 36.4680404663086 36.4471893310547 36.4369468688965 36.4322242736816 36.4179267883301 36.3918418884277 36.3757858276367 36.3685302734375 36.3720817565918 36.377758026123 36.374942779541 36.3663291931152 36.3649253845215 36.3558540344238 36.3419990539551 36.3412818908691 36.336009979248 36.3249626159668 36.3193626403809 36.3089332580566 36.2861633300781 36.2689819335938 36.2548065185547 36.2349166870117 36.2194786071777 36.2117233276367 36.1949119567871 36.182056427002 36.1689987182617 36.1555671691895 36.1450271606445 36.1397590637207 36.1276817321777 36.1195793151855 36.1131477355957 36.1025619506836 36.0999374389648 36.0973091125488 36.0803298950195 36.0732536315918 36.0681419372559 36.0426025390625 36.036434173584
35.9487075805664 36.0457153320312 36.1552352905273 36.1846694946289 36.2780075073242 36.3741874694824 36.3975715637207 36.446704864502 36.5006256103516 36.5066108703613 36.5100288391113 36.514045715332 36.5083694458008 36.4953231811523 36.4811592102051 36.4632339477539 36.449592590332 36.437816619873 36.4267272949219 36.4093589782715 36.392017364502 36.3885688781738 36.3832054138184 36.377197265625 36.3717308044434 36.3673820495605 36.3567924499512 36.3535995483398 36.3439064025879 36.332576751709 36.3302345275879 36.3220405578613 36.3076286315918 36.29931640625 36.2751007080078 36.2510032653809 36.2443542480469 36.2248039245605 36.2005157470703 36.1950187683105 36.1822242736816 36.1604309082031 36.1513481140137 36.1440887451172 36.1255073547363 36.1254844665527 36.1205177307129 36.1013565063477 36.0975379943848 36.0931358337402 36.0756187438965 36.0735473632812 36.0745162963867 36.0602188110352 36.0574531555176 36.0500526428223 36.0336074829102
35.9878692626953 36.0715599060059 36.1529502868652 36.2169914245605 36.3162040710449 36.3919715881348 36.4388732910156 36.4926528930664 36.5200500488281 36.5266227722168 36.5287322998047 36.525707244873 36.5197944641113 36.5027618408203 36.4952850341797 36.4710807800293 36.4496955871582 36.4385452270508 36.4298896789551 36.4055709838867 36.3955764770508 36.3874053955078 36.3696517944336 36.3601150512695 36.356517791748 36.3415870666504 36.3429374694824 36.3369293212891 36.3187980651855 36.314754486084 36.3102684020996 36.2927169799805 36.2852783203125 36.2746620178223 36.2419853210449 36.2315292358398 36.218318939209 36.1855430603027 36.1739845275879 36.1611289978027 36.1349830627441 36.1286773681641 36.1175422668457 36.1034622192383 36.102294921875 36.100040435791 36.0825614929199 36.0760688781738 36.0697402954102 36.0522918701172 36.0497093200684 36.044132232666 36.0394630432129 36.0410423278809 36.0368309020996 36.0223083496094 36.023365020752
36.0128555297852 36.0827827453613 36.1702194213867 36.2314529418945 36.324577331543 36.4130783081055 36.4507369995117 36.5021324157715 36.534107208252 36.5388603210449 36.5396537780762 36.5348739624023 36.5251998901367 36.503288269043 36.4976959228516 36.4727897644043 36.4496917724609 36.4405860900879 36.4258270263672 36.4075736999512 36.3954582214355 36.3829231262207 36.365592956543 36.3570175170898 36.3440856933594 36.3354759216309 36.3281288146973 36.3212089538574 36.3107833862305 36.2946929931641 36.2879829406738 36.2787322998047 36.267765045166 36.2485847473145 36.2308197021484 36.211296081543 36.1953163146973 36.1745796203613 36.1498908996582 36.1352996826172 36.1185493469238 36.1058006286621 36.099536895752 36.0933265686035 36.091552734375 36.0864791870117 36.0768432617188 36.0604782104492 36.0579071044922 36.0499954223633 36.0330200195312 36.0260734558105 36.0295715332031 36.0196418762207 36.0184135437012 36.0108871459961 36.0029792785645
36.0248870849609 36.1189994812012 36.2138252258301 36.2420768737793 36.3367691040039 36.424934387207 36.4419136047363 36.4884796142578 36.5287895202637 36.5308570861816 36.5326271057129 36.5278129577637 36.5225830078125 36.5129165649414 36.4892158508301 36.4682121276855 36.4598731994629 36.4317626953125 36.4228820800781 36.4081001281738 36.3791770935059 36.3667793273926 36.356616973877 36.3339462280273 36.3284950256348 36.3227157592773 36.2986221313477 36.2913513183594 36.2881813049316 36.2679748535156 36.2593307495117 36.2542037963867 36.222354888916 36.2148628234863 36.2000541687012 36.1645126342773 36.1611213684082 36.1458778381348 36.1097831726074 36.1027145385742 36.0981864929199 36.0733337402344 36.0720977783203 36.0801773071289 36.0629959106445 36.0585670471191 36.0556945800781 36.0401802062988 36.0365219116211 36.0296669006348 36.0098724365234 36.0098915100098 36.0059356689453 35.9894027709961 35.9868278503418 35.9901161193848 35.9781799316406
36.0462036132812 36.1202278137207 36.2265510559082 36.2826232910156 36.3694496154785 36.4498977661133 36.4918365478516 36.5214614868164 36.5329780578613 36.5362205505371 36.5260887145996 36.5168380737305 36.5106544494629 36.4896659851074 36.481014251709 36.4562873840332 36.423511505127 36.4128913879395 36.401439666748 36.365104675293 36.3595314025879 36.3449745178223 36.3092231750488 36.2977066040039 36.2882080078125 36.259937286377 36.2580032348633 36.2505760192871 36.2288093566895 36.2304382324219 36.2228050231934 36.1983642578125 36.1878890991211 36.174243927002 36.148567199707 36.1300315856934 36.1119918823242 36.1080017089844 36.085750579834 36.080867767334 36.0642471313477 36.0544624328613 36.0512733459473 36.0547943115234 36.0465278625488 36.0431900024414 36.0312309265137 36.0273246765137 36.0238304138184 36.0057716369629 35.9948883056641 35.996410369873 35.9812889099121 35.9695625305176 35.966968536377 35.963451385498 35.9578018188477
36.0498580932617 36.121696472168 36.2248039245605 36.2929916381836 36.3747825622559 36.4568252563477 36.4938659667969 36.5242385864258 36.5380935668945 36.5317535400391 36.5249671936035 36.5077285766602 36.4968147277832 36.483470916748 36.4686126708984 36.4467391967773 36.4248352050781 36.3969421386719 36.3803939819336 36.3565101623535 36.3401412963867 36.3219680786133 36.2974128723145 36.2763938903809 36.2571601867676 36.2431793212891 36.2250442504883 36.2212753295898 36.2133026123047 36.1991195678711 36.192943572998 36.1826171875 36.1594886779785 36.1466026306152 36.1330947875977 36.096923828125 36.0918502807617 36.0987739562988 36.0742416381836 36.0628242492676 36.059513092041 36.0503044128418 36.058292388916 36.0481872558594 36.0421676635742 36.0399780273438 36.0292358398438 36.0225486755371 36.0186882019043 36.000057220459 35.9894332885742 35.9848937988281 35.972469329834 35.9603614807129 35.962230682373 35.9571342468262 35.9460029602051
36.0070877075195 36.131893157959 36.2386703491211 36.2628479003906 36.3675270080566 36.445255279541 36.4636116027832 36.504264831543 36.5252113342285 36.520076751709 36.511531829834 36.4904747009277 36.4788055419922 36.4656600952148 36.4335670471191 36.4196472167969 36.4021072387695 36.3671226501465 36.3568534851074 36.3296127319336 36.2915802001953 36.2814636230469 36.2649574279785 36.2255439758301 36.2149467468262 36.2035675048828 36.1737594604492 36.1707000732422 36.1747665405273 36.1505508422852 36.1460914611816 36.1366004943848 36.1131362915039 36.1025390625 36.092227935791 36.0877914428711 36.0850105285645 36.064037322998 36.0769309997559 36.0655746459961 36.0532760620117 36.0692481994629 36.0516128540039 36.0470962524414 36.0465393066406 36.0314521789551 36.0297584533691 36.0252418518066 36.0066261291504 35.9998970031738 35.993537902832 35.976001739502 35.968692779541 35.9660835266113 35.9522438049316 35.9457893371582 35.9472274780273
35.977409362793 36.087474822998 36.2079849243164 36.2654190063477 36.3737106323242 36.4567108154297 36.4945335388184 36.5227546691895 36.5223731994629 36.5215721130371 36.502498626709 36.4823303222656 36.4641609191895 36.4312171936035 36.404369354248 36.3872146606445 36.3597412109375 36.3310012817383 36.3152313232422 36.2980537414551 36.2706184387207 36.2477722167969 36.2219085693359 36.1892127990723 36.181037902832 36.1647529602051 36.1421432495117 36.1393508911133 36.1277389526367 36.1220512390137 36.1110801696777 36.0984230041504 36.0875053405762 36.0789375305176 36.0788154602051 36.0567169189453 36.0668296813965 36.0594329833984 36.0587501525879 36.0556526184082 36.063606262207 36.0581436157227 -9999 -9999 36.0460472106934 36.0331382751465 36.0302925109863 36.0266799926758 36.0061531066895 36.0005493164062 35.9966278076172 35.9763069152832 35.9696731567383 35.9671401977539 35.9414443969727 35.9262275695801 35.9281692504883
35.9718284606934 36.0803680419922 36.1867523193359 36.2622756958008 36.3735198974609 36.4526023864746 36.4933280944824 36.5293579101562 36.5310134887695 36.5229835510254 36.5085220336914 36.4773216247559 36.4483222961426 36.429801940918 36.3909797668457 36.370532989502 36.3518905639648 36.3128089904785 36.299633026123 36.2892684936523 36.2520294189453 36.2440414428711 36.2166023254395 36.1862144470215 36.1675796508789 36.1570091247559 36.142879486084 36.1372261047363 36.115047454834 36.1080589294434 36.1020393371582 36.0872535705566 36.0746879577637 36.0747108459473 36.0696220397949 36.0503425598145 36.0517997741699 36.0565948486328 -9999 -9999 -9999 -9999 -9999 -9999 -9999 -9999 -9999 -9999 -9999 -9999 35.9947776794434 35.9725723266602 35.9689292907715 35.9529876708984 35.9302139282227 35.9234275817871 -9999
35.924129486084 36.0583229064941 36.1887893676758 36.2201385498047 36.3352584838867 36.4294395446777 36.4527626037598 36.4990005493164 36.5321655273438 36.5280303955078 36.494312286377 36.4585342407227 36.4342384338379 36.4042892456055 36.3698272705078 36.3523178100586 36.3265800476074 36.2986488342285 36.2831993103027 36.2589912414551 36.2502136230469 36.2434730529785 36.206672668457 36.2062835693359 36.1881904602051 36.157527923584 36.1532554626465 36.1272621154785 36.1224708557129 36.1123428344727 36.0955848693848 36.082347869873 36.068546295166 36.0677032470703 36.0531234741211 -9999 -9999 -9999 -9999 -9999 -9999 -9999 -9999 -9999 -9999 -9999 -9999 -9999 -9999 -9999 -9999 -9999 -9999 -9999 -9999 -9999 -9999
35.9084281921387 36.0389862060547 36.169189453125 36.2340965270996 36.3493766784668 36.4332504272461 36.4763031005859 36.5178642272949 36.5310478210449 36.5253028869629 36.4934616088867 36.4505577087402 36.419132232666 36.3850021362305 36.3551635742188 36.3323974609375 36.3206939697266 36.2950820922852 36.2819976806641 36.2552909851074 36.2468147277832 36.2476997375488 36.2197494506836 36.2052192687988 36.1812553405762 36.1655769348145 36.1467475891113 36.1295433044434 -9999 -9999 -9999 -9999 -9999 -9999 -9999 -9999 -9999 -9999 -9999 -9999 -9999 -9999 -9999 -9999 -9999 -9999 -9999 -9999 -9999 -9999 -9999 -9999 -9999 -9999 -9999 -9999 -9999
35.8997993469238 36.0329360961914 36.156909942627 36.2370338439941 36.3448143005371 36.4250755310059 36.4732284545898 36.5089721679688 36.5074882507324 36.503231048584 36.4851531982422 36.4447860717773 36.4075088500977 36.3806228637695 36.3467292785645 36.3354797363281 36.3194694519043 36.2948532104492 36.2803497314453 36.274169921875 36.2593688964844 36.2553787231445 36.2256736755371 -9999 -9999 -9999 -9999 -9999 -9999 -9999 -9999 -9999 -9999 -9999 -9999 -9999 -9999 -9999 -9999 -9999 -9999 -9999 -9999 -9999 -9999 -9999 -9999 -9999 -9999 -9999 -9999 -9999 -9999 -9999 -9999 -9999 -9999
35.8556785583496 36.0194435119629 36.1594352722168 36.1968841552734 36.3095664978027 36.4090881347656 36.4238471984863 36.4616203308105 36.4845504760742 36.4812431335449 36.4627304077148 36.4243049621582 36.4070587158203 36.3753089904785 36.3358306884766 36.3245124816895 36.3249893188477 36.3056030273438 36.2845153808594 36.2788009643555 36.2739295959473 -9999 -9999 -9999 -9999 -9999 -9999 -9999 -9999 -9999 -9999 -9999 -9999 -9999 -9999 -9999 -9999 -9999 -9999 -9999 -9999 -9999 -9999 -9999 -9999 -9999 -9999 -9999 -9999 -9999 -9999 -9999 -9999 -9999 -9999 -9999 -9999
35.8333015441895 35.9832725524902 36.1273307800293 36.2141227722168 36.3176612854004 36.4018402099609 36.4346199035645 36.463264465332 36.47705078125 36.4708595275879 36.4453430175781 36.4137496948242 36.3894805908203 36.3440208435059 36.323787689209 36.3141670227051 36.3112754821777 36.2910118103027 -9999 -9999 -9999 -9999 -9999 -9999 -9999 -9999 -9999 -9999 -9999 -9999 -9999 -9999 -9999 -9999 -9999 -9999 -9999 -9999 -9999 -9999 -9999 -9999 -9999 -9999 -9999 -9999 -9999 -9999 -9999 -9999 -9999 -9999 -9999 -9999 -9999 -9999 -9999
35.8142356872559 35.9706764221191 36.1122436523438 36.1964149475098 36.3179969787598 36.3987731933594 36.4365768432617 36.4701919555664 36.457691192627 36.4544982910156 36.4268531799316 36.3992195129395 36.3719329833984 36.3358497619629 36.3169860839844 36.300853729248 36.295970916748 -9999 -9999 -9999 -9999 -9999 -9999 -9999 -9999 -9999 -9999 -9999 -9999 -9999 -9999 -9999 -9999 -9999 -9999 -9999 -9999 -9999 -9999 -9999 -9999 -9999 -9999 -9999 -9999 -9999 -9999 -9999 -9999 -9999 -9999 -9999 -9999 -9999 -9999 -9999 -9999
35.6953239440918 35.9224624633789 36.0931968688965 36.1329574584961 36.2668952941895 36.3595504760742 36.3778991699219 36.4198150634766 36.436939239502 36.431224822998 36.410774230957 36.3610343933105 36.3472518920898 36.3298034667969 36.2752876281738 36.2658271789551 36.2822113037109 -9999 -9999 -9999 -9999 -9999 -9999 -9999 -9999 -9999 -9999 -9999 -9999 -9999 -9999 -9999 -9999 -9999 -9999 -9999 -9999 -9999 -9999 -9999 -9999 -9999 -9999 -9999 -9999 -9999 -9999 -9999 -9999 -9999 -9999 -9999 -9999 -9999 -9999 -9999 -9999
35.6373825073242 35.8425140380859 36.0486793518066 36.1420249938965 36.2370872497559 36.3221473693848 36.3642425537109 36.3935470581055 36.4150085449219 36.4086532592773 36.376163482666 36.3492622375488 36.3098640441895 36.2619781494141 36.2399711608887 36.2253837585449 36.2259788513184 -9999 -9999 -9999 -9999 -9999 -9999 -9999 -9999 -9999 -9999 -9999 -9999 -9999 -9999 -9999 -9999 -9999 -9999 -9999 -9999 -9999 -9999 -9999 -9999 -9999 -9999 -9999 -9999 -9999 -9999 -9999 -9999 -9999 -9999 -9999 -9999 -9999 -9999 -9999 -9999
35.5934181213379 35.8144111633301 35.9844779968262 36.1057929992676 36.2298278808594 36.2998046875 36.3436164855957 36.3798522949219 36.3850440979004 36.374080657959 36.3642044067383 36.3265800476074 36.297664642334 36.2486915588379 36.2221717834473 36.2149505615234 -9999 -9999 -9999 -9999 -9999 -9999 -9999 -9999 -9999 -9999 -9999 -9999 -9999 -9999 -9999 -9999 -9999 -9999 -9999 -9999 -9999 -9999 -9999 -9999 -9999 -9999 -9999 -9999 -9999 -9999 -9999 -9999 -9999 -9999 -9999 -9999 -9999 -9999 -9999 -9999 35.7246284484863
35.4383659362793 35.7062454223633 35.9201507568359 35.9777412414551 36.1431694030762 36.2460861206055 36.265022277832 36.3177108764648 36.3384971618652 36.3284950256348 36.3179512023926 36.2750816345215 36.2623596191406 36.2403221130371 36.1667785644531 36.1573066711426 -9999 -9999 -9999 -9999 -9999 -9999 -9999 -9999 -9999 -9999 -9999 -9999 -9999 -9999 -9999 -9999 -9999 -9999 -9999 -9999 -9999 -9999 -9999 -9999 -9999 -9999 -9999 -9999 -9999 -9999 -9999 -9999 -9999 -9999 -9999 -9999 -9999 -9999 -9999 35.7104682922363 35.7182235717773
35.3450698852539 35.584358215332 35.8439598083496 35.9553184509277 36.0697898864746 36.1821556091309 36.220630645752 36.2699584960938 36.3143424987793 36.3130874633789 36.2837142944336 36.248348236084 36.2215270996094 36.1670074462891 36.1349983215332 -9999 -9999 -9999 -9999 -9999 -9999 -9999 -9999 -9999 -9999 -9999 -9999 -9999 -9999 -9999 -9999 -9999 -9999 -9999 -9999 -9999 -9999 -9999 -9999 -9999 -9999 -9999 -9999 -9999 -9999 -9999 -9999 -9999 -9999 -9999 -9999 -9999 -9999 -9999 35.6742973327637 35.6879692077637 35.7002792358398
35.2645492553711 35.5402526855469 35.7579803466797 35.8983421325684 36.0388488769531 36.1165618896484 36.1901893615723 36.250560760498 36.2558250427246 36.2755355834961 36.2651100158691 36.2238349914551 36.1924057006836 36.153491973877 36.1235427856445 36.1049041748047 -9999 -9999 -9999 -9999 -9999 -9999 -9999 -9999 -9999 -9999 -9999 -9999 -9999 -9999 -9999 -9999 -9999 -9999 -9999 -9999 -9999 -9999 -9999 -9999 -9999 -9999 -9999 -9999 -9999 -9999 -9999 -9999 -9999 -9999 -9999 -9999 -9999 35.651309967041 35.6561584472656 35.6807174682617 35.7015800476074
35.0991477966309 35.3918037414551 35.631534576416 35.7006072998047 35.9083557128906 36.0494766235352 36.0837516784668 36.168571472168 36.2031173706055 36.1975631713867 36.2129821777344 36.1759834289551 36.1599388122559 36.1362533569336 36.0739212036133 -9999 -9999 -9999 -9999 -9999 -9999 -9999 -9999 -9999 -9999 -9999 -9999 -9999 -9999 -9999 -9999 -9999 -9999 -9999 -9999 -9999 -9999 -9999 -9999 -9999 -9999 -9999 -9999 -9999 -9999 -9999 -9999 -9999 -9999 -9999 -9999 -9999 -9999 35.6405906677246 35.6467247009277 35.6534805297852 35.6649589538574
34.9797592163086 35.2210235595703 35.4986839294434 35.6348991394043 35.7865104675293 35.9581756591797 36.0076942443848 36.0973014831543 36.1872291564941 36.1864776611328 36.1845588684082 36.1716117858887 36.1300201416016 36.0647048950195 36.0283241271973 -9999 -9999 -9999 -9999 -9999 -9999 -9999 -9999 -9999 -9999 -9999 -9999 -9999 -9999 -9999 -9999 -9999 -9999 -9999 -9999 -9999 -9999 -9999 -9999 -9999 -9999 -9999 -9999 -9999 -9999 -9999 -9999 -9999 -9999 -9999 -9999 35.6261253356934 35.6253662109375 35.621955871582 35.6260795593262 35.620418548584 35.6342315673828
34.8811950683594 35.1704559326172 35.3985862731934 35.5580368041992 35.7537269592285 35.8542251586914 35.9619674682617 36.0742034912109 36.1211204528809 36.1667251586914 36.1765213012695 36.1299896240234 36.109561920166 36.0591316223145 36.0247268676758 -9999 -9999 -9999 -9999 -9999 -9999 -9999 -9999 -9999 -9999 -9999 -9999 -9999 -9999 -9999 -9999 -9999 -9999 -9999 -9999 -9999 -9999 -9999 -9999 -9999 -9999 -9999 -9999 -9999 -9999 -9999 -9999 -9999 -9999 -9999 -9999 35.6247329711914 35.6236953735352 35.621467590332 35.6228790283203 35.6216850280762 35.6173858642578
34.7472229003906 35.0256080627441 35.2589988708496 35.3376846313477 35.5847587585449 35.7624282836914 35.8124198913574 35.9606781005859 36.0395240783691 36.0581359863281 36.0977096557617 36.0739097595215 36.0623817443848 36.0355339050293 36.0179061889648 -9999 -9999 -9999 -9999 -9999 -9999 -9999 -9999 -9999 -9999 -9999 -9999 -9999 -9999 -9999 -9999 -9999 -9999 -9999 -9999 -9999 -9999 -9999 -9999 -9999 -9999 -9999 -9999 -9999 -9999 -9999 -9999 -9999 -9999 -9999 -9999 35.6247787475586 35.6241989135742 35.6274528503418 35.6264114379883 35.6169166564941 35.6140060424805
