G_variables/Set1/RCP6_2100/Sur_tem_min.asc
NCOLS 229 
NROWS 147 
XLLCORNER -101.25 
YLLCORNER 14.3333333333333 
CELLSIZE 0.0833333333333333 
NODATA_value -9999 
[rows 26 to 51 of 147, columns 57 to 113 of 229]
-9999 -9999 -9999 -9999 -9999 -9999 -9999 -9999 -9999 -9999 -9999 -9999 -9999 -9999 -9999 -9999 -9999 -9999 -9999 -9999 -9999 -9999 -9999 -9999 -9999 -9999 -9999 -9999 -9999 23.071849822998 23.075366973877 23.0813121795654 23.0799102783203 23.0707416534424 23.0475234985352 23.0788249969482 23.0886478424072 23.0904083251953 23.1221580505371 23.150297164917 23.2099094390869 23.1409435272217 23.119592666626 23.1081352233887 23.0433006286621 22.9976425170898 22.9362468719482 22.8917942047119 22.8785095214844 22.8154640197754 22.7919044494629 22.7792892456055 22.741527557373 22.7175712585449 22.6979427337646 22.6737766265869 22.6574287414551
-9999 -9999 -9999 -9999 -9999 -9999 -9999 -9999 -9999 -9999 -9999 -9999 -9999 -9999 -9999 -9999 -9999 -9999 -9999 -9999 -9999 -9999 -9999 -9999 -9999 -9999 -9999 -9999 23.075231552124 23.0839176177979 23.0911827087402 23.0923290252686 23.093900680542 23.092809677124 23.0893878936768 23.0935459136963 23.1185569763184 23.1235733032227 23.1415786743164 23.1688766479492 23.1760387420654 23.1707439422607 23.1262016296387 23.1095199584961 23.0864181518555 22.9865798950195 22.9490280151367 22.9307689666748 22.8677577972412 22.8454456329346 22.822359085083 22.7697906494141 22.7509803771973 22.7370109558105 22.6933822631836 22.6831665039062 22.6754131317139
-9999 -9999 -9999 -9999 -9999 -9999 -9999 -9999 -9999 -9999 -9999 -9999 -9999 -9999 -9999 -9999 -9999 -9999 -9999 -9999 -9999 -9999 -9999 -9999 -9999 -9999 -9999 -9999 23.1055145263672 23.1071128845215 23.1142482757568 23.1219577789307 23.1280517578125 23.1314868927002 23.1318874359131 23.1470928192139 23.1651000976562 23.1722068786621 23.1900939941406 23.2050361633301 23.207202911377 23.1960716247559 23.1634216308594 23.1219463348389 23.1019973754883 23.0338153839111 22.9858665466309 22.9570617675781 22.9095249176025 22.8810539245605 22.8436603546143 22.8060054779053 22.7848873138428 22.749626159668 22.7166557312012 22.7051582336426 22.6916542053223
-9999 -9999 -9999 -9999 -9999 -9999 -9999 -9999 -9999 -9999 -9999 -9999 -9999 -9999 -9999 -9999 -9999 -9999 -9999 -9999 -9999 -9999 -9999 -9999 -9999 -9999 -9999 23.1075878143311 23.1368064880371 23.1209087371826 23.1234073638916 23.1440029144287 23.1399173736572 23.1415939331055 23.1418151855469 23.1679573059082 23.1833610534668 23.2118854522705 23.2070636749268 23.221019744873 23.3025245666504 23.2134418487549 23.1864528656006 23.17502784729 23.0881614685059 23.0553321838379 23.0190315246582 22.9803657531738 22.9306106567383 22.8803215026855 22.8479919433594 22.8217964172363 22.7958850860596 22.7465896606445 22.7186107635498 22.7050018310547 22.6916198730469
-9999 -9999 -9999 -9999 -9999 -9999 -9999 -9999 -9999 -9999 -9999 -9999 -9999 -9999 -9999 -9999 -9999 -9999 -9999 -9999 -9999 -9999 -9999 -9999 -9999 -9999 -9999 23.1398582458496 23.1461963653564 23.1492805480957 23.1579494476318 23.1601753234863 23.1641578674316 23.1732730865479 23.1761474609375 23.1869487762451 23.2112979888916 23.219575881958 23.2379150390625 23.2397804260254 23.2457180023193 23.2110958099365 23.1743392944336 23.147985458374 23.100025177002 23.0665874481201 23.0311489105225 22.9926376342773 22.9247455596924 22.8900527954102 22.8657531738281 22.8233299255371 22.7912425994873 22.7603816986084 22.7242851257324 22.7040672302246 22.6995086669922
23.1404876708984 23.1483192443848 23.1538257598877 23.2112331390381 -9999 -9999 -9999 -9999 -9999 -9999 -9999 -9999 -9999 -9999 -9999 -9999 -9999 -9999 -9999 -9999 -9999 -9999 -9999 -9999 -9999 -9999 23.1839199066162 23.1791858673096 23.1851501464844 23.1912002563477 23.201301574707 23.210018157959 23.2168445587158 23.2280807495117 23.2351379394531 23.243350982666 23.2614879608154 23.2657794952393 23.2659606933594 23.2632789611816 23.2625751495361 23.2392768859863 23.184757232666 23.1529998779297 23.1455116271973 23.0741310119629 23.054292678833 23.0349006652832 22.943998336792 22.9298686981201 22.9112644195557 22.8506870269775 22.8331775665283 22.8047733306885 22.7585258483887 22.7438545227051 22.7352600097656
23.1699638366699 23.2630271911621 23.209321975708 23.2041606903076 23.2161388397217 23.2253723144531 23.2184963226318 23.1851406097412 23.2231101989746 -9999 -9999 -9999 -9999 -9999 -9999 -9999 -9999 -9999 -9999 -9999 -9999 -9999 -9999 -9999 -9999 -9999 23.2048530578613 23.2138290405273 23.21213722229 23.2149143218994 23.2193145751953 23.2235927581787 23.246826171875 23.2452621459961 23.2592620849609 23.2622356414795 23.2712059020996 23.2658519744873 23.2728786468506 23.2817306518555 23.2931385040283 23.229850769043 23.2027378082275 23.1674842834473 23.1393051147461 23.104585647583 23.0356121063232 23.0180683135986 22.9741611480713 22.9240818023682 22.8904056549072 22.8755893707275 22.84716796875 22.8048305511475 22.7779693603516 22.7431335449219 22.7417297363281
23.2179336547852 23.2002906799316 23.220573425293 23.2367935180664 23.2347259521484 23.2427673339844 23.2401676177979 23.2366027832031 23.2365112304688 23.2411727905273 23.2276248931885 23.2243633270264 23.2249317169189 -9999 -9999 -9999 -9999 -9999 -9999 -9999 -9999 -9999 -9999 -9999 -9999 23.2189445495605 23.2209548950195 23.2414207458496 23.2461128234863 23.2489891052246 23.2582817077637 23.2619762420654 23.2665100097656 23.2805995941162 23.2773876190186 23.2848587036133 23.2899322509766 23.2945499420166 23.3031616210938 23.2819442749023 23.2735595703125 23.2586860656738 23.2128582000732 23.1957988739014 23.1668796539307 23.0886154174805 23.0531387329102 23.049015045166 22.9621467590332 22.9359188079834 22.9209690093994 22.8663463592529 22.8468112945557 22.8300380706787 22.7806510925293 22.7711811065674 22.758861541748
23.3090019226074 23.2903938293457 23.2689762115479 23.2827224731445 23.2837409973145 23.2814617156982 23.2824630737305 23.2855854034424 23.2845687866211 23.2837390899658 23.2830657958984 23.2642574310303 23.262565612793 23.2507705688477 23.2417049407959 23.2290992736816 23.2061538696289 23.2056827545166 -9999 -9999 -9999 -9999 -9999 -9999 -9999 23.2482948303223 23.2580013275146 23.2792873382568 23.2887573242188 23.2932949066162 23.3012638092041 23.306173324585 23.3153648376465 23.3363170623779 23.3411540985107 23.3270282745361 23.329740524292 23.3267955780029 23.3182544708252 23.2926788330078 23.2803840637207 23.2606143951416 23.2121810913086 23.1894092559814 23.1726665496826 23.1065101623535 23.0901031494141 23.077075958252 22.9895687103271 22.9579029083252 22.9442253112793 22.8807716369629 22.8685340881348 22.8493347167969 22.8011169433594 22.7911338806152 22.7810211181641
23.3276176452637 23.3156185150146 23.3038921356201 23.299861907959 23.2872867584229 23.2977733612061 23.2976741790771 23.3023414611816 23.3063106536865 23.3060760498047 23.3332138061523 23.3200130462646 23.3011322021484 23.2831745147705 23.2719974517822 23.2587985992432 23.21803855896 23.2353439331055 23.2341175079346 23.2161769866943 23.2407474517822 23.2484817504883 23.2501773834229 -9999 -9999 23.276611328125 23.2867469787598 23.296854019165 23.3146457672119 23.3248996734619 23.3347721099854 23.3466663360596 23.3611869812012 23.3707447052002 23.4022884368896 23.392126083374 23.3887386322021 23.3959197998047 23.346996307373 23.3316955566406 23.3202209472656 23.2740306854248 23.2367286682129 23.1984806060791 23.1562843322754 23.1245040893555 23.0884323120117 23.0648956298828 23.0540924072266 22.996057510376 22.9500560760498 22.9204025268555 22.8744506835938 22.8502788543701 22.822826385498 22.78759765625 22.789514541626
23.3453197479248 23.3419780731201 23.3363761901855 23.3142509460449 23.311695098877 23.308256149292 23.3192691802979 23.3203277587891 23.3202457427979 23.3222541809082 23.3363132476807 23.336051940918 23.317813873291 23.3114681243896 23.2940921783447 23.2789211273193 23.2672519683838 23.266056060791 23.2551441192627 23.2545871734619 23.259391784668 23.271951675415 23.2857570648193 23.2922096252441 23.3006114959717 23.3093528747559 23.2999744415283 23.3243846893311 23.3318824768066 23.3406620025635 23.3638305664062 23.3681697845459 23.3820514678955 23.3922119140625 23.4141292572021 23.4101142883301 23.3931198120117 23.3886985778809 23.3689403533936 23.3242893218994 23.3135108947754 23.2919979095459 23.2268753051758 23.1948680877686 23.1796855926514 23.1160984039307 23.0878582000732 23.1007137298584 23.0433120727539 23.0219821929932 22.9791698455811 22.9164524078369 22.8992080688477 22.8762283325195 22.8369560241699 22.8217487335205 22.8079032897949
23.4018096923828 23.3777179718018 23.3731060028076 23.3684349060059 23.3530330657959 23.354133605957 23.3738288879395 23.374231338501 23.3682861328125 23.3895683288574 23.3761577606201 23.3735237121582 23.356954574585 23.3522510528564 23.3466358184814 23.323221206665 23.323413848877 23.3164978027344 23.3116283416748 23.3043632507324 23.2959175109863 23.3127994537354 23.3178024291992 23.3252601623535 23.3333702087402 23.3428268432617 23.3559875488281 23.3616847991943 23.386625289917 23.3988723754883 23.4210796356201 23.4238891601562 23.4130764007568 23.4390354156494 23.4378223419189 23.4246883392334 23.4029560089111 23.3874244689941 23.3758926391602 23.3203144073486 23.3085632324219 23.2959651947021 23.2479343414307 23.2364845275879 23.2021141052246 23.1459293365479 23.1381645202637 23.1353302001953 23.0762710571289 23.0497016906738 23.0294494628906 22.9520587921143 22.9355163574219 22.9187717437744 22.8623905181885 22.8461303710938 22.8335113525391
23.4249629974365 23.3701133728027 23.3900775909424 23.3880634307861 23.3641471862793 23.3788452148438 23.3834743499756 23.3977069854736 23.3913249969482 23.3997936248779 23.4136924743652 23.3994674682617 23.3757076263428 23.3726291656494 23.3591594696045 23.3519420623779 23.3542881011963 23.3313484191895 23.3268299102783 23.3312587738037 23.3244972229004 23.3277111053467 23.3333759307861 23.3474540710449 23.3487091064453 23.3673782348633 23.3793411254883 23.3902854919434 23.4034252166748 23.4297161102295 23.4393062591553 23.4508666992188 23.4450359344482 23.4451599121094 23.4673614501953 23.4268016815186 23.412992477417 23.3933429718018 23.3653659820557 23.33620262146 23.2956104278564 23.2839908599854 23.2704582214355 23.247444152832 23.2084617614746 23.1796131134033 23.1561641693115 23.1203098297119 23.1048793792725 23.0584449768066 23.0218334197998 22.9808616638184 22.925802230835 22.917818069458 22.8888759613037 22.8435726165771 22.8467063903809
23.4383754730225 23.4146556854248 23.4061393737793 23.4045944213867 23.3934078216553 23.3924446105957 23.3990478515625 23.3945636749268 23.3955974578857 23.4092178344727 23.4116058349609 23.4099979400635 23.4003944396973 23.3797035217285 23.3738899230957 23.3622341156006 23.3520545959473 23.3409404754639 23.3330001831055 23.3379516601562 23.3386173248291 23.3403644561768 23.3504829406738 23.3579711914062 23.3662166595459 23.3784275054932 23.397159576416 23.4241466522217 23.4375133514404 23.4612598419189 23.4758319854736 23.4696598052979 23.4617500305176 23.4494915008545 23.4422245025635 23.4366188049316 23.4070377349854 23.3857040405273 23.3753776550293 23.3333530426025 23.3194351196289 23.3015441894531 23.2685928344727 23.256742477417 23.2360305786133 23.1739864349365 23.1455535888672 23.1455020904541 23.0949077606201 23.0837001800537 23.0567054748535 22.9817581176758 22.960542678833 22.9449787139893 22.9014415740967 22.8810691833496 22.8723068237305
23.4857120513916 23.4669609069824 23.46071434021 23.4480113983154 23.4411735534668 23.4397640228271 23.4409999847412 23.4199485778809 23.4105339050293 23.4210586547852 23.4322700500488 23.4306621551514 23.4231739044189 23.41015625 23.4025268554688 23.3917465209961 23.3769359588623 23.3608551025391 23.3523826599121 23.3594093322754 23.3621845245361 23.367395401001 23.3682098388672 23.3774223327637 23.3874778747559 23.4021091461182 23.4210720062256 23.4556732177734 23.4823722839355 23.5235195159912 23.5360927581787 23.5024833679199 23.4789485931396 23.4573764801025 23.4392852783203 23.4316387176514 23.397346496582 23.3832206726074 23.3649730682373 23.329418182373 23.3193969726562 23.3218040466309 23.291446685791 23.2737350463867 23.2602062225342 23.2109394073486 23.184549331665 23.1772480010986 23.1280250549316 23.1125259399414 23.0824813842773 23.0230712890625 23.0151042938232 23.01123046875 22.9702262878418 22.9465179443359 22.9338722229004
23.5036544799805 23.4937343597412 23.4874801635742 23.4660720825195 23.4610843658447 23.4597797393799 23.4511852264404 23.4373626708984 23.4158229827881 23.4256935119629 23.4423236846924 23.4387531280518 23.4419097900391 23.4410953521729 23.4125938415527 23.4052448272705 23.3993663787842 23.3741416931152 23.367847442627 23.3703002929688 23.3713130950928 23.3736877441406 23.3719863891602 23.3810520172119 23.3925323486328 23.419641494751 23.4358730316162 23.4595565795898 23.4960880279541 23.5196876525879 23.5246772766113 23.5229206085205 23.4817657470703 23.4619102478027 23.4548759460449 23.4299411773682 23.4019508361816 23.3696346282959 23.3541946411133 23.3392219543457 23.3083553314209 23.3099670410156 23.3020362854004 23.2819728851318 23.2538681030273 23.231954574585 23.2068099975586 23.1813812255859 23.1485214233398 23.1026477813721 23.071268081665 23.0576095581055 23.0315742492676 23.0118885040283 22.9915390014648 22.9593448638916 22.9473896026611
23.5200138092041 23.5121726989746 23.5068168640137 23.4834423065186 23.4820442199707 23.4753341674805 23.4588775634766 23.4515724182129 23.442684173584 23.442102432251 23.4441509246826 23.4456939697266 23.4462146759033 23.4413566589355 23.4369525909424 23.4181251525879 23.4038314819336 23.3964290618896 23.380558013916 23.3805084228516 23.3796710968018 23.3762264251709 23.377685546875 23.3739566802979 23.4001522064209 23.4211730957031 23.4379730224609 23.4657115936279 23.4876823425293 23.4949569702148 23.4999580383301 23.4959926605225 23.4867763519287 23.464973449707 23.4561958312988 23.4418296813965 23.3967342376709 23.3848991394043 23.3655166625977 23.3359642028809 23.3231582641602 23.3170986175537 23.2951831817627 23.282341003418 23.2719116210938 23.2281494140625 23.230260848999 23.2029685974121 23.1505146026611 23.1280422210693 23.1020107269287 23.0577487945557 23.044713973999 23.0233726501465 22.9883155822754 22.9794883728027 22.9677257537842
23.5680141448975 23.5655136108398 23.5590076446533 23.5474166870117 23.525318145752 23.5149250030518 23.4952640533447 23.4844722747803 23.4709167480469 23.4657859802246 23.4616889953613 23.4580154418945 23.45823097229 23.4527683258057 23.449312210083 23.4318027496338 23.4200687408447 23.4147338867188 23.4052143096924 23.3958988189697 23.3981342315674 23.3945159912109 23.399938583374 23.404317855835 23.424129486084 23.4380893707275 23.4603424072266 23.4859676361084 23.5032405853271 23.5116004943848 23.5154571533203 23.5081100463867 23.4987945556641 23.4778957366943 23.4670658111572 23.4557094573975 23.4119987487793 23.3998050689697 23.3879108428955 23.3623580932617 23.3547592163086 23.3515186309814 23.3292541503906 23.3157081604004 23.310754776001 23.267894744873 23.2693500518799 23.2503528594971 23.1998538970947 23.1747875213623 23.1590137481689 23.110689163208 23.0952320098877 23.0735015869141 23.0397796630859 23.0359897613525 23.03342628479
23.5917510986328 23.6070671081543 23.5791778564453 23.5734119415283 23.5758647918701 23.5360164642334 23.5094451904297 23.4903774261475 23.4806652069092 23.4690361022949 23.4527053833008 23.4658107757568 23.4663124084473 23.4647388458252 23.4408779144287 23.437650680542 23.4333095550537 23.4200382232666 23.399787902832 23.3794326782227 23.3915824890137 23.3921775817871 23.3916835784912 23.4241008758545 23.4300022125244 23.4374389648438 23.4762287139893 23.4948272705078 23.5193061828613 23.521614074707 23.5286483764648 23.5329933166504 23.5102062225342 23.4932346343994 23.4456405639648 23.4530048370361 23.4310646057129 23.376859664917 23.3976936340332 23.3928470611572 23.3686866760254 23.3650169372559 23.3553009033203 23.339599609375 23.3293132781982 23.3110733032227 23.2524032592773 23.2359485626221 23.2075214385986 23.1740951538086 23.1433258056641 23.1244201660156 23.097448348999 23.0598831176758 23.0533847808838 23.0443210601807 23.0398731231689
23.5962066650391 23.5943088531494 23.5895004272461 23.5781269073486 23.5740985870361 23.5644969940186 23.515438079834 23.506290435791 23.4973697662354 23.4757232666016 23.4689884185791 23.488655090332 23.4704914093018 23.4502925872803 23.4471836090088 23.4423923492432 23.4318466186523 23.4263248443604 23.4082469940186 23.3993339538574 23.3988914489746 23.408166885376 23.410924911499 23.4326152801514 23.4530239105225 23.467622756958 23.4836444854736 23.5125102996826 23.5243721008301 23.528995513916 23.5386695861816 23.532039642334 23.5249500274658 23.5044727325439 23.4971542358398 23.4752883911133 23.446985244751 23.43088722229 23.4277629852295 23.4106140136719 23.3975849151611 23.3931293487549 23.3743534088135 23.3747234344482 23.3623847961426 23.3258609771729 23.3050956726074 23.2684803009033 23.2202014923096 23.1907787322998 23.1748447418213 23.1340770721436 23.1229476928711 23.0940189361572 23.074535369873 23.0652198791504 23.0633525848389
23.6140289306641 23.6104736328125 23.6074275970459 23.5995597839355 23.5950355529785 23.5884857177734 23.5646018981934 23.5550270080566 23.5378093719482 23.5148620605469 23.5057964324951 23.4946975708008 23.4726333618164 23.4542388916016 23.4474086761475 23.4423942565918 23.4308032989502 23.4338417053223 23.4480266571045 23.4476051330566 23.4579906463623 23.46999168396 23.4627227783203 23.4816207885742 23.5042419433594 23.5188312530518 23.5420150756836 23.5562362670898 23.562105178833 23.5648307800293 23.5821304321289 23.5759544372559 23.5724639892578 23.5581493377686 23.5532665252686 23.5476055145264 23.5223693847656 23.5146198272705 23.5055923461914 23.4887599945068 23.4811534881592 23.4734573364258 23.4380168914795 23.4376735687256 23.4287185668945 23.3925685882568 23.3731384277344 23.3576126098633 23.2857704162598 23.2723617553711 23.2608947753906 23.2178840637207 23.2011299133301 23.1860027313232 23.1451435089111 23.1388397216797 23.1371631622314
23.6235027313232 23.6041603088379 23.6150741577148 23.614294052124 23.6079292297363 23.5975589752197 23.5855484008789 23.5660095214844 23.5472888946533 23.5307769775391 23.4958362579346 23.4972496032715 23.4931697845459 23.4641094207764 23.4545841217041 23.4418087005615 23.4236030578613 23.4470081329346 23.4597187042236 23.44895362854 23.4754543304443 23.4823684692383 23.4716053009033 23.5257110595703 23.5404262542725 23.5350341796875 23.5654850006104 23.5772838592529 23.5784606933594 23.583797454834 23.5965976715088 23.5789623260498 23.5861434936523 23.5882091522217 23.5864219665527 23.5632705688477 23.5495758056641 23.5281276702881 23.5273361206055 23.5206069946289 23.5201835632324 23.4995193481445 23.4720973968506 23.4665565490723 23.4463481903076 23.4289875030518 23.399881362915 23.3723316192627 23.3323631286621 23.2842388153076 23.274787902832 23.2518768310547 23.205940246582 23.2034130096436 23.1755828857422 23.1405582427979 23.1574535369873
23.6484489440918 23.6456394195557 23.6469116210938 23.6439914703369 23.6418151855469 23.618579864502 23.6027126312256 23.5871925354004 23.5727443695068 23.5443782806396 23.5280208587646 23.5211925506592 23.5035076141357 23.4968757629395 23.4854125976562 23.4565086364746 23.4577407836914 23.4737491607666 23.4862194061279 23.4847793579102 23.4892807006836 23.5177307128906 23.5338706970215 23.5445613861084 23.576042175293 23.5896778106689 23.5882587432861 23.608699798584 23.6127319335938 23.6165809631348 23.6202697753906 23.6174659729004 23.6164321899414 23.6088619232178 23.6016216278076 23.5877552032471 23.574275970459 23.5669021606445 23.5603332519531 23.5445041656494 23.5343017578125 23.5207462310791 23.5058479309082 23.4825630187988 23.4803600311279 23.4513168334961 23.4232807159424 23.4110069274902 23.3530788421631 23.3424911499023 23.3055629730225 23.2607688903809 23.2433967590332 23.2397003173828 23.2108154296875 23.1942501068115 23.1945686340332
23.7078437805176 23.670093536377 23.6708469390869 23.6699542999268 23.6699886322021 23.6681823730469 23.6543407440186 23.6423683166504 23.6246490478516 23.6049423217773 23.5906009674072 23.5807304382324 23.5616512298584 23.5514068603516 23.5480995178223 23.5486068725586 23.5297698974609 23.5343379974365 23.5496730804443 23.5617256164551 23.5700454711914 23.6057319641113 23.6207847595215 23.6172161102295 23.6481609344482 23.6617164611816 23.6643657684326 23.6826229095459 23.6871738433838 23.6902256011963 23.6798973083496 23.6801280975342 23.6788597106934 23.6719722747803 23.6693305969238 23.6603221893311 23.6510257720947 23.6362323760986 23.6348724365234 23.6114959716797 23.603214263916 23.5960597991943 23.5822105407715 23.5737361907959 23.5660343170166 23.5357990264893 23.5174655914307 23.5090942382812 23.4529151916504 23.4387760162354 23.4132328033447 23.3565311431885 23.3417015075684 23.3189105987549 23.3109035491943 23.3085784912109 23.3065090179443
23.7080078125 23.6978168487549 23.6870975494385 23.6913833618164 23.6961097717285 23.6943492889404 23.6890106201172 23.6773643493652 23.6416988372803 23.6237182617188 23.6144332885742 23.5974178314209 23.5853786468506 23.5497741699219 23.5793018341064 23.567325592041 23.5399322509766 23.5543384552002 23.5630855560303 23.5728073120117 23.6032562255859 23.6210670471191 23.6478080749512 23.6576709747314 23.6735134124756 23.7222347259521 23.7040519714355 23.7104263305664 23.737512588501 23.7281322479248 23.7303466796875 23.7135105133057 23.7164707183838 23.7161235809326 23.7233848571777 23.699634552002 23.6896209716797 23.6645374298096 23.6499710083008 23.6424694061279 23.6350727081299 23.6190185546875 23.6105403900146 23.6011562347412 23.5879402160645 23.5762805938721 23.5640087127686 23.5304183959961 23.4948978424072 23.4812908172607 23.4306697845459 23.3957023620605 23.3512210845947 23.3499546051025 23.3421421051025 23.3271350860596 23.3375072479248
23.7247180938721 23.7234878540039 23.7257099151611 23.7122364044189 23.7217636108398 23.748743057251 23.737735748291 23.7129516601562 23.688325881958 23.6422748565674 23.635892868042 23.6239471435547 23.612024307251 23.6014499664307 23.6017913818359 23.5924453735352 23.5848751068115 23.5792369842529 23.5873336791992 23.6020221710205 23.6178798675537 23.6554393768311 23.6701908111572 23.6745262145996 23.7033195495605 23.719705581665 23.7236862182617 23.7376079559326 23.7467727661133 23.7574481964111 23.7604141235352 23.7528038024902 23.7416248321533 23.7363739013672 23.7312164306641 23.7236652374268 23.7112197875977 23.7035160064697 23.6779594421387 23.6637001037598 23.6532611846924 23.6423187255859 23.6343116760254 23.6302375793457 23.6197681427002 23.5972061157227 23.5797252655029 23.5674533843994 23.5225601196289 23.4995517730713 23.4668712615967 23.4252033233643 23.3987140655518 23.3616580963135 23.3545589447021 23.3652572631836 23.3735389709473
