G_variables/Set1/RCP6_2100/Sur_tem_min.asc
NCOLS 229 
NROWS 147 
XLLCORNER -101.25 
YLLCORNER 14.3333333333333 
CELLSIZE 0.0833333333333333 
NODATA_value -9999 
[rows 52 to 77 of 147, columns 114 to 170 of 229]
23.4706401824951 23.4636478424072 23.4573307037354 23.4525413513184 23.4854965209961 23.479564666748 23.496603012085 23.5138568878174 23.5248794555664 23.5545597076416 23.5523128509521 23.5625877380371 23.6154651641846 23.6212062835693 23.6490116119385 23.6807327270508 23.694787979126 23.71169090271 23.7427864074707 23.7890224456787 23.8089199066162 23.8267688751221 23.7989273071289 23.7847461700439 23.7909183502197 23.7801876068115 23.7707061767578 23.7535858154297 23.7557125091553 23.7430286407471 23.7243728637695 23.7126483917236 23.6995143890381 23.6929416656494 23.7356147766113 23.7608489990234 23.7818012237549 23.7924308776855 23.8141765594482 23.8554725646973 23.8721237182617 23.8855571746826 23.9440631866455 23.9541988372803 23.9796314239502 24.0826282501221 24.1247615814209 24.186767578125 24.3241138458252 24.3899803161621 24.4619445800781 24.6668109893799 24.7181930541992 24.8007698059082 25.0276966094971 25.0758266448975 25.192325592041
23.5026512145996 23.5064811706543 23.4896812438965 23.4917030334473 23.5007743835449 23.5213890075684 23.5113372802734 23.5262069702148 23.5417556762695 23.5521945953369 23.5603561401367 23.5957546234131 23.6039695739746 23.6434230804443 23.6653594970703 23.684139251709 23.7221717834473 23.7252769470215 23.7484226226807 23.7737236022949 23.7983150482178 23.8046340942383 23.8072185516357 23.7854881286621 23.7954845428467 23.7982292175293 23.7744331359863 23.7627544403076 23.7499198913574 23.7340717315674 23.7217655181885 23.7018203735352 23.6969547271729 23.6862449645996 23.7336483001709 23.7397785186768 23.7649803161621 23.7703380584717 23.8168334960938 23.8351173400879 23.8345890045166 23.8921203613281 23.9111289978027 23.9122085571289 24.0093116760254 24.0465335845947 24.0848293304443 24.2084255218506 24.2695255279541 24.3600940704346 24.5078830718994 24.5939617156982 24.6966533660889 24.849983215332 24.9355049133301 25.0499668121338 25.2874240875244
23.5186042785645 23.512077331543 23.5219192504883 23.5081462860107 23.5135364532471 23.5296764373779 23.5301551818848 23.5429763793945 23.5420913696289 23.5669326782227 23.5729217529297 23.59202003479 23.616174697876 23.6340751647949 23.6420516967773 23.6937294006348 23.7121734619141 23.7246685028076 23.7472324371338 23.7615661621094 23.7672176361084 23.7798175811768 23.7812881469727 23.7959136962891 23.7839317321777 23.7759399414062 23.7683696746826 23.7498817443848 23.7399654388428 23.7303905487061 23.7132720947266 23.7058753967285 23.7133026123047 23.6999626159668 23.7089366912842 23.7207145690918 23.7680072784424 23.7954349517822 23.809986114502 23.8416519165039 23.8615112304688 23.8882942199707 23.9355640411377 23.9559020996094 23.9954242706299 24.0779838562012 24.1113510131836 24.1737804412842 24.3030490875244 24.3777236938477 24.4605922698975 24.6417427062988 24.723560333252 24.7602233886719 25.0069885253906 25.0628261566162 25.1884288787842
23.5780048370361 23.5706348419189 23.5799465179443 23.5655727386475 23.5652961730957 23.5650005340576 23.5954475402832 23.5990676879883 23.5961303710938 23.6070518493652 23.6059646606445 23.6205368041992 23.6567211151123 23.6668109893799 23.6754455566406 23.7056541442871 23.7318687438965 23.7399120330811 23.7593517303467 23.7694225311279 23.7639408111572 23.7570419311523 23.7765693664551 23.771541595459 23.7701435089111 23.7596950531006 23.7538013458252 23.7370204925537 23.7306251525879 23.736608505249 23.722038269043 23.7178554534912 23.7137393951416 23.7159080505371 23.7147693634033 23.7361679077148 23.7579708099365 23.7786045074463 23.8251934051514 23.8671360015869 23.8862113952637 23.9005432128906 23.9585227966309 23.9803695678711 23.9949359893799 24.0762119293213 24.1224250793457 24.1523323059082 24.287992477417 24.334005355835 24.4286556243896 24.5952835083008 24.6814060211182 24.7335643768311 24.9822578430176 25.1075229644775 25.1862411499023
23.6010246276855 23.5626277923584 23.5944843292236 23.5815486907959 23.5561027526855 23.5831069946289 23.6052703857422 23.6046848297119 23.6137027740479 23.5993595123291 23.6124725341797 23.6321334838867 23.6457901000977 23.6770477294922 23.683801651001 23.7015037536621 23.7250347137451 23.7410011291504 23.7472038269043 23.7630386352539 23.7531032562256 23.7685222625732 23.7684917449951 23.7582950592041 23.7518081665039 23.7355461120605 23.7380180358887 23.7434844970703 23.7307643890381 23.727560043335 23.71950340271 23.6895046234131 23.7148456573486 23.7103710174561 23.6957454681396 23.741455078125 23.7658729553223 23.7693195343018 23.8448657989502 23.8669414520264 23.8755149841309 23.9221572875977 23.9505195617676 23.9545383453369 24.0227584838867 24.0576477050781 24.0645503997803 24.1905040740967 24.2380619049072 24.2896175384521 24.4498176574707 24.5345344543457 24.6117401123047 24.8025169372559 24.8939895629883 24.9948482513428 25.2975273132324
23.6125164031982 23.5964336395264 23.5921077728271 23.5819034576416 23.58274269104 23.5855617523193 23.6099948883057 23.6156787872314 23.6077651977539 23.6065788269043 23.5932216644287 23.6119861602783 23.637903213501 23.6565570831299 23.678768157959 23.7005767822266 23.7205715179443 23.7270431518555 23.7299480438232 23.7460117340088 23.7390785217285 23.7564849853516 23.7566184997559 23.7518577575684 23.7401142120361 23.7340755462646 23.7423458099365 23.7314281463623 23.7309398651123 23.7272796630859 23.7222290039062 23.7096672058105 23.7175750732422 23.7173538208008 23.7186660766602 23.7389183044434 23.7849655151367 23.8156261444092 23.8534507751465 23.8964595794678 23.9161338806152 23.9306182861328 23.9878368377686 24.0083637237549 24.031587600708 24.1098976135254 24.1236305236816 24.1708736419678 24.2837753295898 24.3540515899658 24.4116268157959 24.5792770385742 24.6543941497803 24.7474422454834 24.9983711242676 25.0802993774414 25.2197895050049
23.6570358276367 23.6400966644287 23.6302490234375 23.6418552398682 23.6315135955811 23.6320381164551 23.6418724060059 23.6527080535889 23.6433773040771 23.6432685852051 23.6132659912109 23.6010761260986 23.6444625854492 23.6779861450195 23.6923217773438 23.7045230865479 23.7195835113525 23.7253150939941 23.7284488677979 23.7394847869873 23.7329578399658 23.7289409637451 23.7547416687012 23.7511100769043 23.7376880645752 23.7319412231445 23.740550994873 23.7324771881104 23.739278793335 23.7449340820312 23.7349643707275 23.7385482788086 23.7438545227051 23.7514266967773 23.7420406341553 23.7796211242676 23.8330974578857 23.8631210327148 23.8876247406006 23.9340953826904 23.9513988494873 23.9817161560059 24.005651473999 24.0475940704346 24.0972232818604 24.1184635162354 24.1787624359131 24.2282276153564 24.2916603088379 24.3843479156494 24.4324684143066 24.6136474609375 24.6851825714111 24.7584266662598 25.015079498291 25.0882205963135 25.2847766876221
23.6761722564697 23.6379528045654 23.6428661346436 23.6588516235352 23.6636657714844 23.6553897857666 23.6519069671631 23.6733798980713 23.6595592498779 23.6461734771729 23.6397247314453 23.6208305358887 23.6529769897461 23.6871814727783 23.6961059570312 23.7159042358398 23.7175388336182 23.7222557067871 23.7259540557861 23.7416038513184 23.7294998168945 23.7321014404297 23.7477264404297 23.747142791748 23.7389163970947 23.7081966400146 23.7152099609375 23.729341506958 23.7219543457031 23.7396469116211 23.7436923980713 23.7271289825439 23.7595596313477 23.7632579803467 23.757209777832 23.8021488189697 23.8455142974854 23.8838710784912 23.9003295898438 23.9398021697998 24.0039024353027 23.997091293335 24.0260124206543 24.093843460083 24.1093120574951 24.176944732666 24.1961231231689 24.2353630065918 24.2907981872559 24.4045314788818 24.514030456543 24.5827560424805 24.6590404510498 24.855598449707 24.9744300842285 25.0798435211182 25.4287014007568
23.6748332977295 23.6635036468506 23.6547088623047 23.6693744659424 23.6697463989258 23.6735191345215 23.6730537414551 23.6666889190674 23.6614761352539 23.6617546081543 23.6634006500244 23.6593379974365 23.6779346466064 23.6975612640381 23.7097568511963 23.7153491973877 23.7229804992676 23.7268829345703 23.7183170318604 23.7424259185791 23.7447357177734 23.7442970275879 23.7471237182617 23.7568550109863 23.7453002929688 23.7316856384277 23.739013671875 23.7519493103027 23.751371383667 23.7588024139404 23.7781143188477 23.7803211212158 23.78444480896 23.804084777832 23.8267040252686 23.8424873352051 23.8682460784912 23.8932800292969 23.9293403625488 23.954080581665 23.9958934783936 24.0227279663086 -9999 -9999 24.1446628570557 24.1963367462158 24.2439632415771 24.3231315612793 24.3580875396729 24.4307670593262 24.5262413024902 24.639820098877 24.6984539031982 24.8186702728271 25.1189994812012 25.2574424743652 25.3699970245361
23.7251014709473 23.6991691589355 23.6902923583984 23.7044563293457 23.7066211700439 23.7076110839844 23.7194843292236 23.699182510376 23.6959819793701 23.6900882720947 23.6999073028564 23.7004909515381 23.7171592712402 23.7238311767578 23.721866607666 23.72141456604 23.7228221893311 23.724910736084 23.7148723602295 23.7446041107178 23.7498035430908 23.7494583129883 23.7578125 23.7616367340088 23.7641181945801 23.7690467834473 23.7699871063232 23.7884349822998 23.7917804718018 23.8020896911621 23.8111305236816 23.8283843994141 23.8348064422607 23.8543281555176 23.8819103240967 23.8907833099365 23.9088611602783 23.9269981384277 -9999 -9999 -9999 -9999 -9999 -9999 -9999 -9999 -9999 -9999 -9999 -9999 24.584098815918 24.6786327362061 24.8624172210693 24.9326210021973 25.1278686523438 25.3548755645752 -9999
23.7420978546143 23.6880016326904 23.6982822418213 23.7129955291748 23.706615447998 23.7209873199463 23.7193851470947 23.7279815673828 23.7141742706299 23.7053165435791 23.7260818481445 23.7183246612549 23.7339935302734 23.7296028137207 23.7313175201416 23.7270584106445 23.7211418151855 23.7285957336426 23.7507667541504 23.7364292144775 23.7534923553467 23.7544937133789 23.766429901123 23.7674865722656 23.7716102600098 23.8115348815918 23.7942276000977 23.8198165893555 23.853401184082 23.8265514373779 23.8379936218262 23.886251449585 23.8675918579102 23.8841361999512 23.9606170654297 -9999 -9999 -9999 -9999 -9999 -9999 -9999 -9999 -9999 -9999 -9999 -9999 -9999 -9999 -9999 -9999 -9999 -9999 -9999 -9999 -9999 -9999
23.7439785003662 23.7281017303467 23.7219905853271 23.7208919525146 23.7205219268799 23.7266025543213 23.732048034668 23.7337741851807 23.7280578613281 23.7289390563965 23.7403087615967 23.7353630065918 23.7445278167725 23.7435436248779 23.7439136505127 23.7334842681885 23.7331733703613 23.7349739074707 23.7590923309326 23.7462463378906 23.7459831237793 23.7509460449219 23.7589778900146 23.7699432373047 23.7763118743896 23.8044586181641 23.8219223022461 23.8323879241943 -9999 -9999 -9999 -9999 -9999 -9999 -9999 -9999 -9999 -9999 -9999 -9999 -9999 -9999 -9999 -9999 -9999 -9999 -9999 -9999 -9999 -9999 -9999 -9999 -9999 -9999 -9999 -9999 -9999
23.779016494751 23.7564907073975 23.7514591217041 23.7576122283936 23.7466659545898 23.7505207061768 23.7476253509521 23.7519779205322 23.750804901123 23.7484588623047 23.7668533325195 23.7661075592041 23.753812789917 23.7367687225342 23.7310829162598 23.7176856994629 23.7167110443115 23.7262535095215 23.7420597076416 23.742301940918 23.7560997009277 23.7571277618408 23.764835357666 -9999 -9999 -9999 -9999 -9999 -9999 -9999 -9999 -9999 -9999 -9999 -9999 -9999 -9999 -9999 -9999 -9999 -9999 -9999 -9999 -9999 -9999 -9999 -9999 -9999 -9999 -9999 -9999 -9999 -9999 -9999 -9999 -9999 -9999
23.79421043396 23.7566394805908 23.7594928741455 23.7680988311768 23.7366580963135 23.7565937042236 23.7553329467773 23.7647342681885 23.7625961303711 23.7544593811035 23.7840919494629 23.772912979126 23.7708702087402 23.7841377258301 23.7378921508789 23.7262935638428 23.7200965881348 23.7252311706543 23.7434959411621 23.7505435943604 23.7529678344727 -9999 -9999 -9999 -9999 -9999 -9999 -9999 -9999 -9999 -9999 -9999 -9999 -9999 -9999 -9999 -9999 -9999 -9999 -9999 -9999 -9999 -9999 -9999 -9999 -9999 -9999 -9999 -9999 -9999 -9999 -9999 -9999 -9999 -9999 -9999 -9999
23.8019180297852 23.7836971282959 23.7759418487549 23.7475967407227 23.7582893371582 23.7605628967285 23.7656993865967 23.7613544464111 23.7671070098877 23.7529811859131 23.7495002746582 23.7836742401123 23.7557678222656 23.7478408813477 23.7380542755127 23.7217578887939 23.7151145935059 23.7165088653564 -9999 -9999 -9999 -9999 -9999 -9999 -9999 -9999 -9999 -9999 -9999 -9999 -9999 -9999 -9999 -9999 -9999 -9999 -9999 -9999 -9999 -9999 -9999 -9999 -9999 -9999 -9999 -9999 -9999 -9999 -9999 -9999 -9999 -9999 -9999 -9999 -9999 -9999 -9999
23.8335399627686 23.8138217926025 23.8024215698242 23.7759208679199 23.7598705291748 23.7712154388428 23.7792854309082 23.7758464813232 23.7824535369873 23.7676296234131 23.7756195068359 23.7892951965332 23.7440948486328 23.730188369751 23.7103729248047 23.6939430236816 23.6795883178711 -9999 -9999 -9999 -9999 -9999 -9999 -9999 -9999 -9999 -9999 -9999 -9999 -9999 -9999 -9999 -9999 -9999 -9999 -9999 -9999 -9999 -9999 -9999 -9999 -9999 -9999 -9999 -9999 -9999 -9999 -9999 -9999 -9999 -9999 -9999 -9999 -9999 -9999 -9999 -9999
23.8526515960693 23.8016834259033 23.8060913085938 23.7725143432617 23.7539768218994 23.780445098877 23.7797908782959 23.792781829834 23.777660369873 23.77858543396 23.8237838745117 23.7742671966553 23.7430191040039 23.6845817565918 23.7022876739502 23.6811122894287 23.6323089599609 -9999 -9999 -9999 -9999 -9999 -9999 -9999 -9999 -9999 -9999 -9999 -9999 -9999 -9999 -9999 -9999 -9999 -9999 -9999 -9999 -9999 -9999 -9999 -9999 -9999 -9999 -9999 -9999 -9999 -9999 -9999 -9999 -9999 -9999 -9999 -9999 -9999 -9999 -9999 -9999
23.8509140014648 23.8345699310303 23.8213939666748 23.8021507263184 23.7791194915771 23.7796783447266 23.7838516235352 23.7869129180908 23.7902202606201 23.7661819458008 23.7768669128418 23.7886371612549 23.729772567749 23.7141361236572 23.7001476287842 23.7085342407227 23.6949882507324 -9999 -9999 -9999 -9999 -9999 -9999 -9999 -9999 -9999 -9999 -9999 -9999 -9999 -9999 -9999 -9999 -9999 -9999 -9999 -9999 -9999 -9999 -9999 -9999 -9999 -9999 -9999 -9999 -9999 -9999 -9999 -9999 -9999 -9999 -9999 -9999 -9999 -9999 -9999 -9999
23.8869075775146 23.8713302612305 23.8641967773438 23.8490009307861 23.8290119171143 23.8258171081543 23.814453125 23.7942600250244 23.7827377319336 23.7871685028076 23.7605895996094 23.773904800415 23.7175941467285 23.6982250213623 23.7235145568848 23.7039432525635 -9999 -9999 -9999 -9999 -9999 -9999 -9999 -9999 -9999 -9999 -9999 -9999 -9999 -9999 -9999 -9999 -9999 -9999 -9999 -9999 -9999 -9999 -9999 -9999 -9999 -9999 -9999 -9999 -9999 -9999 -9999 -9999 -9999 -9999 -9999 -9999 -9999 -9999 -9999 -9999 27.4505424499512
23.9272651672363 23.8571224212646 23.8628578186035 23.8549938201904 23.8280353546143 23.8248119354248 23.8177318572998 23.8233833312988 23.8005771636963 23.7814769744873 23.7943172454834 23.7617797851562 23.7275199890137 23.6848278045654 23.7175216674805 23.7094821929932 -9999 -9999 -9999 -9999 -9999 -9999 -9999 -9999 -9999 -9999 -9999 -9999 -9999 -9999 -9999 -9999 -9999 -9999 -9999 -9999 -9999 -9999 -9999 -9999 -9999 -9999 -9999 -9999 -9999 -9999 -9999 -9999 -9999 -9999 -9999 -9999 -9999 -9999 -9999 27.476619720459 27.4937515258789
23.9358024597168 23.9143486022949 23.8827247619629 23.8591899871826 23.8533592224121 23.8392772674561 23.8102760314941 23.804817199707 23.8101959228516 23.7661437988281 23.7688274383545 23.7754573822021 23.7400054931641 23.7132396697998 23.7107105255127 -9999 -9999 -9999 -9999 -9999 -9999 -9999 -9999 -9999 -9999 -9999 -9999 -9999 -9999 -9999 -9999 -9999 -9999 -9999 -9999 -9999 -9999 -9999 -9999 -9999 -9999 -9999 -9999 -9999 -9999 -9999 -9999 -9999 -9999 -9999 -9999 -9999 -9999 -9999 27.4755020141602 27.5043029785156 27.5165119171143
23.990104675293 23.9595718383789 23.9512348175049 23.9076957702637 23.8992099761963 23.8632469177246 23.8262615203857 23.7955570220947 23.8050899505615 23.7501106262207 23.778564453125 23.773853302002 23.7263946533203 23.736400604248 23.7421360015869 23.734432220459 -9999 -9999 -9999 -9999 -9999 -9999 -9999 -9999 -9999 -9999 -9999 -9999 -9999 -9999 -9999 -9999 -9999 -9999 -9999 -9999 -9999 -9999 -9999 -9999 -9999 -9999 -9999 -9999 -9999 -9999 -9999 -9999 -9999 -9999 -9999 -9999 -9999 27.4896354675293 27.5188121795654 27.5239295959473 27.5478916168213
24.0039901733398 23.9654216766357 23.9553508758545 23.9349956512451 23.9283332824707 23.8770503997803 23.8317756652832 23.8357238769531 23.7937088012695 23.797233581543 23.7574672698975 23.7633247375488 23.7526779174805 23.7192897796631 23.7482795715332 -9999 -9999 -9999 -9999 -9999 -9999 -9999 -9999 -9999 -9999 -9999 -9999 -9999 -9999 -9999 -9999 -9999 -9999 -9999 -9999 -9999 -9999 -9999 -9999 -9999 -9999 -9999 -9999 -9999 -9999 -9999 -9999 -9999 -9999 -9999 -9999 -9999 -9999 27.5028820037842 27.5209197998047 27.517391204834 27.5524559020996
24.018217086792 23.9907875061035 23.9808578491211 23.9340724945068 23.9191951751709 23.8770713806152 23.8492107391357 23.8318538665771 23.8165607452393 23.7933235168457 23.7561931610107 23.7782039642334 23.758472442627 23.7457485198975 23.7567958831787 -9999 -9999 -9999 -9999 -9999 -9999 -9999 -9999 -9999 -9999 -9999 -9999 -9999 -9999 -9999 -9999 -9999 -9999 -9999 -9999 -9999 -9999 -9999 -9999 -9999 -9999 -9999 -9999 -9999 -9999 -9999 -9999 -9999 -9999 -9999 -9999 27.4327735900879 27.4463520050049 27.5018844604492 27.527645111084 27.5479145050049 27.5567169189453
24.0875244140625 24.0642566680908 24.0346164703369 23.9812450408936 23.9388732910156 23.9263668060303 23.8632488250732 23.8433151245117 23.846378326416 23.7979888916016 23.7818088531494 23.7707443237305 23.787956237793 23.7918262481689 23.8082695007324 -9999 -9999 -9999 -9999 -9999 -9999 -9999 -9999 -9999 -9999 -9999 -9999 -9999 -9999 -9999 -9999 -9999 -9999 -9999 -9999 -9999 -9999 -9999 -9999 -9999 -9999 -9999 -9999 -9999 -9999 -9999 -9999 -9999 -9999 -9999 -9999 27.4273109436035 27.4439010620117 27.5111141204834 27.5330085754395 27.5555973052979 27.6090641021729
24.1177749633789 24.0773868560791 24.0376396179199 24.0105171203613 24.0071125030518 23.921365737915 23.8787364959717 23.8260612487793 23.830472946167 23.8162441253662 23.7623615264893 23.7716999053955 23.8032932281494 23.7910003662109 23.8168239593506 -9999 -9999 -9999 -9999 -9999 -9999 -9999 -9999 -9999 -9999 -9999 -9999 -9999 -9999 -9999 -9999 -9999 -9999 -9999 -9999 -9999 -9999 -9999 -9999 -9999 -9999 -9999 -9999 -9999 -9999 -9999 -9999 -9999 -9999 -9999 -9999 27.4187679290771 27.4683418273926 27.4778308868408 27.5453281402588 27.6144428253174 27.6363945007324
