G_variables/Set1/RCP6_2100/Sur_sal_min.asc
NCOLS 229 
NROWS 147 
XLLCORNER -101.25 
YLLCORNER 14.3333333333333 
CELLSIZE 0.0833333333333333 
NODATA_value -9999 
[rows 78 to 103 of 147, columns 57 to 113 of 229]
33.6635818481445 33.7879333496094 33.8007431030273 33.9147262573242 34.1730270385742 34.6164588928223 34.8031463623047 35.0695762634277 35.3745536804199 35.4630126953125 35.510684967041 35.5860748291016 35.5806922912598 35.5715026855469 35.6191596984863 35.6233711242676 35.6403617858887 35.6490173339844 35.6478729248047 35.627799987793 35.5836524963379 35.5686950683594 35.5171737670898 35.5181846618652 35.5006065368652 35.4399948120117 35.4295539855957 35.3993492126465 35.3407897949219 35.3058395385742 35.2289924621582 35.1150283813477 35.0193748474121 34.9382095336914 34.8303680419922 34.7511138916016 34.7312469482422 34.6547012329102 34.5467681884766 34.4614791870117 34.1791076660156 33.9467315673828 33.8420066833496 33.7066802978516 33.7403984069824 33.7507705688477 33.8043785095215 33.9488868713379 34.0065612792969 34.1013526916504 34.2042999267578 34.2246131896973 34.2115287780762 34.2267150878906 34.2683486938477 34.3447570800781 34.5029983520508
33.5964660644531 33.7082939147949 33.7059440612793 33.762622833252 34.0826950073242 34.4237670898438 34.6925811767578 35.0082397460938 35.2569160461426 35.4102516174316 35.4741325378418 35.4948425292969 35.5647964477539 35.5620155334473 35.5827713012695 35.6288414001465 35.6404991149902 35.6642112731934 35.6470222473145 35.6329040527344 35.5942192077637 35.5437469482422 35.5114707946777 35.5006484985352 35.4710235595703 35.4244728088379 35.3947448730469 35.3792037963867 35.3302040100098 35.2838592529297 35.2397689819336 35.1196250915527 35.0152931213379 34.9493865966797 34.827278137207 34.7512702941895 34.6764450073242 34.6361122131348 34.5278701782227 34.357063293457 34.1405639648438 33.8743209838867 33.7300796508789 33.6495933532715 33.627742767334 33.6703872680664 33.7595329284668 33.8489265441895 33.9453964233398 34.0760345458984 34.1465759277344 34.1826324462891 34.1910018920898 34.1760406494141 34.2202529907227 34.3236198425293 34.4551887512207
33.3089561462402 33.6074371337891 33.318244934082 33.388126373291 33.9205169677734 34.2309036254883 34.3678436279297 34.7741394042969 35.0480728149414 35.1217079162598 35.3132019042969 35.4273986816406 35.4552841186523 35.5556716918945 35.5801887512207 35.595817565918 35.6465721130371 35.6331062316895 35.6279602050781 35.5945625305176 35.553840637207 35.5343780517578 35.4848175048828 35.4217758178711 35.4132194519043 35.381404876709 35.333740234375 35.3242340087891 35.2903366088867 35.2119979858398 35.1888275146484 35.0997352600098 34.9905776977539 34.9543228149414 34.8603591918945 34.7332954406738 34.6939506530762 34.5401382446289 34.3155250549316 34.2386207580566 34.0060539245605 33.755199432373 33.6833190917969 33.6093444824219 33.5203628540039 33.5414619445801 33.6797065734863 33.7653579711914 33.8082733154297 33.9481544494629 34.0221405029297 34.0347747802734 34.1174278259277 34.1593360900879 34.1798706054688 34.3287010192871 34.4446449279785
33.1470031738281 33.1498718261719 33.072639465332 33.1317329406738 33.3853034973145 33.9464912414551 34.2066421508789 34.5155334472656 34.818187713623 34.9422912597656 35.084300994873 35.2919120788574 35.3234825134277 35.3494567871094 35.5121421813965 35.5323753356934 35.4999465942383 35.5958099365234 35.5829887390137 35.4593772888184 35.4435119628906 35.4348678588867 35.3191032409668 35.3136749267578 35.2956275939941 35.2393760681152 35.251522064209 35.2273635864258 35.1872367858887 35.1782493591309 35.128719329834 35.0206451416016 34.951244354248 34.8736305236816 34.7600364685059 34.7034034729004 34.6359519958496 34.469181060791 34.295711517334 34.1541290283203 33.7817039489746 33.5372123718262 33.4067153930664 33.2598876953125 33.3266754150391 33.3625259399414 33.4398460388184 33.6084861755371 33.6933822631836 33.7898292541504 33.928581237793 33.9559059143066 33.99462890625 34.0681533813477 34.1008033752441 34.2212944030762 34.368896484375
-9999 32.9098472595215 32.8623733520508 33.0171432495117 33.2618026733398 33.6737937927246 34.0258483886719 34.4239234924316 34.6433792114258 34.7971801757812 35.0039138793945 35.121509552002 35.215389251709 35.3023986816406 35.3907203674316 35.4417839050293 35.4496803283691 35.4875831604004 35.4956970214844 35.4145469665527 35.3595809936523 35.3270950317383 35.2738342285156 35.2273483276367 35.2192993164062 35.1972427368164 35.1718101501465 35.1732063293457 35.1578483581543 35.1118621826172 35.0741271972656 34.9939041137695 34.8993072509766 34.8284721374512 34.7313270568848 34.6474647521973 34.5515785217285 34.4288139343262 34.2433013916016 34.0374870300293 33.7279090881348 33.4191627502441 33.2950439453125 33.2120208740234 33.2171058654785 33.2715721130371 33.3873291015625 33.508358001709 33.5947113037109 33.7396430969238 33.8269081115723 33.910587310791 33.9686698913574 33.9994125366211 34.1031265258789 34.221363067627 34.3526611328125
-9999 32.7587356567383 32.7019233703613 32.8791160583496 33.1579170227051 33.4050674438477 33.5825576782227 34.1099128723145 34.3908882141113 34.4736518859863 34.7505226135254 34.9003524780273 34.9491424560547 35.1355972290039 35.1822738647461 35.2069854736328 35.3034515380859 35.2647705078125 35.2656478881836 35.2942924499512 35.199104309082 35.1817970275879 35.1913757324219 35.0976943969727 35.0929412841797 35.1127319335938 35.0590782165527 35.0577735900879 35.0580253601074 34.9863929748535 34.9658164978027 34.9142570495605 34.7891235351562 34.7532958984375 34.6603813171387 34.4976844787598 34.4483451843262 34.2601470947266 33.9720764160156 33.8733253479004 33.6107978820801 33.2950286865234 33.2392463684082 33.1934013366699 33.1030883789062 33.1331481933594 33.2879905700684 33.366870880127 33.4118232727051 33.5755424499512 33.6963386535645 33.7320899963379 33.8946685791016 34.0258750915527 34.070743560791 34.2535858154297 34.3620223999023
-9999 32.2952537536621 32.0449562072754 32.155445098877 32.6106414794922 32.9730262756348 33.2930488586426 33.5161170959473 34.0370750427246 34.2012672424316 34.315113067627 34.6035499572754 34.6972045898438 34.7681503295898 34.9122619628906 34.9562301635742 34.9903450012207 35.0523414611816 35.0431976318359 35.0227165222168 35.0269317626953 34.9767951965332 34.9417762756348 34.9480094909668 34.9297714233398 34.9048652648926 34.9323921203613 34.9260749816895 34.8945617675781 34.8986053466797 34.8572235107422 34.7501220703125 34.6804046630859 34.6135063171387 34.4933090209961 34.395751953125 34.3142547607422 34.122615814209 33.8999900817871 33.7052993774414 33.2815361022949 33.0081481933594 32.8802909851074 32.7212600708008 32.8545112609863 32.9086532592773 32.8830757141113 33.1014213562012 33.1859283447266 33.229549407959 33.4945678710938 33.5561637878418 33.6492691040039 33.9265747070312 33.9987640380859 34.0787124633789 34.2939720153809
-9999 -9999 31.9934177398682 32.0718612670898 32.4975471496582 32.8447875976562 32.9572486877441 33.335090637207 33.6374969482422 33.9672203063965 34.1839637756348 34.3259773254395 34.5080032348633 34.6677932739258 34.7079696655273 34.7907752990723 34.906177520752 34.8882217407227 34.9232215881348 34.9543762207031 34.8785514831543 34.8751831054688 34.8704414367676 34.8395042419434 34.8367691040039 34.8573608398438 34.8377647399902 34.8334350585938 34.8480453491211 34.8084602355957 34.7735710144043 34.7054595947266 34.5892105102539 34.5271148681641 34.4457740783691 34.2977256774902 34.1816558837891 34.0623817443848 33.799877166748 33.5527000427246 33.2084045410156 32.8759460449219 32.6984519958496 32.6351470947266 32.6880531311035 32.6990852355957 32.7804222106934 32.9069137573242 33.0036315917969 33.1267738342285 33.2862129211426 33.4431686401367 33.5771484375 33.7525863647461 33.9008979797363 34.0325126647949 34.2097473144531
-9999 -9999 32.229434967041 32.2577629089355 32.192138671875 32.4093704223633 32.5113563537598 32.73681640625 33.1463203430176 33.2881851196289 33.8187141418457 33.9971237182617 34.076473236084 34.3833694458008 34.4586868286133 34.4983596801758 34.6439743041992 34.658618927002 34.6752510070801 34.7411346435547 34.7039489746094 34.7067947387695 34.7383003234863 34.6824951171875 34.7047920227051 34.7406883239746 34.6942901611328 34.6933364868164 34.7012367248535 34.6328392028809 34.6142387390137 34.5675430297852 34.4493446350098 34.4130210876465 34.3196792602539 34.1105804443359 34.0564842224121 33.8365478515625 33.4818725585938 33.3669738769531 33.0816650390625 32.6838035583496 32.6042518615723 32.5570602416992 32.3778686523438 32.3925514221191 32.5597076416016 32.5847129821777 32.6335487365723 32.8931427001953 33.0236396789551 33.0906524658203 33.4254760742188 33.5756072998047 33.6478614807129 33.9067344665527 33.9912872314453
-9999 -9999 32.1159706115723 32.0902061462402 31.6336536407471 31.4232597351074 31.4869384765625 32.0696334838867 32.3169937133789 32.5339584350586 32.6967811584473 33.4397239685059 33.5655937194824 33.582332611084 34.0694427490234 34.136791229248 34.1332817077637 34.4154815673828 34.4327545166016 34.4264297485352 34.5485305786133 34.5328063964844 34.5139389038086 34.5456695556641 34.56787109375 34.5530166625977 34.5632781982422 34.562858581543 34.5229606628418 34.5006408691406 34.4650344848633 34.3754768371582 34.3265380859375 34.2594528198242 34.1259422302246 34.0291519165039 33.9249610900879 33.5700263977051 33.3085708618164 33.0802574157715 32.3953971862793 32.1712875366211 32.022045135498 31.5431137084961 31.7640800476074 31.8204860687256 31.499080657959 31.889799118042 31.9807376861572 31.7837333679199 32.3715438842773 32.4922256469727 32.4602165222168 33.09912109375 33.2327079772949 33.2337646484375 33.6403312683105
-9999 -9999 -9999 -9999 31.5038528442383 31.277494430542 31.3118648529053 31.8333358764648 31.8552646636963 31.946346282959 32.3783187866211 32.7736968994141 33.1516723632812 33.3521118164062 33.5769805908203 33.8748397827148 33.984504699707 34.0893707275391 34.2842483520508 34.3377532958984 34.3520774841309 34.4391288757324 34.4602470397949 34.4345092773438 34.4570846557617 34.5109405517578 34.4801597595215 34.4595909118652 34.4762153625488 34.4120025634766 34.3643493652344 34.3253173828125 34.2205619812012 34.1503562927246 34.0776557922363 33.9322814941406 33.7112770080566 33.4770050048828 33.1548385620117 32.7028465270996 32.224536895752 31.8674144744873 31.5346202850342 31.3064041137695 31.3147602081299 31.2227325439453 31.2155246734619 31.3505249023438 31.3745937347412 31.4766273498535 31.7772655487061 31.9971961975098 32.1873512268066 32.5321083068848 32.8703536987305 33.0340690612793 33.2218017578125
-9999 -9999 -9999 -9999 31.4691848754883 31.383113861084 31.5653038024902 31.2411651611328 31.2330207824707 31.3079376220703 31.4999485015869 31.8416633605957 32.0087699890137 32.7312393188477 32.9576187133789 33.0785140991211 33.5899696350098 33.7196235656738 33.7957878112793 34.0959358215332 34.1500663757324 34.1851577758789 34.3181381225586 34.3074493408203 34.3164138793945 34.3954277038574 34.3460121154785 34.3370475769043 34.3272247314453 34.2412071228027 34.2192649841309 34.173942565918 34.0361557006836 34.0048789978027 33.8905982971191 33.5711402893066 33.4743728637695 33.1479034423828 32.4882164001465 32.2935371398926 31.8678607940674 31.1333541870117 30.9885749816895 30.8827724456787 30.3730754852295 30.3407459259033 30.6032638549805 30.2999439239502 30.3446674346924 30.8219108581543 30.7976169586182 30.8890743255615 31.5542259216309 31.741849899292 31.8822956085205 32.5076370239258 32.5627365112305
-9999 -9999 -9999 -9999 -9999 30.9233875274658 31.0508804321289 30.8738403320312 30.3062839508057 30.2322807312012 30.8392181396484 31.2107543945312 31.3667583465576 31.9087905883789 32.5257873535156 32.6510963439941 32.7653579711914 33.2373733520508 33.3386611938477 33.5798263549805 33.9393577575684 33.9764442443848 34.0461349487305 34.1660614013672 34.173698425293 34.1796264648438 34.2513122558594 34.2416229248047 34.1650428771973 34.1126441955566 34.0742835998535 33.9411888122559 33.8723297119141 33.811107635498 33.5577201843262 33.359806060791 33.2018356323242 32.5145378112793 31.9751358032227 31.6355648040771 30.6660919189453 30.1377964019775 29.8859405517578 29.408166885376 29.3361721038818 29.2925682067871 29.3794727325439 29.5742588043213 29.5876426696777 29.7982711791992 30.0340995788574 30.1250438690186 30.644458770752 31.1815452575684 31.3191223144531 31.4772186279297 31.9018573760986
-9999 -9999 -9999 -9999 -9999 -9999 30.9624767303467 30.727201461792 30.0008029937744 30.0712947845459 30.9562892913818 31.0582313537598 31.2129077911377 31.7634525299072 32.1938362121582 32.3547821044922 32.613639831543 33.0353851318359 33.1129035949707 33.4393348693848 33.6146469116211 33.8457565307617 33.9746627807617 34.015209197998 34.0871734619141 34.132568359375 34.1187477111816 34.1517448425293 34.1272010803223 34.0377655029297 33.9476776123047 33.8873901367188 33.7642059326172 33.5902709960938 33.4608001708984 33.1872100830078 32.7642364501953 32.3231048583984 31.6503887176514 31.0426483154297 30.3840827941895 29.5954570770264 29.2513866424561 29.0877933502197 28.7063121795654 28.6971874237061 29.0657997131348 28.9362258911133 29.0343494415283 29.6251316070557 29.8442535400391 29.9508228302002 30.4810771942139 30.7574501037598 30.9601726531982 31.2814292907715 31.5352249145508
-9999 -9999 -9999 -9999 -9999 -9999 30.9683322906494 30.6496124267578 30.5114727020264 30.5594387054443 30.7626132965088 31.2538204193115 31.5000648498535 31.4951190948486 32.2169303894043 32.3723487854004 32.3162002563477 32.7680931091309 32.850170135498 32.9871292114258 33.3076515197754 33.4074554443359 33.7373657226562 33.8333549499512 33.8663444519043 33.9722061157227 33.9609184265137 33.9949645996094 33.9961013793945 33.8571662902832 33.8179397583008 33.7152404785156 33.4379730224609 33.3611297607422 33.0850868225098 32.487377166748 32.2956428527832 31.6523895263672 30.680492401123 30.389030456543 29.728759765625 28.8034038543701 28.6252918243408 28.4065952301025 28.3438606262207 28.3538055419922 28.1286811828613 28.9446086883545 29.1108856201172 29.0025215148926 29.7268371582031 30.2788486480713 30.1105461120605 30.8034820556641 31.0096035003662 30.6529121398926 31.1685981750488
-9999 -9999 -9999 -9999 -9999 -9999 -9999 -9999 30.7489490509033 30.7828121185303 31.2405281066895 31.0657196044922 31.2847518920898 31.4444599151611 31.6641654968262 32.213249206543 32.1998596191406 32.3228912353516 32.3412437438965 32.9524955749512 33.1948089599609 33.2911911010742 33.529972076416 33.5682144165039 33.6189117431641 33.6959419250488 33.8578987121582 33.8526458740234 33.7627029418945 33.6946411132812 33.6287612915039 33.4237937927246 33.2485008239746 33.1256484985352 32.8641815185547 32.3004112243652 31.9736022949219 31.6155452728271 30.1806697845459 29.9308567047119 29.1066932678223 28.2395076751709 28.1001586914062 27.8927898406982 27.632230758667 27.7891979217529 27.9182376861572 28.3631839752197 28.8532428741455 29.0457878112793 29.1817665100098 30.0231494903564 30.1440296173096 30.3668022155762 30.6634330749512 30.5043029785156 30.6955451965332
-9999 -9999 -9999 -9999 -9999 -9999 -9999 30.8863849639893 30.8793716430664 -9999 31.0509185791016 31.1284637451172 31.3325309753418 31.4527931213379 31.5216274261475 32.1719779968262 32.1595573425293 32.1958923339844 32.2747383117676 32.748722076416 33.0071258544922 33.1673431396484 33.2254295349121 33.4544067382812 33.4820861816406 33.6141700744629 33.6715126037598 33.6999816894531 33.6675567626953 33.5970268249512 33.5018157958984 33.3539505004883 33.0873336791992 32.9841003417969 32.792552947998 32.1559371948242 32.0026626586914 30.9970531463623 30.3279609680176 29.7727375030518 28.9998512268066 28.1218719482422 27.9898223876953 27.8006286621094 27.5429210662842 27.5324764251709 27.8273391723633 28.0102939605713 28.2569274902344 29.0165672302246 28.8192100524902 29.3484420776367 30.2592887878418 30.0494937896729 30.4762172698975 30.4477958679199 30.3120250701904
-9999 -9999 -9999 -9999 -9999 -9999 -9999 -9999 -9999 -9999 -9999 -9999 -9999 -9999 -9999 -9999 32.2076606750488 32.4939613342285 32.6087036132812 32.7746200561523 32.914436340332 33.0829467773438 33.0280799865723 33.070686340332 33.1073989868164 33.3543014526367 33.3679008483887 33.386116027832 33.4124450683594 33.2791404724121 33.265552520752 33.0723724365234 32.8503150939941 32.7763938903809 32.3551406860352 32.1823844909668 32.0316200256348 31.139217376709 30.6821422576904 30.0000286102295 29.1170387268066 28.7324657440186 28.2725849151611 28.1959609985352 27.8084335327148 27.8093509674072 27.8740139007568 27.9928588867188 28.2256774902344 -9999 -9999 -9999 -9999 30.0458354949951 30.4663963317871 30.4672718048096 30.4571876525879
-9999 -9999 -9999 -9999 -9999 -9999 -9999 -9999 -9999 -9999 -9999 -9999 -9999 -9999 -9999 -9999 -9999 32.5074157714844 32.7306632995605 32.5382499694824 32.6825828552246 32.6558990478516 32.6866340637207 32.8239860534668 32.8601226806641 32.8921089172363 33.1244316101074 33.1440925598145 33.0518226623535 33.0557136535645 33.0177421569824 32.9470291137695 32.7768707275391 32.7286796569824 32.2834854125977 32.1735763549805 32.1302223205566 31.3300189971924 30.8276691436768 29.8946876525879 29.2910213470459 29.0177612304688 28.4739265441895 28.3378772735596 27.9428424835205 -9999 -9999 -9999 -9999 -9999 -9999 -9999 -9999 30.0325412750244 30.4782257080078 30.4942646026611 30.5129909515381
-9999 -9999 -9999 -9999 -9999 -9999 -9999 -9999 -9999 -9999 -9999 -9999 -9999 -9999 -9999 -9999 -9999 -9999 -9999 -9999 32.5607528686523 32.5819358825684 32.6038970947266 32.5596008300781 32.629207611084 32.757251739502 32.8713798522949 32.9023056030273 32.9448051452637 32.8648414611816 32.7939376831055 32.8686141967773 32.7495765686035 32.7122230529785 32.6346206665039 32.1935272216797 32.1212310791016 31.4196834564209 31.0995330810547 30.1048793792725 29.4274291992188 29.1947021484375 28.631290435791 28.5270481109619 -9999 -9999 -9999 -9999 -9999 -9999 -9999 -9999 -9999 -9999 -9999 30.512487411499 30.5215911865234
-9999 -9999 -9999 -9999 -9999 -9999 -9999 -9999 -9999 -9999 -9999 -9999 -9999 -9999 -9999 -9999 -9999 -9999 -9999 -9999 -9999 32.5327682495117 32.4919624328613 32.4407386779785 32.5016021728516 32.4504661560059 32.5349235534668 32.5721740722656 32.4834251403809 32.8410758972168 32.781852722168 32.6972274780273 32.8703842163086 32.7036323547363 32.6514778137207 32.171989440918 -9999 -9999 -9999 -9999 29.9291687011719 -9999 -9999 -9999 -9999 -9999 -9999 -9999 -9999 -9999 -9999 -9999 -9999 -9999 -9999 -9999 -9999
-9999 -9999 -9999 -9999 -9999 -9999 -9999 -9999 -9999 -9999 -9999 -9999 -9999 -9999 -9999 -9999 -9999 -9999 -9999 -9999 -9999 -9999 32.3506774902344 32.1824684143066 32.1499176025391 32.2871017456055 32.1858100891113 32.2090187072754 32.3250045776367 32.5422058105469 32.6483345031738 32.5998954772949 32.6029090881348 32.4845581054688 32.2212524414062 -9999 -9999 -9999 -9999 -9999 -9999 -9999 -9999 -9999 -9999 -9999 -9999 -9999 -9999 -9999 -9999 -9999 -9999 -9999 -9999 -9999 -9999
-9999 -9999 -9999 -9999 -9999 -9999 -9999 -9999 -9999 -9999 -9999 -9999 -9999 -9999 -9999 -9999 -9999 -9999 -9999 -9999 -9999 -9999 -9999 32.1291847229004 32.0940971374512 32.1924285888672 32.106616973877 32.0556297302246 32.2508735656738 32.3565711975098 -9999 32.5702362060547 -9999 -9999 -9999 -9999 -9999 -9999 -9999 -9999 -9999 -9999 -9999 -9999 -9999 -9999 -9999 -9999 -9999 -9999 -9999 -9999 -9999 -9999 -9999 -9999 -9999
-9999 -9999 -9999 -9999 -9999 -9999 -9999 -9999 -9999 -9999 -9999 -9999 -9999 -9999 -9999 -9999 -9999 -9999 -9999 -9999 -9999 -9999 -9999 -9999 32.216609954834 32.2574157714844 -9999 -9999 -9999 -9999 -9999 -9999 -9999 -9999 -9999 -9999 -9999 -9999 -9999 -9999 -9999 -9999 -9999 -9999 -9999 -9999 -9999 -9999 -9999 -9999 -9999 -9999 -9999 -9999 -9999 -9999 -9999
-9999 -9999 -9999 -9999 -9999 -9999 -9999 -9999 -9999 -9999 -9999 -9999 -9999 -9999 -9999 -9999 -9999 -9999 -9999 -9999 -9999 -9999 -9999 -9999 -9999 -9999 -9999 -9999 -9999 -9999 -9999 -9999 -9999 -9999 -9999 -9999 -9999 -9999 -9999 -9999 -9999 -9999 -9999 -9999 -9999 -9999 -9999 -9999 -9999 -9999 -9999 -9999 -9999 -9999 -9999 -9999 -9999
-9999 -9999 -9999 -9999 -9999 -9999 -9999 -9999 -9999 -9999 -9999 -9999 -9999 -9999 -9999 -9999 -9999 -9999 -9999 -9999 -9999 -9999 -9999 -9999 -9999 -9999 -9999 -9999 -9999 -9999 -9999 -9999 -9999 -9999 -9999 -9999 -9999 -9999 -9999 -9999 -9999 -9999 -9999 -9999 -9999 -9999 -9999 -9999 -9999 -9999 -9999 -9999 -9999 -9999 -9999 -9999 -9999
