G_variables/Set1/RCP6_2100/Sur_tem_max.asc
NCOLS 229 
NROWS 147 
XLLCORNER -101.25 
YLLCORNER 14.3333333333333 
CELLSIZE 0.0833333333333333 
NODATA_value -9999 
[rows 78 to 103 of 147, columns 57 to 113 of 229]
31.2908210754395 31.2969818115234 31.3288192749023 31.3990421295166 31.4289169311523 31.4421157836914 31.5022354125977 31.5192451477051 31.5362033843994 31.5641899108887 31.5699653625488 31.5824546813965 31.5868759155273 31.5934658050537 31.6014728546143 31.6173133850098 31.6205005645752 31.6242694854736 31.6430740356445 31.6408023834229 31.6442565917969 31.6561183929443 31.6606731414795 31.660945892334 31.6812286376953 31.6849479675293 31.6802062988281 31.6778831481934 31.6731986999512 31.6679306030273 31.667631149292 31.6594200134277 31.6567554473877 31.6497764587402 31.6265735626221 31.6200942993164 31.5908069610596 31.5936527252197 31.5822448730469 31.569055557251 31.5599269866943 31.5609512329102 31.5592288970947 31.5568809509277 31.5529804229736 31.5444145202637 31.5383567810059 31.5273017883301 31.5219707489014 31.5143089294434 31.5054550170898 31.4929466247559 31.4825191497803 31.4773197174072 31.456844329834 31.4514961242676 31.4167175292969
31.2752723693848 31.2687091827393 31.2807102203369 31.3501834869385 31.3836269378662 31.3968849182129 31.4601726531982 31.478385925293 31.4885997772217 31.5275115966797 31.5341491699219 31.5484523773193 31.5526905059814 31.5592193603516 31.5666465759277 31.5818710327148 31.5906028747559 31.5926418304443 31.6055355072021 31.604793548584 31.6051483154297 31.612024307251 31.6083278656006 31.6092929840088 31.631196975708 31.6268062591553 31.6225833892822 31.6217613220215 31.6200218200684 31.6192417144775 31.6230354309082 31.6217823028564 31.6260795593262 31.6197280883789 31.6112594604492 31.6111869812012 31.5803909301758 31.5776405334473 31.5725212097168 31.5568428039551 31.5521755218506 31.5449409484863 31.5439491271973 31.5426635742188 31.5303611755371 31.5202522277832 31.5108699798584 31.5023937225342 31.5008850097656 31.4960823059082 31.4937324523926 31.4837532043457 31.4815216064453 31.4725933074951 31.4416809082031 31.4491767883301 31.4205093383789
31.2602157592773 31.2426891326904 31.2962970733643 31.3246383666992 31.3789920806885 31.4130401611328 31.443431854248 31.4943866729736 31.498384475708 31.5104675292969 31.5353603363037 31.5482921600342 31.5410232543945 31.5679664611816 31.5652503967285 31.5708694458008 31.5747623443604 31.5869808197021 31.598030090332 31.6147499084473 31.6009273529053 31.5949001312256 31.5827617645264 31.6040344238281 31.6100368499756 31.5970420837402 31.6047306060791 31.6009178161621 31.5843391418457 31.6009273529053 31.6094379425049 31.6043510437012 31.6129989624023 31.6164302825928 31.6167812347412 31.5984916687012 31.5865058898926 31.5814037322998 31.567699432373 31.5606842041016 31.550012588501 31.5458087921143 31.5483875274658 31.5565853118896 31.5292720794678 31.5206031799316 31.5257053375244 31.4966373443604 31.4946975708008 31.4881076812744 31.4836673736572 31.4848155975342 31.5000495910645 31.4584770202637 31.4518852233887 31.4720973968506 31.3908634185791
31.2339267730713 31.2628555297852 31.2956123352051 31.3329639434814 31.3699417114258 31.3886528015137 31.4528541564941 31.4594688415527 31.4748420715332 31.5150833129883 31.5253143310547 31.5342044830322 31.5560111999512 31.5477809906006 31.5496673583984 31.566915512085 31.574031829834 31.5820083618164 31.5906562805176 31.5967445373535 31.5959930419922 31.5900897979736 31.5988140106201 31.5941486358643 31.5972309112549 31.592191696167 31.5871543884277 31.5875396728516 31.5833835601807 31.5799808502197 31.5899143218994 31.5956325531006 31.5984554290771 31.6091136932373 31.6064586639404 31.5920906066895 31.579719543457 31.5790615081787 31.5673732757568 31.5540142059326 31.5506782531738 31.5411682128906 31.5240306854248 31.529577255249 31.5230255126953 31.5027141571045 31.492618560791 31.4834499359131 31.4760494232178 31.4719200134277 31.474328994751 31.4623050689697 31.4597511291504 31.4539432525635 31.4163246154785 31.3998317718506 31.3843898773193
-9999 31.2256011962891 31.2466239929199 31.2890605926514 31.3051433563232 31.3439540863037 31.4030017852783 31.4374008178711 31.4437885284424 31.4842052459717 31.4929351806641 31.5044612884521 31.5250511169434 31.5106430053711 31.5170021057129 31.5360469818115 31.5483570098877 31.5563335418701 31.5716114044189 31.5766334533691 31.580530166626 31.5833797454834 31.5781936645508 31.5686473846436 31.5681610107422 31.5591335296631 31.5568523406982 31.5584259033203 31.5542793273926 31.554759979248 31.5660839080811 31.5689067840576 31.5693073272705 31.5809192657471 31.5876331329346 31.582332611084 31.5719146728516 31.5712013244629 31.5580425262451 31.5478630065918 31.5400562286377 31.5373821258545 31.5139446258545 31.4962425231934 31.4853115081787 31.4607067108154 31.4513854980469 31.4436054229736 31.4373188018799 31.4269924163818 31.4207611083984 31.4126071929932 31.4054431915283 31.3950347900391 31.3583889007568 31.3415508270264 31.3280620574951
-9999 31.1892070770264 31.2379875183105 31.2797565460205 31.295919418335 31.3553981781006 31.3812808990479 31.439847946167 31.4462127685547 31.4637699127197 31.4947624206543 31.4973983764648 31.5028533935547 31.5137939453125 31.5079956054688 31.5176792144775 31.5258617401123 31.561502456665 31.5773105621338 31.5981426239014 31.5938186645508 31.5841941833496 31.5681324005127 31.564380645752 31.5628070831299 31.5375080108643 31.5495529174805 31.5441474914551 31.5236949920654 31.5426559448242 31.5482196807861 31.5560398101807 31.5606002807617 31.5672225952148 31.5858554840088 31.5742340087891 31.5711574554443 31.5929889678955 31.5533695220947 31.5463981628418 31.5483684539795 31.5339107513428 31.5236072540283 31.504150390625 31.4738273620605 31.4541263580322 31.4313316345215 31.4250030517578 31.4258632659912 31.4246063232422 31.3975429534912 31.3899154663086 31.4138011932373 31.3585453033447 31.3451843261719 31.3566703796387 31.2825450897217
-9999 31.200080871582 31.2409648895264 31.2619304656982 31.296558380127 31.322172164917 31.3940277099609 31.4005393981934 31.4142189025879 31.4604568481445 31.4694156646729 31.4783897399902 31.4984378814697 31.5048542022705 31.4930210113525 31.5147743225098 31.5309734344482 31.562463760376 31.5876636505127 31.5914115905762 31.5991382598877 31.5958614349365 31.5725727081299 31.5600395202637 31.5591335296631 31.5502624511719 31.5453624725342 31.5447006225586 31.5403347015381 31.5364360809326 31.5419445037842 31.5460433959961 31.5522804260254 31.5614013671875 31.5587882995605 31.5586986541748 31.5597305297852 31.5555782318115 31.5473461151123 31.5334625244141 31.5372905731201 31.5468215942383 31.5109672546387 31.4844074249268 31.4642486572266 31.4253234863281 31.4137954711914 31.401180267334 31.3920707702637 31.3851680755615 31.3798370361328 31.3552093505859 31.3495540618896 31.3339729309082 31.2913417816162 31.2945575714111 31.2727737426758
-9999 -9999 31.2057266235352 31.2332859039307 31.2336750030518 31.2583999633789 31.3259124755859 31.3552761077881 31.3615474700928 31.4151039123535 31.4374752044678 31.4402046203613 31.4603366851807 31.4710636138916 31.4751968383789 31.4797096252441 31.4932422637939 31.5148448944092 31.5430679321289 31.5536136627197 31.5623817443848 31.5624618530273 31.5476703643799 31.5383129119873 31.5348110198975 31.5343990325928 31.5270290374756 31.5278072357178 31.5252876281738 31.5189113616943 31.5202236175537 31.5211086273193 31.5174827575684 31.5232906341553 31.5197525024414 31.5254669189453 31.5252513885498 31.5185508728027 31.5094089508057 31.4950637817383 31.4898338317871 31.4888076782227 31.4529285430908 31.4336528778076 31.4034633636475 31.3636245727539 31.3430061340332 31.3314323425293 31.3032321929932 31.3111228942871 31.3006725311279 31.2722606658936 31.2633514404297 31.2540168762207 31.2138004302979 31.2060928344727 31.1992168426514
-9999 -9999 31.1810188293457 31.2039413452148 31.1868457794189 31.2421455383301 31.2793636322021 31.3531112670898 31.3576812744141 31.383487701416 31.4420108795166 31.4350891113281 31.4408874511719 31.4605827331543 31.4678840637207 31.4598178863525 31.4672794342041 31.4961891174316 31.5110816955566 31.5356636047363 31.5333480834961 31.5321674346924 31.548547744751 31.531623840332 31.5230541229248 31.5478172302246 31.5204639434814 31.5185737609863 31.5526599884033 31.5150032043457 31.5100746154785 31.5261745452881 31.5061016082764 31.5046253204346 31.5048427581787 31.503324508667 31.5060482025146 31.5267276763916 31.4852447509766 31.4799518585205 31.4938907623291 31.4478912353516 31.431022644043 31.4168281555176 31.3688411712646 31.3471279144287 31.3354396820068 31.2993793487549 31.28395652771 31.2886581420898 31.2655220031738 31.2499160766602 31.2314872741699 31.2131595611572 31.2007598876953 31.1773471832275 31.1584434509277
-9999 -9999 31.1857299804688 31.1995277404785 31.1956481933594 31.2297515869141 31.2725162506104 31.2898006439209 31.3211269378662 31.3807563781738 31.3919086456299 31.4014701843262 31.4339733123779 31.439037322998 31.4439525604248 31.4622936248779 31.4573936462402 31.4683876037598 31.486572265625 31.4948139190674 31.4942207336426 31.506031036377 31.5099029541016 31.496337890625 31.4958400726318 31.4996204376221 31.4952831268311 31.4962215423584 31.5001430511475 31.4943943023682 31.4857177734375 31.4861679077148 31.4829578399658 31.4695491790771 31.4743843078613 31.4762706756592 31.4676170349121 31.4675064086914 31.460865020752 31.4410610198975 31.4379215240479 31.4233226776123 31.3825187683105 31.3709564208984 31.3495063781738 31.3018627166748 31.2865962982178 31.274450302124 31.2404632568359 31.2322082519531 31.2376842498779 31.2119140625 31.207124710083 31.1985931396484 31.1692810058594 31.1641120910645 31.1472511291504
-9999 -9999 -9999 -9999 31.157190322876 31.1632022857666 31.2155342102051 31.1939392089844 31.2108345031738 31.274019241333 31.290075302124 31.3102531433105 31.3500137329102 31.3609848022461 31.3808479309082 31.3985481262207 31.4045848846436 31.4070281982422 31.4208908081055 31.4244422912598 31.4301319122314 31.4479084014893 31.4433002471924 31.4477043151855 31.4544639587402 31.4547233581543 31.4531383514404 31.4530181884766 31.4459686279297 31.4420433044434 31.4316844940186 31.4215507507324 31.4209403991699 31.4076156616211 31.4004764556885 31.4021587371826 31.3900241851807 31.3764152526855 31.3762340545654 31.3535118103027 31.3509349822998 31.3276538848877 31.2863063812256 31.2562122344971 31.24001121521 31.1920986175537 31.1742000579834 31.1627998352051 31.126127243042 31.1182613372803 31.1281509399414 31.1177387237549 31.1274929046631 31.1286373138428 31.1047286987305 31.1061534881592 31.1060581207275
-9999 -9999 -9999 -9999 31.0950202941895 31.1532154083252 31.1616287231445 31.1788597106934 31.1994132995605 31.2269077301025 31.3139533996582 31.2926006317139 31.3135318756104 31.4001693725586 31.364049911499 31.3570919036865 31.3967666625977 31.3859233856201 31.3889102935791 31.4051856994629 31.4068984985352 31.4139671325684 31.4174556732178 31.4288997650146 31.4303932189941 31.4234218597412 31.4287128448486 31.4262828826904 31.4240837097168 31.4139022827148 31.4054317474365 31.3802032470703 31.3899936676025 31.3814964294434 31.3679332733154 31.3693313598633 31.3621921539307 31.3636589050293 31.3392372131348 31.3271179199219 31.3260536193848 31.279878616333 31.2622203826904 31.2531719207764 31.1895294189453 31.1655464172363 31.1462135314941 31.1153335571289 31.1002864837646 31.0849494934082 31.0895690917969 31.0975551605225 31.0751361846924 31.0934829711914 31.0986633300781 31.0837993621826 31.0898971557617
-9999 -9999 -9999 -9999 -9999 31.1093940734863 31.1375560760498 31.1456089019775 31.1678371429443 31.1878662109375 31.2041397094727 31.2207412719727 31.2800712585449 31.2959842681885 31.2975387573242 31.3247489929199 31.3302631378174 31.3349857330322 31.3564929962158 31.3596839904785 31.3721714019775 31.3924045562744 31.3936214447021 31.3981285095215 31.4140033721924 31.4145221710205 31.4064044952393 31.4059047698975 31.4003944396973 31.3955669403076 31.3793296813965 31.3714122772217 31.3613395690918 31.3468818664551 31.3459663391113 31.3460578918457 31.3141899108887 31.3103427886963 31.3072299957275 31.2709255218506 31.2639789581299 31.2528228759766 31.1946067810059 31.172721862793 31.1555576324463 31.1040134429932 31.0925617218018 31.0751552581787 31.0591316223145 31.0566787719727 31.0481033325195 31.0629577636719 31.0661849975586 31.0702857971191 31.0816116333008 31.0736770629883 31.075122833252
-9999 -9999 -9999 -9999 -9999 -9999 31.0653400421143 31.049129486084 31.0589656829834 31.0965633392334 31.0697975158691 31.0910968780518 31.1568393707275 31.1677436828613 31.1947746276855 31.2290534973145 31.2338581085205 31.2497005462646 31.2744522094727 31.2882957458496 31.2989730834961 31.3230743408203 31.3259029388428 31.3427600860596 31.3636894226074 31.3653831481934 31.3658332824707 31.354419708252 31.3473491668701 31.3427715301514 31.3277854919434 31.3150901794434 31.3194465637207 31.3040542602539 31.2967185974121 31.2967014312744 31.2577228546143 31.2495460510254 31.2280578613281 31.1884918212891 31.177282333374 31.1382846832275 31.0738697052002 31.02467918396 31.0077056884766 30.9526443481445 30.9369239807129 30.9363822937012 30.9306983947754 30.9330921173096 30.9649448394775 30.9915637969971 31.0272636413574 31.0339450836182 31.0505123138428 31.0776882171631 31.0844860076904
-9999 -9999 -9999 -9999 -9999 -9999 31.0265445709229 30.9011459350586 31.0231971740723 31.0290946960449 30.933443069458 31.0542011260986 31.0886039733887 31.1159076690674 31.1468925476074 31.167013168335 31.197811126709 31.2147693634033 31.2254886627197 31.2427730560303 31.2748641967773 31.2869052886963 31.293249130249 31.3203201293945 31.3334331512451 31.3803272247314 31.3498287200928 31.3304805755615 31.3147830963135 31.3122386932373 31.306941986084 31.2837238311768 31.2913875579834 31.2882251739502 31.2596168518066 31.2622165679932 31.2430858612061 31.1826858520508 31.1837768554688 31.1682643890381 31.115701675415 31.0796566009521 31.0471858978271 30.9798908233643 30.9463272094727 30.9126148223877 30.8216438293457 30.8836498260498 30.8946895599365 30.8892974853516 30.9364471435547 30.9602375030518 31.0151348114014 31.0197010040283 31.0338287353516 31.060079574585 31.0892448425293
-9999 -9999 -9999 -9999 -9999 -9999 -9999 -9999 30.9955463409424 31.0179882049561 31.0185642242432 31.0396347045898 31.0780563354492 31.0889835357666 31.0936546325684 31.1561336517334 31.1599731445312 31.1611156463623 31.2059898376465 31.2223377227783 31.2333698272705 31.2798042297363 31.2847995758057 31.2919521331787 31.3228492736816 31.3314208984375 31.3271636962891 31.3269920349121 31.3041076660156 31.2894439697266 31.274938583374 31.2816333770752 31.288200378418 31.2801628112793 31.2750625610352 31.2639827728271 31.2221508026123 31.21120262146 31.2005844116211 31.1240291595459 31.1099815368652 31.0879039764404 30.9869956970215 30.9600143432617 30.9253005981445 30.8641338348389 30.8384246826172 30.8403491973877 30.8711395263672 30.8752975463867 30.886682510376 30.9599361419678 30.9711894989014 30.9805679321289 31.0471000671387 31.069206237793 31.0872592926025
-9999 -9999 -9999 -9999 -9999 -9999 -9999 30.9990768432617 30.9916572570801 -9999 30.9907512664795 30.9965400695801 31.0226974487305 31.0473175048828 31.0495491027832 31.0904369354248 31.1114883422852 31.098690032959 31.1258792877197 31.1565074920654 31.1752605438232 31.2236042022705 31.232816696167 31.242151260376 31.2743148803711 31.2799320220947 31.2810516357422 31.2795677185059 31.2570934295654 31.2400932312012 31.2368011474609 31.2641353607178 31.2914905548096 31.2849216461182 31.286319732666 31.2718544006348 31.2296466827393 31.1989097595215 31.1838855743408 31.0926055908203 31.0751609802246 31.0201148986816 30.9024238586426 30.8652076721191 30.8256225585938 30.7809028625488 30.7656345367432 30.7954559326172 30.8158721923828 30.8414783477783 30.8619346618652 30.906759262085 30.9533977508545 30.9586620330811 31.0331401824951 31.0724582672119 31.1251735687256
-9999 -9999 -9999 -9999 -9999 -9999 -9999 -9999 -9999 -9999 -9999 -9999 -9999 -9999 -9999 -9999 31.0563659667969 31.0890045166016 31.115348815918 31.1087207794189 31.1671085357666 31.1923408508301 31.2218952178955 31.2365417480469 31.2542896270752 31.3128223419189 31.2781944274902 31.2639751434326 31.2401313781738 31.2406997680664 31.2448101043701 31.2775402069092 31.2874584197998 31.2944564819336 31.3040943145752 31.2617588043213 31.25048828125 31.2409896850586 31.155143737793 31.1125030517578 31.0372524261475 30.9668827056885 30.906307220459 30.7631893157959 30.8024482727051 30.7504425048828 30.5782051086426 30.73854637146 30.7947063446045 -9999 -9999 -9999 -9999 30.9864025115967 31.0238590240479 31.0686283111572 31.1568183898926
-9999 -9999 -9999 -9999 -9999 -9999 -9999 -9999 -9999 -9999 -9999 -9999 -9999 -9999 -9999 -9999 -9999 31.1043853759766 31.1131687164307 31.1445026397705 31.1669387817383 31.1887626647949 31.2075595855713 31.216968536377 31.248067855835 31.2525997161865 31.2492427825928 31.2738761901855 31.2538890838623 31.2500743865967 31.2800598144531 31.2830200195312 31.2931976318359 31.3069133758545 31.3031749725342 31.2906436920166 31.236349105835 31.2255191802979 31.1968383789062 31.0712604522705 31.0449085235596 31.0001964569092 30.897497177124 30.8353214263916 30.7974891662598 -9999 -9999 -9999 -9999 -9999 -9999 -9999 -9999 31.0100803375244 31.0839023590088 31.1110191345215 31.1439533233643
-9999 -9999 -9999 -9999 -9999 -9999 -9999 -9999 -9999 -9999 -9999 -9999 -9999 -9999 -9999 -9999 -9999 -9999 -9999 -9999 31.1328983306885 31.1569881439209 31.141357421875 31.1515808105469 31.18044090271 31.1919937133789 31.1922969818115 31.2288112640381 31.2435684204102 31.2524299621582 31.2884006500244 31.3042259216309 31.3187351226807 31.3244762420654 31.3318061828613 31.2918186187744 31.2546424865723 31.2345809936523 31.1748657226562 31.0845584869385 31.0273761749268 30.9681434631348 30.9036426544189 30.8221035003662 -9999 -9999 -9999 -9999 -9999 -9999 -9999 -9999 -9999 -9999 -9999 31.1311340332031 31.1913414001465
-9999 -9999 -9999 -9999 -9999 -9999 -9999 -9999 -9999 -9999 -9999 -9999 -9999 -9999 -9999 -9999 -9999 -9999 -9999 -9999 -9999 31.1282711029053 31.1052436828613 31.1407871246338 31.1517200469971 31.1591911315918 31.1919593811035 31.1936492919922 31.2192764282227 31.2627830505371 31.2906818389893 31.3704357147217 31.3315048217773 31.3364238739014 31.385383605957 31.3104076385498 -9999 -9999 -9999 -9999 31.0352268218994 -9999 -9999 -9999 -9999 -9999 -9999 -9999 -9999 -9999 -9999 -9999 -9999 -9999 -9999 -9999 -9999
-9999 -9999 -9999 -9999 -9999 -9999 -9999 -9999 -9999 -9999 -9999 -9999 -9999 -9999 -9999 -9999 -9999 -9999 -9999 -9999 -9999 -9999 31.1139736175537 31.1265087127686 31.1349925994873 31.1451721191406 31.1421031951904 31.2055778503418 31.2196826934814 31.2370510101318 31.2882823944092 31.317403793335 31.3262977600098 31.3284187316895 31.3407096862793 -9999 -9999 -9999 -9999 -9999 -9999 -9999 -9999 -9999 -9999 -9999 -9999 -9999 -9999 -9999 -9999 -9999 -9999 -9999 -9999 -9999 -9999
-9999 -9999 -9999 -9999 -9999 -9999 -9999 -9999 -9999 -9999 -9999 -9999 -9999 -9999 -9999 -9999 -9999 -9999 -9999 -9999 -9999 -9999 -9999 31.0948810577393 31.1074295043945 31.1151161193848 31.1302375793457 31.1695899963379 31.2065162658691 31.2362613677979 -9999 31.317964553833 -9999 -9999 -9999 -9999 -9999 -9999 -9999 -9999 -9999 -9999 -9999 -9999 -9999 -9999 -9999 -9999 -9999 -9999 -9999 -9999 -9999 -9999 -9999 -9999 -9999
-9999 -9999 -9999 -9999 -9999 -9999 -9999 -9999 -9999 -9999 -9999 -9999 -9999 -9999 -9999 -9999 -9999 -9999 -9999 -9999 -9999 -9999 -9999 -9999 31.0895195007324 31.0009746551514 -9999 -9999 -9999 -9999 -9999 -9999 -9999 -9999 -9999 -9999 -9999 -9999 -9999 -9999 -9999 -9999 -9999 -9999 -9999 -9999 -9999 -9999 -9999 -9999 -9999 -9999 -9999 -9999 -9999 -9999 -9999
-9999 -9999 -9999 -9999 -9999 -9999 -9999 -9999 -9999 -9999 -9999 -9999 -9999 -9999 -9999 -9999 -9999 -9999 -9999 -9999 -9999 -9999 -9999 -9999 -9999 -9999 -9999 -9999 -9999 -9999 -9999 -9999 -9999 -9999 -9999 -9999 -9999 -9999 -9999 -9999 -9999 -9999 -9999 -9999 -9999 -9999 -9999 -9999 -9999 -9999 -9999 -9999 -9999 -9999 -9999 -9999 -9999
-9999 -9999 -9999 -9999 -9999 -9999 -9999 -9999 -9999 -9999 -9999 -9999 -9999 -9999 -9999 -9999 -9999 -9999 -9999 -9999 -9999 -9999 -9999 -9999 -9999 -9999 -9999 -9999 -9999 -9999 -9999 -9999 -9999 -9999 -9999 -9999 -9999 -9999 -9999 -9999 -9999 -9999 -9999 -9999 -9999 -9999 -9999 -9999 -9999 -9999 -9999 -9999 -9999 -9999 -9999 -9999 -9999
