G_variables/Set1/RCP6_2100/Sur_sal_min.asc
NCOLS 229 
NROWS 147 
XLLCORNER -101.25 
YLLCORNER 14.3333333333333 
CELLSIZE 0.0833333333333333 
NODATA_value -9999 
[rows 78 to 103 of 147, columns 171 to 227 of 229]
35.6115341186523 35.6050605773926 35.6165580749512 35.6162071228027 35.6098976135254 35.6076126098633 35.5985260009766 35.5708198547363 35.5578002929688 35.5559730529785 35.5502395629883 35.5612945556641 35.5670471191406 35.5915870666504 35.6110687255859 35.6133613586426 35.6147727966309 35.597526550293 35.5871505737305 35.5694427490234 35.5434226989746 35.5281372070312 35.5088729858398 35.4892501831055 -9999 -9999 -9999 -9999 -9999 -9999 -9999 -9999 -9999 -9999 -9999 -9999 -9999 -9999 -9999 -9999 -9999 -9999 -9999 -9999 -9999 -9999 -9999 -9999 -9999 -9999 -9999 -9999 -9999 -9999 -9999 -9999 -9999
35.6076240539551 35.5988807678223 35.6077346801758 35.6078147888184 35.6036148071289 35.5981712341309 35.5875358581543 35.5685081481934 35.5538558959961 35.5495567321777 35.5467758178711 35.5536766052246 35.5678558349609 35.5912132263184 35.6079521179199 35.6189155578613 35.6174392700195 35.6074905395508 35.5927543640137 35.5720176696777 35.5476303100586 35.533821105957 35.5095558166504 35.4934005737305 35.4872550964355 -9999 -9999 -9999 -9999 -9999 -9999 -9999 -9999 -9999 -9999 -9999 -9999 -9999 -9999 -9999 -9999 -9999 -9999 -9999 -9999 -9999 -9999 -9999 -9999 -9999 -9999 -9999 -9999 -9999 -9999 -9999 -9999
35.6009521484375 35.5959434509277 35.5900192260742 35.5956497192383 35.5923233032227 35.5803413391113 35.5733833312988 35.5628471374512 35.5418968200684 35.5377502441406 35.5421905517578 35.5505561828613 35.562084197998 35.5842819213867 35.6039772033691 35.6065521240234 35.6056709289551 35.6101226806641 35.602912902832 35.5738716125488 35.5544815063477 35.5479316711426 35.5246543884277 35.5070266723633 35.4998741149902 35.5024909973145 -9999 -9999 -9999 -9999 -9999 -9999 -9999 -9999 -9999 -9999 -9999 -9999 -9999 -9999 -9999 -9999 -9999 -9999 -9999 -9999 -9999 -9999 -9999 -9999 -9999 -9999 -9999 -9999 -9999 -9999 -9999
35.5900802612305 35.5813140869141 35.5732040405273 35.570728302002 35.5784034729004 35.5773315429688 35.5634536743164 35.5381355285645 35.521598815918 35.5139656066895 35.5146293640137 35.5327796936035 35.5457153320312 35.5875358581543 35.6181831359863 35.6254844665527 35.6327285766602 35.6170043945312 35.6119384765625 35.5944442749023 35.5692405700684 35.5526428222656 35.5355529785156 35.5135536193848 35.5064811706543 35.496524810791 35.4894523620605 -9999 -9999 -9999 -9999 -9999 -9999 -9999 -9999 -9999 -9999 -9999 -9999 -9999 -9999 -9999 -9999 -9999 -9999 -9999 -9999 -9999 -9999 -9999 -9999 -9999 -9999 -9999 -9999 -9999 -9999
35.5829277038574 35.5759735107422 35.5676422119141 35.561637878418 35.5654487609863 35.5650177001953 35.5491828918457 35.5319519042969 35.5118942260742 35.5083122253418 35.5098304748535 35.5233497619629 35.5477867126465 35.5891494750977 35.6191444396973 35.6345825195312 35.634635925293 35.6223793029785 35.6092529296875 35.5965194702148 35.5738334655762 35.5607261657715 35.532787322998 35.5168495178223 35.5076065063477 35.4973411560059 35.4977836608887 -9999 -9999 -9999 -9999 -9999 -9999 -9999 -9999 -9999 -9999 -9999 -9999 -9999 -9999 -9999 -9999 -9999 -9999 -9999 -9999 -9999 -9999 -9999 -9999 -9999 -9999 -9999 -9999 -9999 -9999
35.5778274536133 35.5668869018555 35.5549125671387 35.5509338378906 35.5436630249023 35.5332489013672 35.5321960449219 35.520206451416 35.5090789794922 35.5053977966309 35.5174369812012 35.5336990356445 35.5447807312012 35.5761756896973 35.6079635620117 35.6153106689453 35.6245994567871 35.6261177062988 35.6176490783691 35.5926895141602 35.5816917419434 35.5707626342773 35.5443992614746 35.5238876342773 35.5195274353027 35.5103530883789 35.503589630127 35.5047035217285 -9999 -9999 -9999 -9999 -9999 -9999 -9999 -9999 -9999 -9999 -9999 -9999 -9999 -9999 -9999 -9999 -9999 -9999 -9999 -9999 -9999 -9999 -9999 -9999 -9999 -9999 -9999 -9999 -9999
35.5756034851074 35.5544929504395 35.5431480407715 35.5387268066406 35.5305938720703 35.5264282226562 35.522216796875 35.5042953491211 35.492073059082 35.4853973388672 35.4947814941406 35.5187454223633 35.5400352478027 35.5860252380371 35.6247787475586 35.6387786865234 35.6410331726074 35.6289825439453 35.6119041442871 35.5928726196289 35.5767250061035 35.5669250488281 35.5469818115234 35.5251274108887 35.5150833129883 35.5104484558105 35.5023727416992 35.5030097961426 35.4978866577148 35.4889907836914 35.4920921325684 35.482608795166 -9999 -9999 -9999 -9999 -9999 -9999 -9999 -9999 -9999 -9999 -9999 -9999 -9999 -9999 -9999 -9999 -9999 -9999 -9999 -9999 -9999 -9999 -9999 -9999 -9999
35.5700798034668 35.5524559020996 35.5405769348145 35.5307006835938 35.5251808166504 35.5197792053223 35.5104866027832 35.4985008239746 35.4834671020508 35.4851455688477 35.4933204650879 35.5169677734375 35.5435638427734 35.5861473083496 35.626163482666 35.6409111022949 35.6415519714355 35.6310005187988 35.6127624511719 35.5900039672852 35.5810737609863 35.5672492980957 35.5506210327148 35.5368614196777 35.5284690856934 35.5136032104492 35.507740020752 35.5021858215332 35.4965286254883 35.4913368225098 35.4812431335449 35.4763259887695 35.4624557495117 35.4491653442383 35.4438896179199 35.4417991638184 35.4453048706055 35.4701194763184 35.4827728271484 -9999 -9999 -9999 -9999 -9999 -9999 -9999 -9999 -9999 -9999 -9999 -9999 -9999 -9999 -9999 -9999 -9999 -9999
35.5711860656738 35.5543632507324 35.5327987670898 35.5280876159668 35.5134506225586 35.5012626647949 35.498348236084 35.4905319213867 35.4842643737793 35.4892158508301 35.5053253173828 35.5290985107422 35.5415878295898 35.5788269042969 35.6143608093262 35.6178436279297 35.6270751953125 35.6271362304688 35.6164321899414 35.5967979431152 35.5803604125977 35.5789184570312 35.5568771362305 35.545581817627 35.5411605834961 35.526050567627 35.5141944885254 35.508602142334 35.4994926452637 35.4843711853027 35.480884552002 35.4635696411133 35.4412231445312 35.4359016418457 35.4285163879395 35.4208831787109 35.4216156005859 35.4377632141113 35.4489288330078 35.450008392334 35.4784698486328 35.4932403564453 35.495906829834 -9999 -9999 -9999 -9999 -9999 -9999 -9999 -9999 -9999 -9999 -9999 -9999 -9999 -9999
35.5626525878906 35.5404243469238 35.5218696594238 35.5141372680664 35.5033721923828 35.4977569580078 35.4903259277344 35.4752922058105 35.4710350036621 35.4658546447754 35.4851455688477 35.5171203613281 35.5415000915527 35.5856170654297 35.6178741455078 35.6330451965332 35.6447525024414 35.6380920410156 35.6217994689941 35.6007041931152 35.5858612060547 35.5736083984375 35.5554466247559 35.5412712097168 35.532413482666 35.5202827453613 35.5115509033203 35.5038452148438 35.4904098510742 35.480281829834 35.4795684814453 35.4565353393555 35.4318008422852 35.4211006164551 35.4019355773926 35.3915367126465 35.3927993774414 35.3957366943359 35.4096336364746 35.4218444824219 35.446044921875 35.474925994873 35.4794921875 35.4768028259277 -9999 -9999 -9999 -9999 -9999 -9999 -9999 -9999 -9999 -9999 -9999 -9999 -9999
35.5564498901367 35.5373344421387 35.5187301635742 35.5074462890625 35.4993515014648 35.4905433654785 35.4852027893066 35.4727783203125 35.4609985351562 35.4687004089355 35.4847068786621 35.5157508850098 35.5406303405762 35.5843391418457 35.6201171875 35.6357383728027 35.644775390625 35.6304016113281 35.6201286315918 35.6018829345703 35.5891723632812 35.5739059448242 35.5558166503906 35.5422706604004 35.5342903137207 35.5195465087891 35.5099105834961 35.5020179748535 35.4878921508789 35.4712677001953 35.4606552124023 35.4468269348145 35.4284934997559 35.4141159057617 35.3964385986328 35.3843193054199 35.3771514892578 35.3868637084961 35.393440246582 35.4034118652344 35.4323539733887 35.4450912475586 35.4534149169922 35.4643783569336 35.4689102172852 -9999 -9999 -9999 -9999 -9999 -9999 -9999 -9999 -9999 -9999 -9999 -9999
35.5498542785645 35.5346870422363 35.5104484558105 35.5039939880371 35.4922752380371 35.4796447753906 35.4757995605469 35.4695510864258 35.4675216674805 35.4693412780762 35.5020980834961 35.5297546386719 35.5383110046387 35.5762481689453 35.6087989807129 35.616641998291 35.6237487792969 35.6277961730957 35.6228065490723 35.599739074707 35.5862617492676 35.5790023803711 35.5608367919922 35.5407829284668 35.5374069213867 35.5209465026855 35.4983215332031 35.4931602478027 35.4768562316895 35.4623680114746 35.4593315124512 35.4351081848145 35.4141807556152 35.4072189331055 35.3934860229492 35.3821296691895 35.3779258728027 35.3823471069336 35.3821868896484 35.386775970459 35.4046401977539 35.4111709594727 35.4204597473145 35.4238319396973 35.4199752807617 35.4198112487793 -9999 -9999 -9999 -9999 -9999 -9999 -9999 -9999 -9999 -9999 -9999
35.5290832519531 35.510139465332 35.4989891052246 35.4876823425293 35.4772415161133 35.4670753479004 35.4555397033691 35.4494323730469 35.4559936523438 35.4609260559082 35.4846076965332 35.5187492370605 35.5393486022949 35.5837478637695 35.6197395324707 35.6353340148926 35.6450119018555 35.6386375427246 35.6257400512695 35.6059379577637 35.5898056030273 35.5761985778809 35.5542182922363 35.535701751709 35.5246810913086 35.5105476379395 35.4972076416016 35.4845771789551 35.4735336303711 35.4602279663086 35.4502792358398 35.4316024780273 35.4138145446777 35.3986396789551 35.3819580078125 35.3733367919922 35.3664779663086 35.3664779663086 35.3707237243652 35.3819122314453 35.3877220153809 35.3866767883301 35.3959121704102 35.3903770446777 35.3785591125488 35.3777503967285 -9999 -9999 -9999 -9999 -9999 -9999 -9999 -9999 -9999 -9999 -9999
35.5217552185059 35.5035552978516 35.4828834533691 35.4839553833008 35.4734764099121 35.4596824645996 35.4511680603027 35.4483909606934 35.4526786804199 35.4632530212402 35.4860992431641 35.5228424072266 35.5475006103516 35.587703704834 35.6231002807617 35.6371765136719 35.6454925537109 35.6369400024414 35.6267623901367 35.6062431335449 35.5837097167969 35.5680999755859 35.5466575622559 35.5357856750488 35.5229187011719 35.5095977783203 35.4959564208984 35.4835243225098 35.471851348877 35.4543762207031 35.4449577331543 35.4283142089844 35.4068260192871 35.3959121704102 35.3766059875488 35.3650283813477 35.3664665222168 35.3670120239258 35.3716125488281 35.3682975769043 35.3808708190918 35.3744659423828 35.3671989440918 35.3763542175293 35.3579940795898 35.3578987121582 35.3652954101562 -9999 -9999 -9999 -9999 -9999 -9999 -9999 -9999 -9999 -9999
35.4934730529785 35.4939041137695 35.4740676879883 35.4698753356934 35.4699401855469 35.4489440917969 35.4458923339844 35.4523696899414 35.4668502807617 35.4677352905273 35.499095916748 35.5322608947754 35.5446739196777 35.5810623168945 35.6153144836426 35.6239051818848 35.6283378601074 35.6294708251953 35.6239585876465 35.60302734375 35.5798950195312 35.5671005249023 35.5456314086914 35.5296401977539 35.523624420166 35.5055923461914 35.4867820739746 35.4855651855469 35.465202331543 35.4476699829102 35.4432067871094 35.4219551086426 35.4041900634766 35.3918838500977 35.3760604858398 35.3663673400879 35.3646583557129 35.3629264831543 35.3651084899902 35.370475769043 35.359073638916 35.3517036437988 35.353572845459 35.3449440002441 35.3421096801758 35.3412742614746 35.3405952453613 35.3401260375977 -9999 -9999 -9999 -9999 -9999 -9999 -9999 -9999 -9999
35.4805030822754 35.4719772338867 35.4702682495117 35.4570083618164 35.4555168151855 35.4456253051758 35.4400825500488 35.4360466003418 35.4500160217285 35.4609451293945 35.4823722839355 35.5220832824707 35.5492706298828 35.5828285217285 35.6181564331055 35.6315956115723 35.6357536315918 35.6332817077637 35.6228294372559 35.6012496948242 35.5743789672852 35.5596923828125 35.5391883850098 35.5306129455566 35.5198211669922 35.5028610229492 35.4885025024414 35.4782066345215 35.4667587280273 35.4511947631836 35.4390830993652 35.4257316589355 35.4035110473633 35.3892860412598 35.3804740905762 35.3715896606445 35.3668899536133 35.3629341125488 35.3651084899902 35.367733001709 35.358715057373 35.3463821411133 35.3474731445312 35.343318939209 35.3366775512695 35.3320465087891 35.3382949829102 35.3453636169434 35.347843170166 -9999 -9999 -9999 -9999 -9999 -9999 -9999 -9999
35.4727363586426 35.4712066650391 35.456241607666 35.4543724060059 35.454418182373 35.442440032959 35.4367485046387 35.4338989257812 35.441707611084 35.4516868591309 35.4766464233398 35.5215759277344 35.5456848144531 35.5806045532227 35.6122360229492 35.6258506774902 35.6326370239258 35.6257705688477 35.6186637878418 35.5986557006836 35.5694007873535 35.557487487793 35.5386581420898 35.5241508483887 35.5220527648926 35.5033340454102 35.4875297546387 35.4770774841309 35.4656600952148 35.4486618041992 35.4420700073242 35.4256553649902 35.4026298522949 35.3952293395996 35.3804092407227 35.372486114502 35.363826751709 35.3613128662109 35.3692665100098 35.3618049621582 35.3560485839844 35.3447647094727 35.3464660644531 35.3415679931641 35.3320274353027 35.3350677490234 35.3388481140137 35.3486289978027 35.3540115356445 -9999 -9999 -9999 -9999 -9999 -9999 -9999 -9999
35.4575805664062 35.4566688537598 35.4552268981934 35.447338104248 35.4475364685059 35.4366760253906 35.4313774108887 35.4363670349121 35.4441375732422 35.4489440917969 35.4823150634766 35.5125694274902 35.5294990539551 35.5645904541016 35.5926399230957 35.5976943969727 35.6056060791016 35.6056289672852 35.5994148254395 35.5848274230957 35.5603942871094 35.5547370910645 35.5359001159668 35.5184173583984 35.51318359375 35.4931564331055 35.4733047485352 35.4751777648926 35.4541397094727 35.4402961730957 35.4344215393066 35.4182777404785 35.410400390625 35.4059104919434 35.3930282592773 35.380443572998 35.3772659301758 35.364917755127 35.3561744689941 35.3538055419922 35.3480262756348 35.3404083251953 35.3405380249023 35.3363761901855 35.3369255065918 35.3395462036133 35.3455123901367 35.3552131652832 35.3587341308594 35.3660697937012 -9999 -9999 -9999 -9999 -9999 -9999 -9999
35.4364051818848 35.4518699645996 35.4613952636719 35.4607315063477 35.4463844299316 35.4258270263672 35.4230842590332 35.4164390563965 35.4238548278809 35.4339294433594 35.4508743286133 35.482666015625 35.5132026672363 35.5392990112305 35.5734710693359 35.5844306945801 35.5876770019531 35.5948104858398 35.5843276977539 35.5695953369141 35.5537872314453 35.539176940918 35.5254707336426 35.5117416381836 35.5008354187012 35.4885635375977 35.4729766845703 35.4664649963379 35.4562110900879 35.4431114196777 35.4312400817871 35.4214553833008 35.4146614074707 35.4093437194824 35.3947563171387 35.3889541625977 35.3838424682617 35.3586082458496 35.3472213745117 35.3440551757812 35.3284759521484 35.3302040100098 35.3281593322754 35.3242034912109 35.3283042907715 35.3320846557617 35.332202911377 35.3482780456543 35.3543090820312 35.3517875671387 35.3702507019043 -9999 -9999 -9999 -9999 -9999 -9999
35.4305725097656 35.4461326599121 35.4573020935059 35.4554443359375 35.4446296691895 35.4314880371094 35.4193649291992 35.4146423339844 35.4186668395996 35.4224891662598 35.4451942443848 35.4734230041504 35.4902267456055 35.5267562866211 35.5548362731934 35.5661087036133 35.578540802002 35.5756721496582 35.57861328125 35.5593109130859 35.5370750427246 35.5345916748047 35.5196723937988 35.5032348632812 35.4960632324219 35.4840240478516 35.4696807861328 35.4654159545898 35.4535827636719 35.4437942504883 35.4368438720703 35.4209442138672 35.4148406982422 35.4054183959961 35.3954315185547 35.3914985656738 35.3776702880859 35.3576583862305 35.3462142944336 35.3381271362305 35.3264274597168 35.3238830566406 35.329158782959 35.3220443725586 35.324161529541 35.3245849609375 35.3251266479492 35.3346900939941 35.3433876037598 35.3458251953125 35.364013671875 -9999 -9999 -9999 -9999 -9999 -9999
35.4357452392578 35.4410171508789 35.4454460144043 35.4415321350098 35.4349060058594 35.4277954101562 35.4250221252441 35.4180183410645 35.4147644042969 35.4164199829102 35.4400405883789 35.4551010131836 35.4577941894531 35.4891662597656 35.5102577209473 35.5154991149902 35.5321350097656 35.540355682373 35.5341300964355 35.5293464660645 35.5260925292969 35.5233573913574 35.5149154663086 35.4997367858887 35.4957046508789 35.4811973571777 35.4672203063965 35.4598846435547 35.4456672668457 35.4358406066895 35.4306983947754 35.4137535095215 35.4002990722656 35.3964424133301 35.3895645141602 35.3757629394531 35.3715705871582 35.3528480529785 35.3323097229004 35.3284492492676 35.3221740722656 35.3199119567871 35.3201789855957 35.3229179382324 35.318115234375 35.3192977905273 35.3250312805176 35.321174621582 35.3249549865723 35.3454513549805 35.3404960632324 35.3422241210938 -9999 -9999 -9999 -9999 -9999
35.4341430664062 35.4401054382324 35.4453926086426 35.4470634460449 35.4372138977051 35.4226875305176 35.4176864624023 35.4017868041992 35.3977890014648 35.4041633605957 35.4111137390137 35.4241828918457 35.4386444091797 35.4538879394531 35.4738006591797 35.487174987793 35.4953308105469 35.5122566223145 35.5021476745605 35.4940528869629 35.5069274902344 35.5027389526367 35.4860877990723 35.491813659668 35.4828834533691 35.4629898071289 35.4638633728027 35.4527778625488 35.4338989257812 35.4338645935059 35.4260787963867 35.403694152832 35.3943557739258 35.387752532959 35.3673820495605 35.3615074157715 35.351490020752 35.3268623352051 35.3033065795898 35.2945594787598 35.2867431640625 35.2966918945312 35.2931251525879 35.2854652404785 35.2948036193848 35.2955055236816 35.2831115722656 35.286563873291 35.29150390625 35.2837829589844 35.2990837097168 35.3041229248047 -9999 -9999 -9999 -9999 -9999
35.4288330078125 35.4341125488281 35.4433784484863 35.4436798095703 35.4334564208984 35.418399810791 35.4104843139648 35.4018859863281 35.3971557617188 35.3941230773926 35.4029731750488 35.4143180847168 35.4146156311035 35.441764831543 35.4562721252441 35.4618835449219 35.4823303222656 35.478832244873 35.4797859191895 35.4810447692871 35.4820022583008 35.4815521240234 35.4750175476074 35.4719047546387 35.4716949462891 35.4554176330566 35.4510765075684 35.445613861084 35.4291114807129 35.4219856262207 35.4144630432129 35.4005508422852 35.3847122192383 35.3774490356445 35.3668899536133 35.3456649780273 35.3436622619629 35.3220672607422 35.296199798584 35.2814140319824 35.2797775268555 35.2830581665039 35.2789535522461 35.2773590087891 35.2805938720703 35.2793617248535 35.2735023498535 35.2705116271973 35.2659721374512 35.270694732666 35.2683525085449 35.2728843688965 35.2777366638184 -9999 -9999 -9999 -9999
35.4332504272461 35.4295654296875 35.4324264526367 35.4316024780273 35.4221611022949 35.4135475158691 35.411003112793 35.4039497375488 35.3914566040039 35.388786315918 35.3954772949219 35.3968353271484 35.395622253418 35.413387298584 35.4216346740723 35.4247589111328 35.4420433044434 35.4441375732422 35.4362945556641 35.4487991333008 35.4432983398438 35.4424705505371 35.4479103088379 35.4407005310059 35.4334259033203 35.4353103637695 35.4210205078125 35.4189033508301 35.4163856506348 35.400089263916 35.4019203186035 35.3880920410156 35.3710975646973 35.3666877746582 35.3523406982422 35.3306465148926 35.3259429931641 35.3163833618164 35.2885093688965 35.2827682495117 35.2735023498535 35.2482299804688 35.2479820251465 35.2559356689453 35.2494735717773 35.2487983703613 35.2520027160645 35.2378692626953 35.2370109558105 35.2489166259766 35.2322425842285 35.2319183349609 35.2335472106934 35.2064819335938 -9999 -9999 -9999
35.4206886291504 35.4256744384766 35.434440612793 35.4335250854492 35.4295997619629 35.4138870239258 35.4084701538086 35.403694152832 35.3863639831543 35.3843574523926 35.3819580078125 35.3770790100098 35.3857078552246 35.3925247192383 35.3927116394043 35.4026870727539 35.4067420959473 35.4034957885742 35.4031143188477 35.4035568237305 35.4029884338379 35.4017944335938 35.4031982421875 35.4016304016113 35.396369934082 35.3954200744629 35.3953323364258 35.3899536132812 35.3868522644043 35.3825378417969 35.3741149902344 35.3701477050781 35.3621368408203 35.3520088195801 35.3527069091797 35.3390426635742 35.3236541748047 35.3103637695312 35.2801132202148 35.2701950073242 35.2521896362305 35.2241668701172 35.2233695983887 35.2211380004883 35.2116088867188 35.2175750732422 35.2115821838379 35.2078475952148 35.2040481567383 35.2010688781738 35.1982345581055 35.197883605957 35.1871452331543 35.1747932434082 -9999 -9999 -9999
35.4180297851562 35.4242553710938 35.4291381835938 35.4314384460449 35.4262542724609 35.4143867492676 35.4119148254395 35.3986320495605 35.3891372680664 35.378978729248 35.3770027160645 35.3708992004395 35.367977142334 35.3835334777832 35.3863754272461 35.3856048583984 35.3933906555176 35.3875465393066 35.378791809082 35.3907928466797 35.3831634521484 35.3809051513672 35.386116027832 35.3735733032227 35.3746147155762 35.3820877075195 35.3736953735352 35.3757247924805 35.3760757446289 35.3666534423828 35.3663940429688 35.3615798950195 35.3519973754883 35.3526992797852 35.3494529724121 35.3322792053223 35.3275604248047 35.3108406066895 35.2827682495117 35.2650604248047 35.2499160766602 35.2283744812012 35.207935333252 35.209644317627 35.2001647949219 35.1908149719238 35.1988983154297 35.1851844787598 35.1770401000977 35.1877059936523 35.1786270141602 35.1694717407227 35.1662521362305 35.1440887451172 35.1348304748535 -9999 -9999
