G_variables/Set1/RCP6_2100/Sur_sal_min.asc
NCOLS 229 
NROWS 147 
XLLCORNER -101.25 
YLLCORNER 14.3333333333333 
CELLSIZE 0.0833333333333333 
NODATA_value -9999 
[rows 26 to 51 of 147, columns 57 to 113 of 229]
-9999 -9999 -9999 -9999 -9999 -9999 -9999 -9999 -9999 -9999 -9999 -9999 -9999 -9999 -9999 -9999 -9999 -9999 -9999 -9999 -9999 -9999 -9999 -9999 -9999 -9999 -9999 -9999 -9999 35.959156036377 35.9604988098145 35.9631576538086 35.9804496765137 35.9861602783203 36.00048828125 36.0215339660645 36.0176696777344 36.025562286377 36.0451774597168 36.045337677002 36.0469284057617 36.0666770935059 36.0700225830078 36.0546073913574 36.0530662536621 36.0475082397461 36.0045318603516 35.9710655212402 35.9553718566895 35.9082107543945 35.8807792663574 35.8732833862305 35.8558464050293 35.8608741760254 35.865062713623 35.8695793151855 35.8991470336914
-9999 -9999 -9999 -9999 -9999 -9999 -9999 -9999 -9999 -9999 -9999 -9999 -9999 -9999 -9999 -9999 -9999 -9999 -9999 -9999 -9999 -9999 -9999 -9999 -9999 -9999 -9999 -9999 35.957649230957 35.968189239502 35.9690322875977 35.9853935241699 36.0106582641602 36.0179100036621 36.0377082824707 36.0554008483887 36.0597991943359 36.0576667785645 36.0625877380371 36.067455291748 36.0708389282227 36.08447265625 36.0910606384277 36.1046295166016 36.1033210754395 36.0861740112305 36.0634307861328 36.0266227722168 35.9931945800781 35.951831817627 35.9179229736328 35.9068260192871 35.8979568481445 35.8924179077148 35.9005928039551 35.9160499572754 35.9230499267578
-9999 -9999 -9999 -9999 -9999 -9999 -9999 -9999 -9999 -9999 -9999 -9999 -9999 -9999 -9999 -9999 -9999 -9999 -9999 -9999 -9999 -9999 -9999 -9999 -9999 -9999 -9999 -9999 35.9632148742676 35.9784393310547 35.9929733276367 35.9971199035645 36.0202522277832 36.0375061035156 36.0503692626953 36.0767936706543 36.0680465698242 36.0655517578125 36.0759315490723 36.0800094604492 36.0800819396973 36.097541809082 36.1120872497559 36.1171760559082 36.1193656921387 36.1124114990234 36.0764427185059 36.0441131591797 36.021842956543 35.9680557250977 35.945011138916 35.9344596862793 35.9153099060059 35.9249725341797 35.931339263916 35.9321632385254 35.9494857788086
-9999 -9999 -9999 -9999 -9999 -9999 -9999 -9999 -9999 -9999 -9999 -9999 -9999 -9999 -9999 -9999 -9999 -9999 -9999 -9999 -9999 -9999 -9999 -9999 -9999 -9999 -9999 35.9512138366699 35.9713973999023 35.9973754882812 36.0048561096191 36.0227279663086 36.0430107116699 36.049015045166 36.0695457458496 36.0800514221191 36.0797729492188 36.0783882141113 36.0809135437012 36.0838432312012 36.0974502563477 36.1237678527832 36.1302108764648 36.1282806396484 36.1269836425781 36.118221282959 36.0932426452637 36.0717849731445 36.0591735839844 36.0180053710938 35.9872512817383 35.9824829101562 35.9642791748047 35.9762306213379 35.9783325195312 35.976245880127 36.0084266662598
-9999 -9999 -9999 -9999 -9999 -9999 -9999 -9999 -9999 -9999 -9999 -9999 -9999 -9999 -9999 -9999 -9999 -9999 -9999 -9999 -9999 -9999 -9999 -9999 -9999 -9999 -9999 35.9433555603027 35.9737243652344 35.9878044128418 35.9986763000488 36.0348930358887 36.0548973083496 36.0698165893555 36.0742034912109 36.0763893127441 36.0802192687988 36.0580673217773 36.0651664733887 36.0620040893555 36.0755004882812 36.1166305541992 36.1265602111816 36.1405830383301 36.150074005127 36.1474266052246 36.1341896057129 36.1022834777832 36.075325012207 36.052921295166 36.0232391357422 36.0016098022461 36.0065650939941 36.006534576416 36.006763458252 36.0329742431641 36.0503616333008
35.3770294189453 35.4218826293945 35.4553527832031 35.5062522888184 -9999 -9999 -9999 -9999 -9999 -9999 -9999 -9999 -9999 -9999 -9999 -9999 -9999 -9999 -9999 -9999 -9999 -9999 -9999 -9999 -9999 -9999 35.9421272277832 35.9554443359375 35.973316192627 35.9864082336426 36.0043411254883 36.0392189025879 36.0684623718262 36.0604362487793 36.0736351013184 36.0800552368164 36.0654106140137 36.0508270263672 36.0493354797363 36.0555953979492 36.0690879821777 36.0998687744141 36.1248588562012 36.1390037536621 36.1481056213379 36.1594276428223 36.1404991149902 36.1113548278809 36.0988540649414 36.0620231628418 36.0392036437988 36.0314331054688 36.0186386108398 36.028995513916 36.041618347168 36.0499534606934 36.0837440490723
35.2774391174316 35.3558769226074 35.4044914245605 35.430103302002 35.5133247375488 35.5714492797852 35.5920524597168 35.6560325622559 35.7190093994141 -9999 -9999 -9999 -9999 -9999 -9999 -9999 -9999 -9999 -9999 -9999 -9999 -9999 -9999 -9999 -9999 -9999 35.9640083312988 35.9805030822754 35.9961395263672 36.0190086364746 36.0283889770508 36.052188873291 36.0620765686035 36.0609931945801 36.0527763366699 36.048095703125 36.0397338867188 36.0383338928223 36.0374603271484 36.0416145324707 36.0678825378418 36.0905265808105 36.1015625 36.1262168884277 36.1475219726562 36.1500015258789 36.1411590576172 36.1272926330566 36.1194725036621 36.0927200317383 36.085506439209 36.0798454284668 36.0698547363281 36.0876884460449 36.0939636230469 36.1102485656738 36.1443099975586
35.2658882141113 35.4279365539551 35.4131393432617 35.4516563415527 35.5886192321777 35.588695526123 35.6329116821289 35.7480964660645 35.7554702758789 35.7823219299316 35.8655052185059 35.8674926757812 35.8980484008789 -9999 -9999 -9999 -9999 -9999 -9999 -9999 -9999 -9999 -9999 -9999 -9999 35.9876136779785 35.9975700378418 36.0075950622559 36.0305404663086 36.047966003418 36.0587425231934 36.054328918457 36.0595741271973 36.0702285766602 36.0286064147949 36.0117416381836 36.0022315979004 35.9906311035156 35.9995574951172 36.0059051513672 36.0358734130859 36.0748901367188 36.0984573364258 36.1401138305664 36.1615219116211 36.1619338989258 36.1630363464355 36.1485214233398 36.1309013366699 36.1259078979492 36.1186027526855 36.1108894348145 36.1292419433594 36.1400413513184 36.153736114502 36.1840362548828 36.1919593811035
35.3276519775391 35.4589309692383 35.4635772705078 35.4916610717773 35.6025619506836 35.6319046020508 35.6723403930664 35.7619895935059 35.7961692810059 35.8240051269531 35.8853645324707 35.9156723022461 35.920783996582 35.9584999084473 35.9734992980957 35.9672737121582 35.9696922302246 35.9716339111328 -9999 -9999 -9999 -9999 -9999 -9999 -9999 36.0044441223145 36.0224876403809 36.0209770202637 36.0387535095215 36.0735206604004 36.0479431152344 36.0520133972168 36.0616912841797 36.0483207702637 36.0224533081055 35.992317199707 35.9839363098145 35.9800491333008 35.9802360534668 36.0011253356934 36.0352325439453 36.0658836364746 36.0968742370605 36.1385383605957 36.1622276306152 36.1676826477051 36.1644592285156 36.1510887145996 36.1546249389648 36.1322212219238 36.1367416381836 36.1529350280762 36.1512107849121 36.1714668273926 36.1912307739258 36.2034873962402 36.2314453125
35.4812545776367 35.5179405212402 35.63037109375 35.6499671936035 35.6550979614258 35.7723388671875 35.7956123352051 35.8111801147461 35.9006500244141 35.929500579834 35.9323196411133 35.980770111084 35.9951667785645 35.9874877929688 36.0108680725098 36.0102996826172 35.9881134033203 36.0002212524414 36.0032539367676 35.9939422607422 36.0081520080566 36.0109329223633 36.011848449707 -9999 -9999 36.0422668457031 36.0550193786621 36.0574798583984 36.0603866577148 36.0624771118164 36.059627532959 36.0369644165039 36.0247688293457 36.017204284668 36.0015869140625 35.9771690368652 35.9736099243164 35.9789123535156 35.9821243286133 35.9917869567871 36.034969329834 36.0735511779785 36.085090637207 36.1258926391602 36.1563987731934 36.161491394043 36.1606864929199 36.1783027648926 36.1799354553223 36.1752738952637 36.193717956543 36.1990051269531 36.2137260437012 36.2424621582031 36.2551727294922 36.2600440979004 36.283390045166
35.7215461730957 35.7512359619141 35.8044967651367 35.8389587402344 35.8415794372559 35.8955116271973 35.9424209594727 35.9548683166504 36.004467010498 36.0528564453125 36.0379905700684 36.043384552002 36.0685424804688 36.0315589904785 36.0305671691895 36.0338096618652 36.0124435424805 36.0216979980469 36.0206985473633 36.0159492492676 36.0374069213867 36.039737701416 36.0488243103027 36.0771675109863 36.089599609375 36.0803108215332 36.0795249938965 36.0906257629395 36.071907043457 36.0553817749023 36.0595932006836 36.0402183532715 36.0036315917969 35.9882850646973 35.9697189331055 35.9520645141602 35.9400177001953 35.9463157653809 35.9634628295898 35.9757804870605 36.0255317687988 36.0708885192871 36.0966339111328 36.1430587768555 36.165454864502 36.1774711608887 36.1970748901367 36.1913719177246 36.1852188110352 36.2046546936035 36.2239074707031 36.2291679382324 36.253360748291 36.2835578918457 36.3020324707031 36.3138885498047 36.3251342773438
35.8108100891113 35.7984085083008 35.902717590332 35.9176559448242 35.8820838928223 35.9778366088867 35.9967880249023 35.9867935180664 36.0671920776367 36.0741844177246 36.0561447143555 36.0841789245605 36.0801277160645 36.0407447814941 36.0409545898438 36.0362777709961 36.0141792297363 36.0263137817383 36.0293388366699 36.0177040100098 36.0425109863281 36.0573616027832 36.0586395263672 36.0938835144043 36.1022415161133 36.0884819030762 36.0987663269043 36.0890350341797 36.0760269165039 36.0622444152832 36.0500259399414 36.0391998291016 35.9958229064941 35.9738655090332 35.9613571166992 35.9337959289551 35.9320259094238 35.941577911377 35.9568481445312 35.9804306030273 36.0328941345215 36.0783157348633 36.1118240356445 36.158390045166 36.1751365661621 36.1951065063477 36.2024345397949 36.199275970459 36.2067604064941 36.216236114502 36.2451477050781 36.255729675293 36.2770080566406 36.3154525756836 36.3224029541016 36.3255386352539 36.343563079834
35.8587684631348 35.9131126403809 35.9796562194824 35.9882965087891 36.0088272094727 36.0353965759277 36.0456047058105 36.064624786377 36.0861892700195 36.091968536377 36.0881958007812 36.0782623291016 36.0914611816406 36.0730247497559 36.0435523986816 36.0471038818359 36.0330390930176 36.0223045349121 36.0245513916016 36.038948059082 36.0538558959961 36.067211151123 36.0909805297852 36.1008644104004 36.1068840026855 36.1044578552246 36.0943603515625 36.0928573608398 36.0710563659668 36.0488471984863 36.0412368774414 36.0153923034668 35.9814987182617 35.9679641723633 35.9447174072266 35.929515838623 35.9287872314453 35.9460487365723 35.9746131896973 35.9866065979004 36.0408515930176 36.0923194885254 36.1084671020508 36.1465225219727 36.1870040893555 36.1894989013672 36.2050590515137 36.225269317627 36.2247314453125 36.2442588806152 36.2689476013184 36.2802619934082 36.3015594482422 36.3296661376953 36.3303451538086 36.340877532959 36.3575172424316
35.9233589172363 35.967700958252 35.9921226501465 36.0073432922363 36.0086441040039 36.0281219482422 36.0496978759766 36.0668601989746 36.0852394104004 36.0952949523926 36.0889205932617 36.0755958557129 36.0699081420898 36.0488967895508 36.0289001464844 36.0253639221191 35.9987678527832 35.9971046447754 36.0011444091797 36.0089721679688 36.040958404541 36.0556526184082 36.0766258239746 36.1015129089355 36.1105117797852 36.090877532959 36.0800933837891 36.0717163085938 36.0529174804688 36.0499038696289 36.0325202941895 35.9998741149902 35.9775848388672 35.9560928344727 35.9186744689941 35.9073181152344 35.9087753295898 35.9148330688477 35.9600067138672 35.9865264892578 36.0348052978516 36.096996307373 36.1304244995117 36.1414566040039 36.1773834228516 36.1860046386719 36.1708068847656 36.2120895385742 36.2185173034668 36.2088928222656 36.2559127807617 36.2775535583496 36.2969818115234 36.3319435119629 36.3398742675781 36.3577613830566 36.3651733398438
35.9289169311523 35.9710006713867 36.0002708435059 36.0008888244629 36.0083694458008 36.0278358459473 36.0415573120117 36.0656967163086 36.0842781066895 36.086296081543 36.0851936340332 36.0682487487793 36.0594139099121 36.0432167053223 36.0276489257812 36.0132751464844 35.9921569824219 35.9821281433105 35.9852333068848 36.0060539245605 36.0288734436035 36.0462799072266 36.0725250244141 36.0920867919922 36.0939903259277 36.0844039916992 36.0710754394531 36.0614471435547 36.0453224182129 36.0288391113281 36.0195083618164 35.9950218200684 35.9702186584473 35.9497909545898 35.914005279541 35.9014625549316 35.902027130127 35.9113235473633 35.9508285522461 35.9831123352051 36.0330085754395 36.097469329834 36.1158065795898 36.1333770751953 36.1671180725098 36.1646690368652 36.1581649780273 36.1855392456055 36.2006683349609 36.2011375427246 36.2394561767578 36.2745628356934 36.2896423339844 36.3088684082031 36.3375511169434 36.3608665466309 36.369026184082
35.9251327514648 35.9637718200684 36.0030822753906 35.9973030090332 36.0107269287109 36.0269470214844 36.0354118347168 36.0583419799805 36.0669441223145 36.0675430297852 36.0667495727539 36.0454406738281 36.0426979064941 36.0293045043945 36.012134552002 36.0047340393066 35.9935989379883 35.9733657836914 35.9762916564941 36.0036964416504 36.0166244506836 36.0271224975586 36.0521850585938 36.0574989318848 36.0583724975586 36.0585899353027 36.0472297668457 36.0419387817383 36.0288619995117 36.0020980834961 35.9971351623535 35.9798889160156 35.9465751647949 35.9371566772461 35.9199409484863 35.8973541259766 35.8949928283691 35.9261322021484 35.9518814086914 35.967845916748 36.0290298461914 36.0611267089844 36.0718879699707 36.1048583984375 36.1090888977051 36.1090393066406 36.1315002441406 36.135913848877 36.1431274414062 36.190071105957 36.2190437316895 36.2313613891602 36.284595489502 36.311840057373 36.3239707946777 36.3623352050781 36.3816680908203
35.963695526123 35.9801292419434 35.9895553588867 35.9898643493652 35.9935836791992 36.0092391967773 36.0216293334961 36.0481872558594 36.0668029785156 36.0766334533691 36.0636405944824 36.0344200134277 36.0237197875977 35.9946403503418 35.9711151123047 35.9658012390137 35.9653091430664 35.9624061584473 35.9653396606445 35.9722213745117 35.9897155761719 36.0091857910156 36.0145645141602 36.0310974121094 36.0322608947754 35.9884452819824 35.9878540039062 35.9829750061035 35.9590644836426 35.9821586608887 35.9715118408203 35.940113067627 35.928165435791 35.9034385681152 35.8701019287109 35.8619956970215 35.8577041625977 35.8558883666992 35.8990211486816 35.9343910217285 35.973991394043 36.0278511047363 36.0549583435059 36.03076171875 36.0231895446777 36.0280113220215 36.0139617919922 36.0435104370117 36.0567665100098 36.0754013061523 36.1478004455566 36.1717758178711 36.2156257629395 36.3040199279785 36.3217926025391 36.3383560180664 36.381664276123
35.9593658447266 35.9805488586426 35.9890823364258 35.9916877746582 35.9897575378418 36.0008010864258 36.0182876586914 36.0451736450195 36.0579719543457 36.0672340393066 36.0618286132812 36.0305061340332 36.0142211914062 35.9919586181641 35.9620170593262 35.9587326049805 35.9637451171875 35.9562797546387 35.9580345153809 35.9704246520996 35.9827194213867 35.9800071716309 36.0034866333008 36.0130653381348 35.9898567199707 35.9679870605469 35.9491348266602 35.946346282959 35.9404106140137 35.9429817199707 35.9534645080566 35.9336318969727 35.9033203125 35.8914680480957 35.8625106811523 35.8451461791992 35.8332252502441 35.8446426391602 35.8786544799805 35.9047241210938 35.9598846435547 35.9996185302734 36.0063400268555 36.0160064697266 35.985969543457 35.9707565307617 35.9854888916016 35.9875793457031 36.0070152282715 36.049674987793 36.0940437316895 36.1338157653809 36.1982269287109 36.2651290893555 36.3125686645508 36.3315734863281 36.3552131652832
35.934986114502 35.9587631225586 35.9774971008301 35.9812469482422 35.9877967834473 36.002254486084 36.0192832946777 36.0377769470215 36.0481910705566 36.0509071350098 36.0378761291504 36.0158729553223 36.0098457336426 35.984302520752 35.9698028564453 35.9642601013184 35.9676666259766 35.9568214416504 35.9624099731445 35.9760437011719 35.9660453796387 35.9676399230957 35.9633255004883 35.9328422546387 35.9262504577637 35.9157981872559 35.8950233459473 35.8909111022949 35.8994407653809 35.8839797973633 35.8866157531738 35.8995094299316 35.8740615844727 35.867862701416 35.8567543029785 35.8235931396484 35.8167686462402 35.8400039672852 35.8532943725586 35.8660545349121 35.9111480712891 35.9243392944336 35.9266891479492 35.9434013366699 35.9226455688477 35.9162483215332 35.9282493591309 35.9209251403809 35.9308204650879 36.0015029907227 36.0405616760254 36.0604438781738 36.1458206176758 36.2051391601562 36.2268180847168 36.2969093322754 36.3410148620605
35.9468231201172 35.961856842041 35.9629974365234 35.956714630127 35.9629669189453 35.9830322265625 36.0051307678223 36.0357894897461 36.0600547790527 36.0633239746094 36.0534591674805 36.0181045532227 36.0046844482422 35.991828918457 35.9638366699219 35.9520378112793 35.9489898681641 35.9447784423828 35.9508590698242 35.9483909606934 35.9481010437012 35.955192565918 35.9247932434082 35.8791923522949 35.8689155578613 35.8437385559082 35.8110275268555 35.802864074707 35.8075675964355 35.8221740722656 35.8214111328125 35.8257255554199 35.84228515625 35.8252601623535 35.7945671081543 35.780647277832 35.7728004455566 35.7624778747559 35.7844886779785 35.8125267028809 35.843936920166 35.883129119873 35.8918685913086 35.8623466491699 35.8432960510254 35.8328857421875 35.8104820251465 35.8332595825195 35.8542938232422 35.8865509033203 35.9418563842773 35.9872779846191 36.0358543395996 36.1103668212891 36.1499328613281 36.2215805053711 36.3058090209961
35.9541015625 35.9735450744629 35.9618721008301 35.9616241455078 35.9721374511719 35.9871864318848 36.0088691711426 36.0416641235352 36.0583190917969 36.0685691833496 36.0590286254883 36.0284538269043 36.0252380371094 35.9977188110352 35.9705696105957 35.9522743225098 35.9541053771973 35.9484443664551 35.9481201171875 35.9529571533203 35.948184967041 35.9320449829102 35.919189453125 35.8732376098633 35.8550758361816 35.8362693786621 35.7829246520996 35.767879486084 35.7961921691895 35.793830871582 35.784740447998 35.8075637817383 35.8000259399414 35.8011665344238 35.7848320007324 35.7597122192383 35.7528228759766 35.7544784545898 35.764347076416 35.7754859924316 35.8290405273438 35.8516693115234 35.8526153564453 35.8465461730957 35.8051223754883 35.7945709228516 35.7953414916992 35.7973594665527 35.8155937194824 35.8671340942383 35.8963928222656 35.9297981262207 36.0094184875488 36.0577430725098 36.1184539794922 36.2065467834473 36.2602500915527
35.929573059082 35.9456329345703 35.955265045166 35.9581604003906 35.9709434509277 35.98974609375 36.0025939941406 36.0260810852051 36.0409812927246 36.0472755432129 36.0406951904297 36.0282745361328 36.0294570922852 36.002067565918 35.9707069396973 35.9789009094238 35.9619293212891 35.9434280395508 35.9455146789551 35.9338989257812 35.9111557006836 35.9044456481934 35.8729133605957 35.8320999145508 35.8238372802734 35.802677154541 35.7593803405762 35.7541618347168 35.7576560974121 35.7362594604492 35.7321891784668 35.7392807006836 35.7368125915527 35.7321548461914 35.741039276123 35.7209663391113 35.716480255127 35.7427673339844 35.7333564758301 35.739200592041 35.7660064697266 35.7635726928711 35.7651100158691 35.771842956543 35.7499618530273 35.74365234375 35.7559204101562 35.7496643066406 35.7577209472656 35.8137092590332 35.839958190918 35.8566513061523 35.9430656433105 36.0034370422363 36.0366897583008 36.1372756958008 36.217212677002
35.9287147521973 35.9365882873535 35.9277000427246 35.9325714111328 35.933952331543 35.9631118774414 35.9823875427246 36.0207633972168 36.0494537353516 36.0568313598633 36.0470886230469 36.0325698852539 36.0219802856445 35.9719314575195 35.9549026489258 35.9572257995605 35.914722442627 35.921630859375 35.9203910827637 35.891845703125 35.8926315307617 35.8791122436523 35.8385696411133 35.8131561279297 35.7880325317383 35.7604293823242 35.7463684082031 35.7370796203613 35.7189636230469 35.6947174072266 35.7034454345703 35.6902732849121 35.6751480102539 35.6723480224609 35.6517181396484 35.6635780334473 35.6535873413086 35.6200752258301 35.6527214050293 35.6691856384277 35.6576194763184 35.7068824768066 35.709400177002 35.6746711730957 35.6793518066406 35.6668663024902 35.6523933410645 35.6798515319824 35.6976318359375 35.7178688049316 35.7662963867188 35.8006744384766 35.8355178833008 35.9172019958496 35.970027923584 36.0358543395996 36.148609161377
35.9382591247559 35.9436874389648 35.9362564086914 35.93359375 35.9392547607422 35.95703125 35.9757080078125 36.0125846862793 36.0517768859863 36.0532569885254 36.0482482910156 36.0278625488281 36.0076751708984 35.969295501709 35.9446067810059 35.9309921264648 35.9102592468262 35.9013366699219 35.8935203552246 35.8827667236328 35.869556427002 35.8587951660156 35.8289756774902 35.7889099121094 35.7830467224121 35.7573394775391 35.733585357666 35.7272453308105 35.7170791625977 35.6928520202637 35.6736068725586 35.6794548034668 35.6594886779785 35.6230773925781 35.6306419372559 35.6221466064453 35.5999069213867 35.5942153930664 35.601692199707 35.6111907958984 35.6327171325684 35.6468658447266 35.6600151062012 35.6518516540527 35.623363494873 35.6314964294434 35.6332397460938 35.6404304504395 35.6564788818359 35.6983299255371 35.7288932800293 35.7572898864746 35.8175163269043 35.873119354248 35.9152221679688 36.0083961486816 36.0957145690918
35.9316024780273 35.9334869384766 35.933032989502 35.9345703125 35.9476127624512 35.9584083557129 35.9697914123535 35.996955871582 36.0188865661621 36.0231246948242 36.0180206298828 35.9867324829102 35.9847717285156 35.9536056518555 35.9094390869141 35.9017028808594 35.8840255737305 35.8544998168945 35.8524436950684 35.8460884094238 35.8168601989746 35.8121452331543 35.7988739013672 35.7655410766602 35.7630004882812 35.7479820251465 35.7246475219727 35.7193260192871 35.7057189941406 35.6764373779297 35.6721649169922 35.6549072265625 35.6075553894043 35.5966644287109 35.5760192871094 35.5346946716309 35.5254096984863 35.5365791320801 35.518009185791 35.5188369750977 35.5481300354004 35.5367050170898 35.5402793884277 35.5761642456055 35.5656929016113 35.5678405761719 35.5983428955078 35.5940742492676 35.601734161377 35.6555519104004 35.6786689758301 35.6895866394043 35.7669067382812 35.806827545166 35.8297271728516 35.9415435791016 36.0174331665039
35.9592094421387 35.945858001709 35.9301872253418 35.9162864685059 35.9180564880371 35.9385261535645 35.9588241577148 35.9804801940918 35.9997138977051 36.0190238952637 35.9794654846191 35.9483337402344 35.9376525878906 35.873161315918 35.8497123718262 35.8305931091309 35.7915573120117 35.7853012084961 35.7869682312012 35.7762298583984 35.7796287536621 35.7660064697266 35.7555541992188 35.7479209899902 35.7347946166992 35.7218322753906 35.7161407470703 35.7035369873047 35.6823616027832 35.6789627075195 35.6640548706055 35.6215744018555 35.5785140991211 35.5677452087402 35.5106010437012 35.4510688781738 35.4430732727051 35.4184379577637 35.4028167724609 35.4069480895996 35.42138671875 35.4416122436523 35.4452285766602 35.4699211120605 35.5007476806641 35.4987525939941 35.4983711242676 35.5305862426758 35.5471229553223 35.5777626037598 35.616886138916 35.643669128418 35.6904182434082 35.7163887023926 35.7665901184082 35.8651123046875 35.9303207397461
