G_variables/Set1/RCP6_2100/Sur_tem_min.asc
NCOLS 229 
NROWS 147 
XLLCORNER -101.25 
YLLCORNER 14.3333333333333 
CELLSIZE 0.0833333333333333 
NODATA_value -9999 
[rows 104 to 129 of 147, columns 171 to 227 of 229]
27.9520320892334 27.958517074585 27.9493103027344 27.9462490081787 27.9608173370361 27.961633682251 27.965799331665 27.9665946960449 27.9554557800293 27.9504699707031 27.9443244934082 27.9372806549072 27.9362564086914 27.9388828277588 27.9417934417725 27.944766998291 27.9498023986816 27.9484405517578 27.9568061828613 27.9645328521729 27.9625930786133 27.9674186706543 27.97585105896 27.9973487854004 28.0019264221191 27.9973983764648 28.0065498352051 28.0114631652832 28.0243015289307 28.0331192016602 28.0385589599609 28.0508193969727 28.0568504333496 28.0636768341064 28.0803718566895 28.0790901184082 28.0827312469482 28.0981025695801 28.0895767211914 28.0894393920898 28.1036415100098 28.0904560089111 28.087516784668 28.0903415679932 28.0939655303955 28.0983619689941 28.1067943572998 28.1147155761719 28.1178379058838 28.1235084533691 28.1153697967529 28.1134395599365 28.1104526519775 28.1042232513428 28.0944519042969 28.0993385314941 -9999
27.9690093994141 27.9580860137939 27.9506664276123 27.9570732116699 27.972261428833 27.9704513549805 27.9697685241699 27.9670372009277 27.9625072479248 27.9595985412598 27.9528751373291 27.9423847198486 27.9425449371338 27.9453945159912 27.9478225708008 27.9531898498535 27.9597568511963 27.9587917327881 27.9642086029053 27.9664058685303 27.9682884216309 27.9794845581055 27.9871025085449 28.0044345855713 28.0155830383301 28.003625869751 28.0049686431885 28.0180072784424 28.0254096984863 28.0330371856689 28.0474414825439 28.0532970428467 28.0520668029785 28.0653858184814 28.0707626342773 28.0736618041992 28.0816268920898 28.0814914703369 28.0808849334717 28.0814819335938 28.0812244415283 28.07741355896 28.0880069732666 28.0913047790527 28.0883884429932 28.0964679718018 28.102725982666 28.1121139526367 28.1167297363281 28.1114807128906 28.1071510314941 28.1132411956787 28.0976028442383 28.0945892333984 28.0983009338379 28.0992622375488 28.0885219573975
27.941162109375 27.9511032104492 27.9470977783203 27.9688911437988 27.9737911224365 27.9746589660645 27.9744205474854 27.9729824066162 27.9759654998779 27.9661712646484 27.9620494842529 27.9573516845703 27.958028793335 27.9628944396973 27.9638385772705 27.9778881072998 27.9764614105225 27.9763698577881 27.9808349609375 27.9857807159424 27.98854637146 28.0006809234619 28.0064525604248 28.014461517334 28.0249290466309 28.022388458252 28.0204296112061 28.0355453491211 28.0401134490967 28.0427169799805 28.0557441711426 28.0565452575684 28.0589084625244 28.0686092376709 28.0716457366943 28.0734920501709 28.0805587768555 28.079122543335 28.0756568908691 28.0770053863525 28.0727195739746 28.0700569152832 28.0816249847412 28.0849380493164 28.0834121704102 28.0874538421631 28.0951042175293 28.0994682312012 28.1090297698975 28.1052322387695 28.1072654724121 28.1126441955566 28.1064624786377 28.1043376922607 28.1088619232178 28.1108913421631 28.1092853546143
27.9347515106201 27.9738693237305 27.9624710083008 27.9665660858154 27.9948539733887 27.9879455566406 27.9894771575928 28.0060729980469 27.982385635376 27.9770355224609 27.9802417755127 27.9732265472412 27.9750137329102 27.9828948974609 27.982084274292 27.9817199707031 27.9872970581055 27.9877300262451 27.9865646362305 27.9958000183105 27.9953174591064 27.9990062713623 28.0104446411133 28.0127544403076 28.0187473297119 28.0242729187012 28.0296077728271 28.0338478088379 28.0472354888916 28.0479602813721 28.0506057739258 28.0636196136475 28.0609149932861 28.0633964538574 28.0732746124268 28.0747451782227 28.0753784179688 28.0814743041992 28.0745544433594 28.0727081298828 28.0739669799805 28.0735702514648 28.0706882476807 28.0731754302979 28.0783462524414 28.0804882049561 28.0840625762939 28.0943450927734 28.0980186462402 28.1063270568848 28.1068897247314 28.1089534759521 28.1160373687744 28.1089458465576 28.1150512695312 28.1180667877197 28.1141223907471
27.9272327423096 27.9394016265869 27.9436168670654 27.9622211456299 27.9707489013672 27.9800262451172 27.9923725128174 27.9834575653076 27.9756755828857 27.9788970947266 27.9767093658447 27.9723510742188 27.9801330566406 27.9812908172607 27.9783477783203 27.9865798950195 27.9889717102051 27.9890556335449 27.9927825927734 27.9908180236816 27.9932727813721 28.002046585083 28.006368637085 28.0068836212158 28.0190525054932 28.0209102630615 28.0258655548096 28.0353260040283 28.0369129180908 28.0415210723877 28.0533847808838 28.0546436309814 28.0553798675537 28.0605030059814 28.0659217834473 28.0648574829102 28.0657844543457 28.065616607666 28.065637588501 28.0659122467041 28.0650100708008 28.0673427581787 28.0639972686768 28.0692825317383 28.0697822570801 28.0780792236328 28.0813083648682 28.0842685699463 28.0911712646484 28.0915718078613 28.0921669006348 28.1056098937988 28.1061382293701 28.1139469146729 -9999 -9999 -9999
27.8967189788818 27.90846824646 27.9178504943848 27.9380359649658 27.9481678009033 27.9583988189697 27.9715843200684 27.9613609313965 27.9593677520752 27.9652118682861 27.9646778106689 27.9624404907227 27.9718742370605 27.9736709594727 27.972900390625 27.9814682006836 27.9838104248047 27.9859886169434 27.990119934082 27.9900817871094 27.9915008544922 28.0015468597412 28.0061454772949 28.0050792694092 28.0171089172363 28.0181884765625 28.0195541381836 28.0292816162109 28.0339107513428 28.0334091186523 28.0430679321289 28.0439777374268 28.0444850921631 28.0489864349365 28.0520648956299 28.0507221221924 28.0510177612305 28.0521602630615 28.0515899658203 28.0495567321777 28.048677444458 28.0523719787598 28.0495491027832 28.0568389892578 28.056812286377 28.0634765625 28.0655975341797 28.0720272064209 28.0806312561035 28.0778999328613 28.0830078125 28.0978622436523 -9999 -9999 -9999 -9999 -9999
27.8814582824707 27.9054985046387 27.9200687408447 27.9295387268066 27.9526901245117 27.9517917633057 27.9517097473145 27.9703521728516 27.9649791717529 27.9664707183838 27.978479385376 27.9697494506836 27.9701099395752 27.9924221038818 27.9812507629395 27.9808807373047 28.002893447876 27.983325958252 27.9821624755859 28.0081386566162 27.9993934631348 28.0026721954346 28.0249691009521 28.0111522674561 28.0074329376221 28.0252246856689 28.0160064697266 28.0186576843262 28.0362854003906 28.0339775085449 28.0328063964844 28.0488834381104 28.0421676635742 28.042610168457 28.048412322998 28.0461120605469 28.0464611053467 28.0467166900635 28.0452289581299 28.0446281433105 28.043083190918 28.0380878448486 28.0497817993164 28.0484733581543 28.050989151001 28.0512962341309 28.0518894195557 28.0647888183594 28.0742816925049 -9999 -9999 -9999 -9999 -9999 -9999 -9999 -9999
27.878719329834 27.8916969299316 27.9032726287842 27.9244995117188 27.9316139221191 27.9330024719238 27.9448051452637 27.9495620727539 27.948392868042 27.9585380554199 27.9587497711182 27.953161239624 27.9621315002441 27.9654636383057 27.962963104248 27.9735374450684 27.9763622283936 27.9652481079102 27.9750175476074 27.9805679321289 27.9821949005127 27.9923191070557 27.9941139221191 27.9941558837891 27.9953060150146 27.9994316101074 28.0004863739014 28.0084533691406 28.0170745849609 28.0217685699463 28.0263595581055 28.0333499908447 28.030574798584 28.0353736877441 28.03635597229 28.0395030975342 28.0395641326904 28.0393714904785 28.038049697876 28.0391712188721 28.0388565063477 28.0314483642578 28.0456104278564 28.0415477752686 28.0402336120605 28.0496768951416 -9999 -9999 -9999 -9999 -9999 -9999 -9999 -9999 -9999 -9999 -9999
27.8434429168701 27.8592948913574 27.8657779693604 27.8857975006104 27.8924713134766 27.8946876525879 27.909631729126 27.912633895874 27.9095993041992 27.9224243164062 27.921501159668 27.925256729126 27.9373760223389 27.9320907592773 27.9331912994385 27.9453182220459 27.9445171356201 27.9461650848389 27.951976776123 27.9483604431152 27.9521579742432 27.9605941772461 27.9630241394043 27.9630928039551 27.971305847168 27.9675998687744 27.9734497070312 27.9825267791748 27.984691619873 27.9904460906982 28.0015830993652 28.0056095123291 28.0072994232178 28.0133514404297 28.0171012878418 28.0126247406006 28.0139751434326 28.0153427124023 28.0177783966064 28.0193824768066 28.0193672180176 28.0213794708252 28.0210266113281 28.0228023529053 -9999 -9999 -9999 -9999 -9999 -9999 -9999 -9999 -9999 -9999 -9999 -9999 -9999
27.828010559082 27.8432598114014 27.8558292388916 27.8643474578857 27.8821582794189 27.8862438201904 27.8920841217041 27.8920955657959 27.9026718139648 27.9038505554199 27.9043731689453 27.9147605895996 27.9183387756348 27.9245643615723 27.929759979248 27.9323558807373 27.9285335540771 27.9379920959473 27.9325275421143 27.938404083252 27.9420642852783 27.9432735443115 27.9490299224854 27.9441909790039 27.9462642669678 27.9571857452393 27.9673023223877 27.9728202819824 27.971134185791 27.9812259674072 27.9892997741699 27.9946575164795 27.997652053833 28.0018577575684 28.0130157470703 28.005033493042 28.0052375793457 28.0104026794434 28.0111083984375 28.0115356445312 28.0157852172852 -9999 -9999 -9999 -9999 -9999 -9999 -9999 -9999 -9999 -9999 -9999 -9999 -9999 -9999 -9999 -9999
27.8214645385742 27.831958770752 27.84348487854 27.8598880767822 27.8715286254883 27.8726501464844 27.8856449127197 27.8857345581055 27.8888530731201 27.8983631134033 27.899730682373 27.898006439209 27.9116344451904 27.9135055541992 27.9155769348145 27.9270877838135 27.9205131530762 27.9199867248535 27.9243774414062 27.9264316558838 27.9241638183594 27.9308967590332 27.9254722595215 27.911808013916 27.9224853515625 27.9387092590332 27.9490146636963 27.9630889892578 27.9629421234131 27.9666900634766 27.981897354126 27.9824104309082 27.9832744598389 27.99143409729 27.9930763244629 27.9908123016357 27.9975852966309 28.0002937316895 28.0003414154053 -9999 -9999 -9999 -9999 -9999 -9999 -9999 -9999 -9999 -9999 -9999 -9999 -9999 -9999 -9999 -9999 -9999 -9999
27.7938632965088 27.8043994903564 27.8103408813477 27.8282108306885 27.8316745758057 27.8302536010742 27.8479652404785 27.8453521728516 27.8548259735107 27.8648452758789 27.8664436340332 27.8643226623535 27.875997543335 27.8781929016113 27.8812198638916 27.8895225524902 27.8831386566162 27.8802890777588 27.8845195770264 27.8830509185791 27.8843994140625 27.8922691345215 27.8840579986572 27.8712463378906 27.8826675415039 27.8996734619141 27.9127655029297 27.9275608062744 27.93603515625 27.9390048980713 27.9436321258545 27.9449653625488 27.9474296569824 27.9574184417725 27.9579925537109 27.9598140716553 -9999 -9999 -9999 -9999 -9999 -9999 -9999 -9999 -9999 -9999 -9999 -9999 -9999 -9999 -9999 -9999 -9999 -9999 -9999 -9999 -9999
27.7843341827393 27.7982482910156 27.8068408966064 27.8132572174072 27.8141288757324 27.8246154785156 27.835376739502 27.8351097106934 27.8499221801758 27.8524742126465 27.8571147918701 27.860876083374 27.8649978637695 27.8686866760254 27.8761653900146 27.8775672912598 27.8712844848633 27.8747730255127 27.8684158325195 27.8693599700928 27.8793621063232 27.8788986206055 27.8809776306152 27.8812999725342 27.8852081298828 27.8979835510254 27.9085884094238 27.9165954589844 27.9297008514404 27.9322834014893 27.9300746917725 27.9333305358887 27.9394855499268 -9999 -9999 -9999 -9999 -9999 -9999 -9999 -9999 -9999 -9999 -9999 -9999 -9999 -9999 -9999 -9999 -9999 -9999 -9999 -9999 -9999 -9999 -9999 -9999
27.7834548950195 27.7924995422363 27.7968788146973 27.8081073760986 27.8079853057861 27.8124752044678 27.8327236175537 27.83278465271 27.8382358551025 27.850887298584 27.8542346954346 27.851053237915 27.8614826202393 27.8658618927002 27.8658981323242 27.8733024597168 27.8667526245117 27.8639850616455 27.8667335510254 27.8635749816895 27.8671646118164 27.8761253356934 27.8773994445801 27.8766403198242 27.8889217376709 27.8939647674561 27.898286819458 27.9126777648926 27.9182147979736 27.9136352539062 27.9230632781982 -9999 -9999 -9999 -9999 -9999 -9999 -9999 -9999 -9999 -9999 -9999 -9999 -9999 -9999 -9999 -9999 -9999 -9999 -9999 -9999 -9999 -9999 -9999 -9999 -9999 -9999
27.7604637145996 27.7682209014893 27.7729835510254 27.7844314575195 27.7836227416992 27.7886447906494 27.8096122741699 27.8132190704346 27.8166770935059 27.8304901123047 27.8294868469238 27.8311328887939 27.8392543792725 27.8414897918701 27.8407440185547 27.8472061157227 27.841438293457 27.8350887298584 27.8363456726074 27.8331623077393 27.8334331512451 27.8442764282227 27.8456382751465 27.846170425415 27.8593139648438 27.8622798919678 27.8679237365723 27.877965927124 -9999 -9999 -9999 -9999 -9999 -9999 -9999 -9999 -9999 -9999 -9999 -9999 -9999 -9999 -9999 -9999 -9999 -9999 -9999 -9999 -9999 -9999 -9999 -9999 -9999 -9999 -9999 -9999 -9999
27.7529563903809 27.7559947967529 27.7712936401367 27.7757740020752 27.7749309539795 27.7881088256836 27.800422668457 27.8030261993408 27.8115577697754 27.8214664459229 27.8273963928223 27.8320903778076 27.834056854248 27.8412837982178 27.8407592773438 27.8339862823486 27.8324527740479 27.8334350585938 27.8247509002686 27.8190956115723 27.8294620513916 27.8332614898682 27.8411102294922 27.844877243042 27.850549697876 27.860746383667 -9999 -9999 -9999 -9999 -9999 -9999 -9999 -9999 -9999 -9999 -9999 -9999 -9999 -9999 -9999 -9999 -9999 -9999 -9999 -9999 -9999 -9999 -9999 -9999 -9999 -9999 -9999 -9999 -9999 -9999 -9999
27.7528209686279 27.7586841583252 27.7659072875977 27.7817211151123 27.7895126342773 27.7872219085693 27.7957801818848 27.7945365905762 27.7993946075439 27.8245296478271 27.824857711792 27.8281135559082 27.8358345031738 27.8401660919189 27.8369960784912 27.8321590423584 27.8281364440918 27.8245735168457 27.8249588012695 27.8245944976807 27.824728012085 27.8292961120605 27.8305912017822 -9999 -9999 -9999 -9999 -9999 -9999 -9999 -9999 -9999 -9999 -9999 -9999 -9999 -9999 -9999 -9999 -9999 -9999 -9999 -9999 -9999 -9999 -9999 -9999 -9999 -9999 -9999 -9999 -9999 -9999 -9999 -9999 -9999 -9999
27.743480682373 27.7475872039795 27.753288269043 27.764705657959 27.7694625854492 27.7730350494385 27.7831859588623 27.7861328125 27.7903213500977 27.8044147491455 27.8180522918701 27.8201427459717 27.8277759552002 27.8291206359863 27.8206329345703 27.8186302185059 27.8122596740723 27.8065719604492 27.8035678863525 27.7968673706055 -9999 -9999 -9999 -9999 -9999 -9999 -9999 -9999 -9999 -9999 -9999 -9999 -9999 -9999 -9999 -9999 -9999 -9999 -9999 -9999 -9999 -9999 -9999 -9999 -9999 -9999 -9999 -9999 -9999 -9999 -9999 -9999 -9999 -9999 -9999 -9999 -9999
27.7438163757324 27.7431583404541 27.7543048858643 27.7583923339844 27.7571067810059 27.7717704772949 27.7763900756836 27.7835788726807 27.793815612793 27.8011150360107 27.8150234222412 27.8264675140381 27.8279285430908 27.8262634277344 27.822509765625 27.8146362304688 27.8035888671875 27.8044033050537 27.795467376709 27.7844848632812 -9999 -9999 -9999 -9999 -9999 -9999 -9999 -9999 -9999 -9999 -9999 -9999 -9999 -9999 -9999 -9999 -9999 -9999 -9999 -9999 -9999 -9999 -9999 -9999 -9999 -9999 -9999 -9999 -9999 -9999 -9999 -9999 -9999 -9999 -9999 -9999 -9999
27.753662109375 27.7539901733398 27.7542152404785 27.7632465362549 27.7650909423828 27.7687244415283 27.7801284790039 27.7866630554199 27.7908840179443 27.8095626831055 27.8197383880615 27.8336944580078 27.8409004211426 27.8302364349365 27.8256092071533 27.8169536590576 27.8106899261475 27.8032684326172 27.7966480255127 -9999 -9999 -9999 -9999 -9999 -9999 -9999 -9999 -9999 -9999 -9999 -9999 -9999 -9999 -9999 -9999 -9999 -9999 -9999 -9999 -9999 -9999 -9999 -9999 -9999 -9999 -9999 -9999 -9999 -9999 -9999 -9999 -9999 -9999 -9999 -9999 -9999 -9999
27.7698612213135 27.759183883667 27.7574863433838 27.7661056518555 27.7684955596924 27.7682132720947 27.7736778259277 27.7829303741455 27.7930202484131 27.811939239502 27.8242244720459 27.8429145812988 27.8523693084717 27.8353939056396 27.8252048492432 27.815013885498 27.8062572479248 27.7931747436523 -9999 -9999 -9999 -9999 -9999 -9999 -9999 -9999 -9999 -9999 -9999 -9999 -9999 -9999 -9999 -9999 -9999 -9999 -9999 -9999 -9999 -9999 -9999 -9999 -9999 -9999 -9999 -9999 -9999 -9999 -9999 -9999 -9999 -9999 -9999 -9999 -9999 -9999 -9999
27.76491355896 27.7520542144775 27.7598285675049 27.7608623504639 27.7562236785889 27.770658493042 27.769401550293 27.7720623016357 27.7977256774902 27.8082408905029 27.8219966888428 27.8410949707031 27.8456916809082 27.8389110565186 27.8246517181396 27.813871383667 27.806697845459 -9999 -9999 -9999 -9999 -9999 -9999 -9999 -9999 -9999 -9999 -9999 -9999 -9999 -9999 -9999 -9999 -9999 -9999 -9999 -9999 -9999 -9999 -9999 -9999 -9999 -9999 -9999 -9999 -9999 -9999 -9999 -9999 -9999 -9999 -9999 -9999 -9999 -9999 -9999 -9999
27.7580604553223 27.7573108673096 27.7595367431641 27.763463973999 27.7626094818115 27.7694644927979 27.7757396697998 27.7847938537598 27.790678024292 27.8120193481445 27.8185920715332 27.8239402770996 27.8304843902588 27.8296813964844 27.8287620544434 27.82102394104 27.8113460540771 -9999 -9999 -9999 -9999 -9999 -9999 -9999 -9999 -9999 -9999 -9999 -9999 -9999 -9999 -9999 -9999 -9999 -9999 -9999 -9999 -9999 -9999 -9999 -9999 -9999 -9999 -9999 -9999 -9999 -9999 -9999 -9999 -9999 -9999 -9999 -9999 -9999 -9999 -9999 -9999
27.7609710693359 27.7616672515869 27.7688121795654 27.7695121765137 27.7705078125 27.7747993469238 27.7777099609375 27.7883911132812 27.7934322357178 27.8115978240967 27.8188419342041 27.8174247741699 27.8289680480957 27.8239803314209 27.8266487121582 27.8182106018066 -9999 -9999 -9999 -9999 -9999 -9999 -9999 -9999 -9999 -9999 -9999 -9999 -9999 -9999 -9999 -9999 -9999 -9999 -9999 -9999 -9999 -9999 -9999 -9999 -9999 -9999 -9999 -9999 -9999 -9999 -9999 -9999 -9999 -9999 -9999 -9999 -9999 -9999 -9999 -9999 -9999
27.7585868835449 27.7653121948242 27.7655029296875 27.7704181671143 27.7789497375488 27.7766056060791 27.779182434082 27.7947387695312 27.7955074310303 27.8018188476562 27.8212432861328 27.8143978118896 27.8201446533203 -9999 -9999 -9999 -9999 -9999 -9999 -9999 -9999 -9999 -9999 -9999 -9999 -9999 -9999 -9999 -9999 -9999 -9999 -9999 -9999 -9999 -9999 -9999 -9999 -9999 -9999 -9999 -9999 -9999 -9999 -9999 -9999 -9999 -9999 -9999 -9999 -9999 -9999 -9999 -9999 -9999 -9999 -9999 -9999
27.7560291290283 27.7587051391602 27.7623233795166 27.7672348022461 27.7696304321289 27.7746639251709 27.7794570922852 27.7848873138428 27.7906856536865 -9999 -9999 -9999 -9999 -9999 -9999 -9999 -9999 -9999 -9999 -9999 -9999 -9999 -9999 -9999 -9999 -9999 -9999 -9999 -9999 -9999 -9999 -9999 -9999 -9999 -9999 -9999 -9999 -9999 -9999 -9999 -9999 -9999 -9999 -9999 -9999 -9999 -9999 -9999 -9999 -9999 -9999 -9999 -9999 -9999 -9999 -9999 -9999
