G_variables/Set1/RCP6_2100/Sur_tem_max.asc
NCOLS 229 
NROWS 147 
XLLCORNER -101.25 
YLLCORNER 14.3333333333333 
CELLSIZE 0.0833333333333333 
NODATA_value -9999 
[rows 0 to 25 of 147, columns 114 to 170 of 229]
-9999 -9999 -9999 -9999 -9999 -9999 -9999 -9999 -9999 -9999 -9999 -9999 -9999 -9999 -9999 -9999 -9999 -9999 -9999 -9999 -9999 -9999 -9999 -9999 -9999 -9999 -9999 -9999 -9999 -9999 -9999 -9999 -9999 -9999 -9999 -9999 -9999 -9999 -9999 -9999 -9999 -9999 -9999 -9999 -9999 -9999 -9999 -9999 -9999 -9999 -9999 -9999 -9999 -9999 -9999 -9999 -9999
-9999 -9999 -9999 -9999 -9999 -9999 -9999 -9999 -9999 -9999 -9999 -9999 -9999 -9999 -9999 -9999 -9999 -9999 -9999 -9999 -9999 -9999 -9999 -9999 -9999 -9999 -9999 -9999 -9999 -9999 -9999 -9999 -9999 -9999 -9999 -9999 -9999 -9999 -9999 -9999 -9999 -9999 -9999 -9999 -9999 -9999 -9999 -9999 -9999 -9999 -9999 -9999 -9999 -9999 -9999 -9999 -9999
-9999 -9999 -9999 -9999 -9999 -9999 -9999 -9999 -9999 -9999 -9999 -9999 -9999 -9999 -9999 -9999 -9999 -9999 -9999 -9999 -9999 -9999 -9999 -9999 -9999 -9999 -9999 -9999 -9999 -9999 -9999 -9999 -9999 -9999 -9999 -9999 -9999 -9999 -9999 -9999 -9999 -9999 -9999 -9999 -9999 -9999 -9999 -9999 -9999 -9999 -9999 -9999 -9999 -9999 -9999 -9999 32.2271957397461
-9999 -9999 -9999 -9999 -9999 -9999 -9999 -9999 -9999 -9999 -9999 -9999 -9999 -9999 -9999 -9999 -9999 -9999 -9999 -9999 -9999 -9999 -9999 -9999 -9999 -9999 -9999 -9999 -9999 -9999 -9999 -9999 -9999 -9999 -9999 -9999 -9999 -9999 -9999 -9999 -9999 -9999 -9999 -9999 -9999 -9999 -9999 -9999 -9999 -9999 -9999 -9999 -9999 -9999 32.2254943847656 32.2248344421387 32.2285614013672
-9999 -9999 -9999 -9999 -9999 -9999 -9999 -9999 -9999 -9999 -9999 -9999 -9999 -9999 -9999 -9999 -9999 -9999 -9999 -9999 -9999 -9999 -9999 -9999 -9999 -9999 -9999 -9999 -9999 -9999 -9999 -9999 -9999 -9999 -9999 -9999 -9999 -9999 -9999 -9999 -9999 -9999 -9999 -9999 -9999 -9999 -9999 -9999 -9999 -9999 -9999 -9999 -9999 32.2182426452637 32.2179756164551 32.2197036743164 32.2253150939941
-9999 -9999 -9999 -9999 -9999 -9999 -9999 -9999 -9999 -9999 -9999 -9999 -9999 -9999 -9999 -9999 -9999 -9999 -9999 -9999 -9999 -9999 -9999 -9999 -9999 -9999 -9999 -9999 -9999 -9999 -9999 -9999 -9999 -9999 -9999 -9999 -9999 -9999 -9999 -9999 -9999 -9999 -9999 -9999 -9999 -9999 -9999 -9999 -9999 -9999 -9999 32.2066612243652 32.1970520019531 32.2156448364258 32.2169723510742 32.2208976745605 32.2236633300781
-9999 -9999 -9999 -9999 -9999 -9999 -9999 -9999 -9999 -9999 -9999 -9999 -9999 -9999 -9999 -9999 -9999 -9999 -9999 -9999 -9999 -9999 -9999 -9999 -9999 -9999 -9999 -9999 -9999 -9999 -9999 -9999 -9999 -9999 -9999 -9999 -9999 -9999 -9999 -9999 -9999 -9999 -9999 -9999 -9999 -9999 -9999 -9999 -9999 -9999 32.2240371704102 32.2115821838379 32.2097015380859 32.2175712585449 32.2184028625488 32.2244567871094 32.2267303466797
-9999 -9999 -9999 -9999 -9999 -9999 -9999 -9999 -9999 -9999 -9999 -9999 -9999 -9999 -9999 -9999 -9999 -9999 -9999 -9999 -9999 -9999 -9999 -9999 -9999 -9999 -9999 -9999 -9999 -9999 -9999 -9999 -9999 -9999 -9999 -9999 -9999 -9999 -9999 -9999 -9999 -9999 -9999 -9999 -9999 -9999 -9999 -9999 32.2281494140625 32.226806640625 32.2318687438965 32.221549987793 32.2230987548828 32.2234954833984 32.2183074951172 32.228443145752 32.2315673828125
-9999 -9999 -9999 -9999 -9999 -9999 -9999 -9999 -9999 -9999 -9999 -9999 -9999 -9999 -9999 -9999 -9999 -9999 -9999 -9999 -9999 -9999 -9999 -9999 -9999 -9999 -9999 -9999 -9999 -9999 -9999 -9999 -9999 -9999 -9999 -9999 -9999 -9999 -9999 -9999 -9999 -9999 -9999 -9999 -9999 -9999 -9999 32.2353324890137 32.2351455688477 32.2361297607422 32.2340087890625 32.225040435791 32.2112426757812 32.2251586914062 32.2193298339844 32.197624206543 32.2290840148926
-9999 -9999 -9999 -9999 -9999 -9999 -9999 -9999 -9999 -9999 -9999 -9999 -9999 -9999 -9999 -9999 -9999 -9999 -9999 -9999 -9999 -9999 -9999 -9999 -9999 -9999 -9999 -9999 -9999 -9999 -9999 -9999 -9999 -9999 -9999 -9999 -9999 -9999 -9999 -9999 -9999 -9999 -9999 32.2495727539062 32.2491111755371 32.2448539733887 32.2436637878418 32.2454872131348 32.2416763305664 32.24609375 32.2436218261719 32.2343215942383 32.2351875305176 32.2355575561523 32.2363395690918 32.230842590332 32.2439002990723
32.2042236328125 32.2049102783203 32.2038726806641 32.210880279541 32.213062286377 32.2161750793457 -9999 -9999 -9999 -9999 -9999 -9999 -9999 -9999 -9999 -9999 -9999 -9999 -9999 -9999 -9999 -9999 -9999 -9999 -9999 -9999 -9999 -9999 -9999 -9999 -9999 -9999 -9999 -9999 -9999 -9999 -9999 -9999 -9999 32.2488403320312 32.2579383850098 32.2595443725586 32.2703018188477 32.2728042602539 32.2717056274414 32.2720832824707 32.2709197998047 32.2690086364746 32.2604064941406 32.25927734375 32.2595252990723 32.2540473937988 32.2609786987305 32.2599868774414 32.2625694274902 32.2707214355469 32.2693061828613
32.2094192504883 32.2130928039551 32.2119827270508 32.2148742675781 32.2300834655762 32.2322883605957 32.2413482666016 32.2585525512695 32.2420272827148 32.2409515380859 32.2543258666992 32.2381858825684 32.2323722839355 32.2287178039551 -9999 -9999 -9999 -9999 -9999 -9999 -9999 -9999 -9999 -9999 -9999 -9999 -9999 -9999 -9999 -9999 -9999 -9999 -9999 -9999 -9999 -9999 32.2134017944336 32.2334861755371 32.2479858398438 32.248950958252 32.2773513793945 32.2727928161621 32.2752876281738 32.2874031066895 32.2782936096191 32.2808494567871 32.281421661377 32.2765502929688 32.2730255126953 32.2616653442383 32.2658195495605 32.265495300293 32.2834625244141 32.272518157959 32.2804527282715 32.2904891967773 32.2793121337891
32.2153549194336 32.2162284851074 32.2211074829102 32.2288055419922 32.2342071533203 32.2391471862793 32.2477149963379 32.2498970031738 32.2520713806152 32.2496147155762 32.2524719238281 32.2499237060547 32.2400703430176 32.2335815429688 32.2352485656738 32.2257385253906 32.2179641723633 -9999 32.2124671936035 32.213436126709 32.2138786315918 32.2148742675781 32.214282989502 32.2124862670898 32.2014923095703 32.2000541687012 32.2019882202148 32.1919898986816 32.1928977966309 32.194580078125 32.1969985961914 32.1978073120117 32.200382232666 32.2105522155762 32.2164573669434 32.222038269043 32.2462196350098 32.2602691650391 32.2612113952637 32.2779502868652 32.2758026123047 32.2804489135742 32.2915306091309 32.2911682128906 32.2902183532715 32.2875785827637 32.2844734191895 32.2814064025879 32.2817649841309 32.2776222229004 32.2837524414062 32.2852630615234 32.288516998291 32.295955657959 32.2999114990234 32.2997131347656 32.2986030578613
32.2190399169922 32.226993560791 32.230842590332 32.235782623291 32.2368850708008 32.2340927124023 32.2435188293457 32.2408752441406 32.2443084716797 32.2513389587402 32.2471542358398 32.2473526000977 32.2403450012207 32.2518730163574 32.2466850280762 32.2313194274902 32.2304191589355 32.225643157959 32.2228660583496 32.2253608703613 32.2350234985352 32.2324104309082 32.233325958252 32.2313995361328 32.2180252075195 32.2206649780273 32.2175254821777 32.206470489502 32.2030448913574 32.2015686035156 32.2013511657715 32.2035026550293 32.205940246582 32.2180976867676 32.2241096496582 32.2289428710938 32.2575187683105 32.2653770446777 32.2719497680664 32.2942924499512 32.3027534484863 32.2946739196777 32.3065490722656 32.3071212768555 32.3086318969727 32.3071212768555 32.3056221008301 32.3033332824707 32.3011665344238 32.3072891235352 32.3066635131836 32.3104248046875 32.3242073059082 32.3205451965332 32.3241233825684 32.3176612854004 32.3181228637695
32.2180557250977 32.2340507507324 32.2256393432617 32.2234840393066 32.2273559570312 32.2378158569336 32.244815826416 32.249439239502 32.2511863708496 32.2557220458984 32.2639846801758 32.2563438415527 32.2578048706055 32.2597236633301 32.2467842102051 32.2415237426758 32.2345008850098 32.2380142211914 32.2419128417969 32.2524757385254 32.2467193603516 32.2498207092285 32.2670059204102 32.2414360046387 32.2357597351074 32.2377700805664 32.2229843139648 32.2161598205566 32.2069244384766 32.2169799804688 32.2131462097168 32.2066345214844 32.2204627990723 32.2247314453125 32.2265548706055 32.2398414611816 32.2491722106934 32.2626609802246 32.2815208435059 32.2911911010742 32.3108444213867 32.3134574890137 32.3177795410156 32.3283462524414 32.3259086608887 32.3252296447754 32.329906463623 32.3178863525391 32.3126068115234 32.3003196716309 32.3110656738281 32.319149017334 32.3420104980469 32.3284568786621 32.3265380859375 32.3281936645508 32.3191566467285
32.2135734558105 32.2199211120605 32.221622467041 32.2268142700195 32.2240409851074 32.2266311645508 32.2332725524902 32.2327766418457 32.2378768920898 32.2401123046875 32.2428398132324 32.2583808898926 32.2531318664551 32.2478446960449 32.2454299926758 32.2380180358887 32.2390632629395 32.2382049560547 32.2425003051758 32.2447814941406 32.2472381591797 32.2495422363281 32.2489356994629 32.2474174499512 32.2362442016602 32.241455078125 32.2361450195312 32.2245254516602 32.2220497131348 32.2232666015625 32.2232437133789 32.2247009277344 32.2283744812012 32.2398796081543 32.2462043762207 32.2505340576172 32.2614059448242 32.2675170898438 32.2798347473145 32.3004760742188 32.308952331543 32.311824798584 32.3250999450684 32.3342247009277 32.3346405029297 32.3319129943848 32.3302154541016 32.3245429992676 32.3168754577637 32.3171615600586 32.3176345825195 32.3211326599121 32.3275146484375 32.3247985839844 32.3211326599121 32.3184585571289 32.3152847290039
32.2104301452637 32.2157936096191 32.2173538208008 32.222900390625 32.2193641662598 32.2207221984863 32.2276420593262 32.2297821044922 32.2333564758301 32.23828125 32.2411727905273 32.2433433532715 32.2390937805176 32.2355308532715 32.2318344116211 32.2278099060059 32.2276725769043 32.2290878295898 32.2365760803223 32.2412872314453 32.2444152832031 32.2489280700684 32.2502937316895 32.2506294250488 32.2432518005371 32.2450561523438 32.2421722412109 32.2316093444824 32.2298736572266 32.2306900024414 32.2314224243164 32.2369956970215 32.2406692504883 32.252799987793 32.2571754455566 32.2604370117188 32.2699737548828 32.2754325866699 32.2826652526855 32.3023300170898 32.3131523132324 32.3175315856934 32.3309783935547 32.3357162475586 32.3369674682617 32.338981628418 32.3376579284668 32.333194732666 32.325496673584 32.3221473693848 32.3174362182617 32.3170356750488 32.3211250305176 32.3192977905273 32.3171653747559 32.3133087158203 32.31201171875
32.2079734802246 32.2146148681641 32.2195892333984 32.2222557067871 32.214469909668 32.225959777832 32.2278137207031 32.2327766418457 32.2410850524902 32.2417182922363 32.2547073364258 32.2455062866211 32.2417182922363 32.2414970397949 32.2297744750977 32.228759765625 32.2207489013672 32.2318000793457 32.2357292175293 32.2416915893555 32.2411308288574 32.2473602294922 32.2566528320312 32.2476348876953 32.2530784606934 32.2538261413574 32.2431716918945 32.2388877868652 32.2335395812988 32.2353439331055 32.2379875183105 32.2418212890625 32.2542953491211 32.2595176696777 32.2636032104492 32.2738037109375 32.279899597168 32.2810325622559 32.294261932373 32.3011207580566 32.3261260986328 32.3260383605957 32.3308486938477 32.344310760498 32.3424186706543 32.3441963195801 32.3526344299316 32.3360290527344 32.3297119140625 32.328239440918 32.320198059082 32.3144264221191 32.3102226257324 32.3133506774902 32.3146858215332 32.3332290649414 32.2981719970703
32.2113265991211 32.2191429138184 32.2239074707031 32.2247734069824 32.2259521484375 32.2263374328613 32.2282791137695 32.2331314086914 32.2403678894043 32.2413749694824 32.2455787658691 32.2454223632812 32.2417602539062 32.2399940490723 32.2358436584473 32.2322959899902 32.2315063476562 32.2330665588379 32.2347412109375 32.2375259399414 32.2420272827148 32.2471084594727 32.2527732849121 32.254581451416 32.2533111572266 32.2518920898438 32.2491722106934 32.243953704834 32.2398147583008 32.2389984130859 32.244255065918 32.2500381469727 32.253173828125 32.2655220031738 32.2668113708496 32.2717895507812 32.2870330810547 32.2920532226562 32.2956428527832 32.3147506713867 32.3181762695312 32.3206558227539 32.331859588623 32.332763671875 32.3365135192871 32.339973449707 32.3376731872559 32.3317909240723 32.324764251709 32.3192863464355 32.3151626586914 32.3100395202637 32.3129577636719 32.3075218200684 32.3137321472168 32.3120307922363 32.2947082519531
32.2224998474121 32.2245979309082 32.2264251708984 32.2260971069336 32.223030090332 32.2246246337891 32.2267150878906 32.2290534973145 32.2338676452637 32.2428550720215 32.2426528930664 32.2432403564453 32.2433547973633 32.2407608032227 32.2378425598145 32.2302665710449 32.2289161682129 32.2286376953125 32.2282867431641 32.2307167053223 32.236873626709 32.2462844848633 32.2507019042969 32.2539710998535 32.2543640136719 32.2529640197754 32.251579284668 32.2461013793945 32.2432823181152 32.2444229125977 32.2468795776367 32.2518730163574 32.2561302185059 32.2650337219238 32.2735633850098 32.2756805419922 32.279613494873 32.2895812988281 32.2961959838867 32.3081741333008 32.311824798584 32.3128051757812 32.3170471191406 32.3179168701172 32.3191452026367 32.3227081298828 32.3219413757324 32.318717956543 32.3106575012207 32.3055572509766 32.3006057739258 32.293628692627 32.294059753418 32.2932243347168 32.3037261962891 32.3020172119141 32.3024597167969
32.2298316955566 32.2359046936035 32.231502532959 32.227897644043 32.2148933410645 32.2255706787109 32.2258682250977 32.2184906005859 32.234935760498 32.2421951293945 32.250675201416 32.2470054626465 32.2474365234375 32.2478065490723 32.2390632629395 32.2352180480957 32.2245559692383 32.2290649414062 32.2295837402344 32.2212829589844 32.2361221313477 32.2465019226074 32.2536735534668 32.2544898986816 32.2554473876953 32.2569465637207 32.2552490234375 32.2500038146973 32.2360572814941 32.248706817627 32.2508010864258 32.257194519043 32.2595634460449 32.2669868469238 32.2802925109863 32.2779808044434 32.2821197509766 32.2980651855469 32.2965393066406 32.2982597351074 32.3139381408691 32.3042984008789 32.3036613464355 32.3181686401367 32.3036422729492 32.3180694580078 32.323413848877 32.3124694824219 32.3059349060059 32.3075790405273 32.3027839660645 32.2923355102539 32.2765846252441 32.2959747314453 32.3021659851074 32.3224830627441 32.3124160766602
32.2361068725586 32.2373199462891 32.2374725341797 32.236385345459 32.2290153503418 32.2297782897949 32.2257270812988 32.2315483093262 32.2373847961426 32.2455711364746 32.2500495910645 32.2542304992676 32.249340057373 32.2474327087402 32.244556427002 32.2350082397461 32.2336158752441 32.2374572753906 32.232063293457 32.2339515686035 32.2373275756836 32.2487564086914 32.25634765625 32.257453918457 32.2614669799805 32.2631988525391 32.2577934265137 32.253719329834 32.252124786377 32.2529792785645 32.2552223205566 32.2577972412109 32.2582473754883 32.2670516967773 32.2755966186523 32.2796936035156 32.2821731567383 32.2844581604004 32.2924728393555 32.2950782775879 32.2973289489746 32.2991333007812 32.3018989562988 32.3028793334961 32.2981643676758 32.296329498291 32.2927169799805 32.2865600585938 32.2850074768066 32.2810707092285 32.2769622802734 32.2698593139648 32.2841873168945 32.2869262695312 32.2978591918945 32.3033447265625 32.3073463439941
32.243480682373 32.2436065673828 32.2455825805664 32.2451820373535 32.2447090148926 32.2346343994141 32.2292404174805 32.2330360412598 32.2395515441895 32.242862701416 32.2493133544922 32.2514572143555 32.2503471374512 32.2534332275391 32.2494773864746 32.2408561706543 32.2381820678711 32.2383193969727 32.2346992492676 32.2318954467773 32.2395477294922 32.2546119689941 32.2603721618652 32.2662734985352 32.2791366577148 32.2787971496582 32.2759704589844 32.2639656066895 32.2600593566895 32.2600440979004 32.259090423584 32.258903503418 32.2678565979004 32.2720336914062 32.272647857666 32.2714920043945 32.2861366271973 32.276439666748 32.2752990722656 32.2800407409668 32.2832717895508 32.2825622558594 32.2860527038574 32.2854309082031 32.2874298095703 32.2844123840332 32.2805938720703 32.276798248291 32.2774543762207 32.2720718383789 32.2669944763184 32.258544921875 32.2591361999512 32.2510108947754 32.2561416625977 32.2623977661133 32.2684745788574
32.248779296875 32.2577819824219 32.2541542053223 32.2496719360352 32.2482261657715 32.2448081970215 32.2340774536133 32.2311897277832 32.2446823120117 32.2474822998047 32.2582626342773 32.2550849914551 32.2557640075684 32.2634010314941 32.2553291320801 32.2514801025391 32.2412948608398 32.241153717041 32.239128112793 32.2265739440918 32.2463226318359 32.2592353820801 32.2644691467285 32.2818717956543 32.2860641479492 32.294921875 32.2851905822754 32.2803611755371 32.2644996643066 32.2711753845215 32.2695159912109 32.2567176818848 32.2723731994629 32.2748031616211 32.263557434082 32.273624420166 32.2816009521484 32.2870407104492 32.2772407531738 32.2818984985352 32.2832221984863 32.2827415466309 32.2794227600098 32.2857704162598 32.2826461791992 32.277271270752 32.284538269043 32.2788352966309 32.2754325866699 32.2782402038574 32.2641105651855 32.259407043457 32.2488059997559 32.2505264282227 32.2503089904785 32.2463188171387 32.2672843933105
32.2574234008789 32.2622222900391 32.2638206481934 32.2602958679199 32.258716583252 32.2586898803711 32.2516860961914 32.2532348632812 32.2585601806641 32.2594375610352 32.2624664306641 32.2653579711914 32.2637367248535 32.2621688842773 32.2582015991211 32.2529907226562 32.2505989074707 32.2456245422363 32.2461395263672 32.2475280761719 32.2556648254395 32.2717590332031 32.2846603393555 32.2905044555664 32.2978172302246 32.3016891479492 32.2984008789062 32.2905693054199 32.2872886657715 32.2844619750977 32.2779235839844 32.2771339416504 32.2813873291016 32.2775688171387 32.279468536377 32.2763748168945 32.2800521850586 32.2833938598633 32.2868537902832 32.2786979675293 32.2813453674316 32.2762145996094 32.2795486450195 32.2808876037598 32.2809906005859 32.2778282165527 32.2747611999512 32.2724533081055 32.269474029541 32.2628021240234 32.2599830627441 32.2538681030273 32.2516059875488 32.2483520507812 32.2573394775391 32.2572631835938 32.2693557739258
32.2599143981934 32.2624855041504 32.265251159668 32.2631988525391 32.2664604187012 32.2649345397949 32.2610893249512 32.2554359436035 32.2607307434082 32.2595062255859 32.2561225891113 32.2568168640137 32.2616157531738 32.2622299194336 32.2622985839844 32.2587928771973 32.2602653503418 32.2608299255371 32.2599105834961 32.2695617675781 32.278995513916 32.3019866943359 32.3109512329102 32.3139114379883 32.3234939575195 32.3242034912109 32.3211326599121 32.3131713867188 32.3102684020996 32.3012466430664 32.2916870117188 32.291187286377 32.2910766601562 32.2879791259766 32.2836418151855 32.2810173034668 32.2792854309082 32.2698593139648 32.2650871276855 32.2562255859375 32.2556457519531 32.2550392150879 32.2541732788086 32.2578506469727 32.2579650878906 32.2611618041992 32.2577323913574 32.2565650939941 32.2525672912598 32.2488899230957 32.2444534301758 32.2383041381836 32.2343902587891 32.2385559082031 32.2380561828613 32.2364082336426 32.2344779968262
