G_variables/Set1/RCP6_2100/Sur_tem_min.asc
NCOLS 229 
NROWS 147 
XLLCORNER -101.25 
YLLCORNER 14.3333333333333 
CELLSIZE 0.0833333333333333 
NODATA_value -9999 
[rows 78 to 103 of 147, columns 171 to 227 of 229]
27.6734523773193 27.6903285980225 27.700626373291 27.7242755889893 27.7284698486328 27.7331581115723 27.729549407959 27.739143371582 27.7346725463867 27.6979541778564 27.6932430267334 27.6776504516602 27.6417541503906 27.6223125457764 27.61501121521 27.5766487121582 27.5643615722656 27.5561904907227 27.5186214447021 27.512487411499 27.4971313476562 27.4743919372559 27.4602928161621 27.4523143768311 -9999 -9999 -9999 -9999 -9999 -9999 -9999 -9999 -9999 -9999 -9999 -9999 -9999 -9999 -9999 -9999 -9999 -9999 -9999 -9999 -9999 -9999 -9999 -9999 -9999 -9999 -9999 -9999 -9999 -9999 -9999 -9999 -9999
27.6877861022949 27.7041454315186 27.7149906158447 27.7501029968262 27.7502059936523 27.7543659210205 27.755033493042 27.7535648345947 27.7454605102539 27.7080860137939 27.7022933959961 27.6901302337646 27.65065574646 27.6421279907227 27.6297035217285 27.5932502746582 27.5883865356445 27.5748424530029 27.5584583282471 27.5417804718018 27.5224990844727 27.5004081726074 27.4898376464844 27.4828357696533 27.4645557403564 -9999 -9999 -9999 -9999 -9999 -9999 -9999 -9999 -9999 -9999 -9999 -9999 -9999 -9999 -9999 -9999 -9999 -9999 -9999 -9999 -9999 -9999 -9999 -9999 -9999 -9999 -9999 -9999 -9999 -9999 -9999 -9999
27.6744747161865 27.7265930175781 27.7384929656982 27.75026512146 27.7725505828857 27.7603244781494 27.7621440887451 27.7640476226807 27.74241065979 27.7320518493652 27.7124481201172 27.6939792633057 27.6734409332275 27.6373233795166 27.6267032623291 27.6108512878418 27.5861759185791 27.5764007568359 27.5709323883057 27.5424575805664 27.5355110168457 27.5265007019043 27.5063915252686 27.5060710906982 27.5033226013184 27.4776859283447 -9999 -9999 -9999 -9999 -9999 -9999 -9999 -9999 -9999 -9999 -9999 -9999 -9999 -9999 -9999 -9999 -9999 -9999 -9999 -9999 -9999 -9999 -9999 -9999 -9999 -9999 -9999 -9999 -9999 -9999 -9999
27.7083854675293 27.7259635925293 27.737434387207 27.7584266662598 27.7697429656982 27.7674751281738 27.7658405303955 27.7607402801514 27.7584476470947 27.7300777435303 27.7159290313721 27.7096061706543 27.6739864349365 27.6599578857422 27.6429214477539 27.612964630127 27.6096611022949 27.5972785949707 27.5728378295898 27.5607776641846 27.5524406433105 27.5374813079834 27.5280094146729 27.5205383300781 27.51416015625 27.5071697235107 27.5031070709229 -9999 -9999 -9999 -9999 -9999 -9999 -9999 -9999 -9999 -9999 -9999 -9999 -9999 -9999 -9999 -9999 -9999 -9999 -9999 -9999 -9999 -9999 -9999 -9999 -9999 -9999 -9999 -9999 -9999 -9999
27.7297744750977 27.7439937591553 27.750524520874 27.7783241271973 27.7821979522705 27.784854888916 27.782096862793 27.7817649841309 27.7756805419922 27.7490634918213 27.7464904785156 27.7380352020264 27.7041168212891 27.6839160919189 27.6723251342773 27.6415710449219 27.6419544219971 27.6365432739258 27.6148777008057 27.6067123413086 27.59836769104 27.5777587890625 27.5696258544922 27.5655212402344 27.5598468780518 27.5585632324219 27.5582847595215 -9999 -9999 -9999 -9999 -9999 -9999 -9999 -9999 -9999 -9999 -9999 -9999 -9999 -9999 -9999 -9999 -9999 -9999 -9999 -9999 -9999 -9999 -9999 -9999 -9999 -9999 -9999 -9999 -9999 -9999
27.7148208618164 27.762077331543 27.7660903930664 27.7793216705322 27.8087215423584 27.7828216552734 27.7832088470459 27.7838764190674 27.7704639434814 27.7645263671875 27.7509574890137 27.7402648925781 27.7285442352295 27.6953125 27.6824531555176 27.6712265014648 27.6525974273682 27.6444911956787 27.6360454559326 27.6205539703369 27.6040916442871 27.5940399169922 27.5806064605713 27.5803279876709 27.5774192810059 27.5738391876221 27.5773773193359 27.5782413482666 -9999 -9999 -9999 -9999 -9999 -9999 -9999 -9999 -9999 -9999 -9999 -9999 -9999 -9999 -9999 -9999 -9999 -9999 -9999 -9999 -9999 -9999 -9999 -9999 -9999 -9999 -9999 -9999 -9999
27.7466678619385 27.7676753997803 27.7731876373291 27.8012161254883 27.7971801757812 27.7907943725586 27.7945556640625 27.786413192749 27.7859497070312 27.7669296264648 27.760217666626 27.7732849121094 27.7461738586426 27.7260971069336 27.7073535919189 27.6801910400391 27.6812744140625 27.6731567382812 27.6604442596436 27.6510124206543 27.6309452056885 27.6078910827637 27.6015167236328 27.5979290008545 27.5948791503906 27.5959320068359 27.5964279174805 27.5996971130371 27.6026058197021 27.6037502288818 27.6067504882812 27.6078300476074 -9999 -9999 -9999 -9999 -9999 -9999 -9999 -9999 -9999 -9999 -9999 -9999 -9999 -9999 -9999 -9999 -9999 -9999 -9999 -9999 -9999 -9999 -9999 -9999 -9999
27.7658729553223 27.7788772583008 27.7931957244873 27.8083400726318 27.8173389434814 27.808765411377 27.8055667877197 27.8127956390381 27.8085994720459 27.7900867462158 27.7917022705078 27.7945327758789 27.7691802978516 27.7580947875977 27.7454853057861 27.7191925048828 27.7178554534912 27.7144832611084 27.7027969360352 27.6914844512939 27.6798439025879 27.6685981750488 27.6566925048828 27.6553077697754 27.654296875 27.6476764678955 27.6485805511475 27.6525268554688 27.6560897827148 27.6589126586914 27.6621894836426 27.6642780303955 27.662935256958 27.6746807098389 27.6952514648438 27.7021465301514 27.6996994018555 27.6928386688232 27.687463760376 -9999 -9999 -9999 -9999 -9999 -9999 -9999 -9999 -9999 -9999 -9999 -9999 -9999 -9999 -9999 -9999 -9999 -9999
27.7526187896729 27.788610458374 27.8022518157959 27.8101215362549 27.8327388763428 27.8212738037109 27.8219184875488 27.8260612487793 27.8093414306641 27.8042678833008 27.7970695495605 27.789155960083 27.7812900543213 27.765043258667 27.7492637634277 27.7388134002686 27.7361812591553 27.7205944061279 27.7196998596191 27.7013645172119 27.6931171417236 27.6861515045166 27.6725406646729 27.6710109710693 27.6722679138184 27.6654243469238 27.6689224243164 27.6747951507568 27.6796073913574 27.682674407959 27.6836452484131 27.6821670532227 27.6895694732666 27.700216293335 27.7114906311035 27.7147827148438 27.7189140319824 27.71848487854 27.712345123291 27.7119426727295 27.7164669036865 27.7175025939941 27.7180500030518 -9999 -9999 -9999 -9999 -9999 -9999 -9999 -9999 -9999 -9999 -9999 -9999 -9999 -9999
27.7710819244385 27.7889385223389 27.8000831604004 27.8179607391357 27.8243522644043 27.8263607025146 27.8263931274414 27.8257160186768 27.8247776031494 27.8102836608887 27.801887512207 27.7975673675537 27.7801265716553 27.7756652832031 27.764533996582 27.7458992004395 27.7412223815918 27.7390327453613 27.7273864746094 27.7273712158203 27.7148685455322 27.7006511688232 27.6969223022461 27.6970119476318 27.6980667114258 27.7003803253174 27.7033424377441 27.7100048065186 27.7126998901367 27.708251953125 27.7086277008057 27.7116603851318 27.7206954956055 27.7306098937988 27.7365760803223 27.7361431121826 27.7436141967773 27.7457981109619 27.7360916137695 27.7448043823242 27.7456607818604 27.7551021575928 27.7560977935791 27.758638381958 -9999 -9999 -9999 -9999 -9999 -9999 -9999 -9999 -9999 -9999 -9999 -9999 -9999
27.787109375 27.8007164001465 27.8087520599365 27.8316707611084 27.8392066955566 27.8395328521729 27.8488807678223 27.8462047576904 27.8434028625488 27.8305339813232 27.8297557830811 27.8224792480469 27.8061447143555 27.8032493591309 27.7972106933594 27.7771949768066 27.7755069732666 27.7771320343018 27.7657985687256 27.7668933868408 27.7530498504639 27.7441139221191 27.7428894042969 27.7418823242188 27.7448215484619 27.7482891082764 27.7516193389893 27.7590999603271 27.7629089355469 27.7636947631836 27.775016784668 27.7823295593262 27.7770214080811 27.7826995849609 27.7883892059326 27.7861328125 27.7932910919189 27.7974300384521 27.7987747192383 27.8078098297119 27.8126964569092 27.8189353942871 27.8251266479492 27.8212890625 27.8263206481934 -9999 -9999 -9999 -9999 -9999 -9999 -9999 -9999 -9999 -9999 -9999 -9999
27.7799434661865 27.803689956665 27.8206481933594 27.8345355987549 27.8571701049805 27.8473834991455 27.8583908081055 27.861701965332 27.8496608734131 27.846227645874 27.8389301300049 27.827033996582 27.8232707977295 27.818229675293 27.8058624267578 27.7972545623779 27.7897434234619 27.7835559844971 27.7830982208252 27.7736129760742 27.7647171020508 27.7629547119141 27.7594413757324 27.7617301940918 27.7654151916504 27.7659130096436 27.7695980072021 27.7752437591553 27.7853813171387 27.7898845672607 27.7987651824951 27.8214054107666 27.8081073760986 27.8052520751953 27.8079586029053 27.810245513916 27.8116436004639 27.8202648162842 27.828275680542 27.8328056335449 27.8438282012939 27.8454399108887 27.8456764221191 27.8604316711426 27.8606777191162 27.8573875427246 -9999 -9999 -9999 -9999 -9999 -9999 -9999 -9999 -9999 -9999 -9999
27.7901020050049 27.8089370727539 27.8166236877441 27.8397884368896 27.8465270996094 27.8534889221191 27.8660640716553 27.8664150238037 27.855676651001 27.8457489013672 27.8390960693359 27.840446472168 27.8263854980469 27.8236045837402 27.8155841827393 27.7990379333496 27.7920989990234 27.7913188934326 27.7920093536377 27.7845325469971 27.7768974304199 27.7723560333252 27.7714424133301 27.7714748382568 27.7777462005615 27.7753753662109 27.7821731567383 27.7934322357178 27.7958698272705 27.7988605499268 27.8086032867432 27.8149757385254 27.8150005340576 27.8211498260498 27.8227920532227 27.8231735229492 27.833044052124 27.8376560211182 27.8386898040771 27.8515338897705 27.8556709289551 27.8622856140137 27.8656692504883 27.8674602508545 27.8712673187256 27.8684463500977 -9999 -9999 -9999 -9999 -9999 -9999 -9999 -9999 -9999 -9999 -9999
27.7960014343262 27.8061084747314 27.8222675323486 27.8429374694824 27.8508415222168 27.8612251281738 27.8669338226318 27.8753623962402 27.8714199066162 27.8613414764404 27.8580455780029 27.8533840179443 27.8394603729248 27.8376865386963 27.8344669342041 27.8215770721436 27.8202209472656 27.8193416595459 27.8154354095459 27.8168430328369 27.8129444122314 27.8091049194336 27.809476852417 27.8069248199463 27.8127269744873 27.8128967285156 27.8188400268555 27.8299789428711 27.832727432251 27.8341121673584 27.8431701660156 27.8521003723145 27.8528060913086 27.8615741729736 27.8657932281494 27.8677253723145 27.8760185241699 27.8804206848145 27.8831405639648 27.8962326049805 27.9045734405518 27.9069671630859 27.9197292327881 27.9132957458496 27.9158916473389 27.9137020111084 27.9087314605713 -9999 -9999 -9999 -9999 -9999 -9999 -9999 -9999 -9999 -9999
27.7865810394287 27.8164234161377 27.828462600708 27.840389251709 27.8654518127441 27.8675384521484 27.8688545227051 27.8792343139648 27.871072769165 27.8695449829102 27.8653526306152 27.8537788391113 27.8496761322021 27.8441333770752 27.8380756378174 27.8342533111572 27.836935043335 27.8224487304688 27.826171875 27.8235378265381 27.8205661773682 27.8177051544189 27.8219146728516 27.8133506774902 27.8156223297119 27.8232116699219 27.8309116363525 27.8388080596924 27.8442726135254 27.8451251983643 27.8502445220947 27.8592395782471 27.8678436279297 27.8734970092773 27.8850479125977 27.8899173736572 27.8944816589355 27.9037475585938 27.9070949554443 27.9095764160156 27.9154300689697 27.9249610900879 27.9259395599365 27.9297046661377 27.9282188415527 27.9262771606445 27.9236011505127 27.9188137054443 -9999 -9999 -9999 -9999 -9999 -9999 -9999 -9999 -9999
27.7886562347412 27.8071994781494 27.8231353759766 27.8463668823242 27.8573665618896 27.8644599914551 27.8708362579346 27.8721942901611 27.8765087127686 27.8683052062988 27.8613128662109 27.8544063568115 27.8456401824951 27.8460254669189 27.8425521850586 27.8360347747803 27.8299217224121 27.8272972106934 27.8274173736572 27.8277721405029 27.8244590759277 27.8217678070068 27.8197822570801 27.8130970001221 27.818452835083 27.825475692749 27.8339004516602 27.8458919525146 27.8498630523682 27.8515338897705 27.8646774291992 27.8763103485107 27.8775157928467 27.8885822296143 27.8948802947998 27.8990440368652 27.9121246337891 27.9138965606689 27.9150581359863 27.928840637207 27.9279670715332 27.9307479858398 27.9421520233154 27.9404964447021 27.9407424926758 27.9427070617676 27.9335346221924 27.9315929412842 27.930835723877 -9999 -9999 -9999 -9999 -9999 -9999 -9999 -9999
27.789005279541 27.8085880279541 27.8242530822754 27.8515682220459 27.8619327545166 27.871036529541 27.8777599334717 27.8762702941895 27.8850746154785 27.8768177032471 27.8709411621094 27.8625965118408 27.8541736602783 27.8569297790527 27.8586158752441 27.849178314209 27.8460063934326 27.8458232879639 27.8452548980713 27.8456497192383 27.8469409942627 27.8440971374512 27.8415641784668 27.834098815918 27.835958480835 27.8474273681641 27.8608074188232 27.8738918304443 27.8785305023193 27.8879985809326 27.9022827148438 27.9093379974365 27.9178428649902 27.9295978546143 27.9365825653076 27.9414138793945 27.9546165466309 27.9538440704346 27.9551086425781 27.9688148498535 27.9688472747803 27.9708824157715 27.9816436767578 27.9860076904297 27.9876022338867 27.9897727966309 27.9809398651123 27.9651508331299 27.9651508331299 -9999 -9999 -9999 -9999 -9999 -9999 -9999 -9999
27.7857646942139 27.8083629608154 27.8340110778809 27.8482608795166 27.8713798522949 27.8753433227539 27.8799877166748 27.8828926086426 27.8854503631592 27.8811378479004 27.872579574585 27.8670864105225 27.8589611053467 27.858793258667 27.8577499389648 27.8549652099609 27.8543434143066 27.853141784668 27.8464736938477 27.8434200286865 27.8518009185791 27.850025177002 27.8437366485596 27.8438377380371 27.8489437103271 27.864990234375 27.8761157989502 27.8798217773438 27.8821716308594 27.8959617614746 27.9065437316895 27.9159049987793 27.9303436279297 27.9359664916992 27.9436798095703 27.9561595916748 27.9610023498535 27.9629421234131 27.9756050109863 27.9805755615234 27.9812183380127 27.988452911377 27.9872951507568 27.9992198944092 27.998722076416 27.9965782165527 28.0056495666504 27.9824733734131 27.9813556671143 27.9999542236328 -9999 -9999 -9999 -9999 -9999 -9999 -9999
27.8076267242432 27.8194961547852 27.8370761871338 27.8591976165771 27.8691291809082 27.8761386871338 27.8852806091309 27.8835983276367 27.892427444458 27.8877105712891 27.8839511871338 27.8754100799561 27.8641796112061 27.8620700836182 27.8622169494629 27.8601703643799 27.8609008789062 27.8573665618896 27.8513736724854 27.8478393554688 27.8447971343994 27.8575267791748 27.856086730957 27.8561725616455 27.867338180542 27.8742065429688 27.8820114135742 27.8883590698242 27.8948192596436 27.9005355834961 27.9190673828125 27.9260902404785 27.9324188232422 27.9475517272949 27.9534206390381 27.9603576660156 27.973611831665 27.9794826507568 27.9806995391846 27.9943218231201 27.9962711334229 27.9981174468994 28.0067520141602 28.0075912475586 28.0087928771973 28.0130710601807 28.010290145874 28.0024948120117 28.000337600708 28.0026187896729 28.0023708343506 -9999 -9999 -9999 -9999 -9999 -9999
27.8287372589111 27.8390426635742 27.8507061004639 27.8721332550049 27.8837985992432 27.8868865966797 27.8914680480957 27.904972076416 27.9034175872803 27.8996658325195 27.8969745635986 27.8911628723145 27.8809432983398 27.8789596557617 27.8783931732178 27.8749847412109 27.8735179901123 27.8697967529297 27.8631191253662 27.8669300079346 27.8654899597168 27.8700275421143 27.8705558776855 27.8754234313965 27.8903179168701 27.9006900787354 27.9068145751953 27.9198226928711 27.9307346343994 27.9329013824463 27.9524421691895 27.9657211303711 27.9691848754883 27.9833736419678 27.9911689758301 27.993091583252 28.0101280212402 28.0156478881836 28.0167789459229 28.0314655303955 28.0333976745605 28.0307083129883 28.0422630310059 28.0435981750488 28.0420932769775 28.0462207794189 28.0430679321289 28.0392665863037 28.032735824585 28.0321025848389 28.0317630767822 -9999 -9999 -9999 -9999 -9999 -9999
27.8339214324951 27.8485679626465 27.867639541626 27.8782653808594 27.8988571166992 27.8992767333984 27.9068489074707 27.9069004058838 27.9060840606689 27.9039134979248 27.9007778167725 27.8981075286865 27.8949737548828 27.8894023895264 27.8886795043945 27.8845024108887 27.8768196105957 27.8696842193604 27.8765163421631 27.8727111816406 27.871337890625 27.8752040863037 27.8716526031494 27.8873672485352 27.8978729248047 27.9078044891357 27.9211750030518 27.9319934844971 27.9453315734863 27.9558296203613 27.9628410339355 27.9848136901855 27.9910316467285 27.9967079162598 28.0063323974609 28.0092926025391 28.0159282684326 28.0252113342285 28.032678604126 28.0368156433105 28.0415096282959 28.0475826263428 28.0484504699707 28.0656051635742 28.0554580688477 28.0536956787109 28.059455871582 28.0554275512695 28.047082901001 28.0394649505615 28.0413570404053 28.0406017303467 -9999 -9999 -9999 -9999 -9999
27.8524303436279 27.8685207366943 27.8737983703613 27.8885307312012 27.9000625610352 27.9041996002197 27.9142513275146 27.91676902771 27.9120044708252 27.9105072021484 27.9079551696777 27.9058132171631 27.9009761810303 27.897611618042 27.8963890075684 27.8906211853027 27.8883113861084 27.8783264160156 27.8823471069336 27.8824520111084 27.883207321167 27.8837471008301 27.8852958679199 27.8904190063477 27.909330368042 27.9182910919189 27.9238548278809 27.9476909637451 27.9543476104736 27.9600811004639 27.9783878326416 27.9925785064697 27.9967823028564 28.0110683441162 28.0191173553467 28.0153541564941 28.0298366546631 28.031982421875 28.0381603240967 28.051025390625 28.0568943023682 28.0547695159912 28.0619564056396 28.0657825469971 28.0649089813232 28.0670776367188 28.0663185119629 28.0638828277588 28.0561370849609 28.0574836730957 28.0519275665283 28.049503326416 -9999 -9999 -9999 -9999 -9999
27.8802852630615 27.8864917755127 27.892110824585 27.902717590332 27.909740447998 27.9259395599365 27.9339847564697 27.9311504364014 27.9279136657715 27.9262142181396 27.9239406585693 27.9225330352783 27.9128856658936 27.911548614502 27.9072399139404 27.9043617248535 27.9054698944092 27.9095401763916 27.9039840698242 27.9056015014648 27.9068031311035 27.9130535125732 27.9115905761719 27.9157562255859 27.9303760528564 27.9406700134277 27.9460754394531 27.970344543457 27.9797973632812 27.9919452667236 28.0142612457275 28.0151748657227 28.0258827209473 28.0402679443359 28.0452728271484 28.0473670959473 28.0593566894531 28.0617485046387 28.0662593841553 28.0792713165283 28.0819873809814 28.0855674743652 28.0875244140625 28.0779800415039 28.0769290924072 28.0788745880127 28.0795040130615 28.0807342529297 28.0882530212402 28.0873184204102 28.0876159667969 28.0819454193115 28.0810966491699 -9999 -9999 -9999 -9999
27.8857364654541 27.9123764038086 27.9118595123291 27.9132614135742 27.916145324707 27.9234104156494 27.9377460479736 27.9434185028076 27.9372959136963 27.9344615936279 27.9356918334961 27.9255466461182 27.9174861907959 27.913459777832 27.9137916564941 27.9138507843018 27.9108428955078 27.9105033874512 27.911527633667 27.9101257324219 27.9158229827881 27.9189987182617 27.9166374206543 27.9298858642578 27.9412288665771 27.9474506378174 27.9639263153076 27.9741477966309 27.9984092712402 28.001916885376 28.0125617980957 28.0345973968506 28.0362033843994 28.0412101745605 28.0524806976318 28.0568256378174 28.0645027160645 28.0705680847168 28.0728530883789 28.0779056549072 28.0969047546387 28.0917053222656 28.0828037261963 28.0857372283936 28.0829257965088 28.0831146240234 28.0834217071533 28.087287902832 28.0916347503662 28.0965309143066 28.0911235809326 28.0894813537598 28.0862693786621 28.0809936523438 -9999 -9999 -9999
27.9041938781738 27.9136352539062 27.9205436706543 27.928035736084 27.9310894012451 27.9340763092041 27.9415378570557 27.9440803527832 27.9417266845703 27.9396476745605 27.9297714233398 27.922342300415 27.9197120666504 27.9173202514648 27.9192562103271 27.9206352233887 27.9177722930908 27.9146118164062 27.9227504730225 27.9209442138672 27.9239387512207 27.9324684143066 27.9346485137939 27.9426307678223 27.9581890106201 27.9639739990234 27.9673748016357 27.988166809082 27.9928436279297 28.0025482177734 28.0205879211426 28.0332641601562 28.0360870361328 28.0515823364258 28.0499744415283 28.0524082183838 28.0652046203613 28.0698356628418 28.0804576873779 28.0881996154785 28.089916229248 28.0849132537842 28.0869655609131 28.0862369537354 28.087911605835 28.0860137939453 28.0922241210938 28.0932350158691 28.0973663330078 28.0959701538086 28.0972061157227 28.0990619659424 28.0926151275635 28.078649520874 -9999 -9999 -9999
27.9341449737549 27.9418411254883 27.9415283203125 27.946813583374 27.9560070037842 27.953821182251 27.960563659668 27.958927154541 27.9493103027344 27.9464569091797 27.9415912628174 27.937032699585 27.9351997375488 27.937047958374 27.9381370544434 27.938138961792 27.9372844696045 27.9384784698486 27.9477806091309 27.952657699585 27.9508495330811 27.9589653015137 27.9654426574707 27.9730415344238 27.9873352050781 27.9887161254883 27.9922332763672 28.0110759735107 28.014591217041 28.0211029052734 28.039644241333 28.0416431427002 28.0471725463867 28.062967300415 28.0655097961426 28.0680389404297 28.0801944732666 28.0816192626953 28.0836658477783 28.0893955230713 28.0920486450195 28.0902042388916 28.0893936157227 28.0898208618164 28.0920124053955 28.0967903137207 28.1009368896484 28.1038799285889 28.108772277832 28.110387802124 28.1070537567139 28.1084957122803 28.1026782989502 28.0969753265381 28.0865135192871 -9999 -9999
