G_variables/Set1/RCP6_2100/Sur_tem_max.asc
NCOLS 229 
NROWS 147 
XLLCORNER -101.25 
YLLCORNER 14.3333333333333 
CELLSIZE 0.0833333333333333 
NODATA_value -9999 
[rows 104 to 129 of 147, columns 171 to 227 of 229]
31.3694305419922 31.3905811309814 31.4135074615479 31.4270915985107 31.4326324462891 31.456521987915 31.4672908782959 31.4892654418945 31.4773845672607 31.4798641204834 31.4912891387939 31.4856986999512 31.487190246582 31.4949760437012 31.498893737793 31.5011348724365 31.492696762085 31.502965927124 31.5101699829102 31.5125904083252 31.4976272583008 31.49782371521 31.5097694396973 31.4878578186035 31.483081817627 31.4919567108154 31.4805812835693 31.4799785614014 31.4799022674561 31.4728488922119 31.4697551727295 31.4661731719971 31.4516372680664 31.4477882385254 31.4342269897461 31.4337158203125 31.433536529541 31.4392871856689 31.4461193084717 31.44753074646 31.4419689178467 31.448860168457 31.4453105926514 31.4414882659912 31.4363193511963 31.43284034729 31.4214935302734 31.4066104888916 31.4022884368896 31.3984317779541 31.3975582122803 31.3967361450195 31.3908138275146 31.3948211669922 31.3989143371582 31.4050407409668 -9999
31.377290725708 31.3873825073242 31.4051513671875 31.4400482177734 31.4520683288574 31.457160949707 31.468957901001 31.4668579101562 31.4666080474854 31.4787292480469 31.4797458648682 31.4749145507812 31.4789066314697 31.4854507446289 31.4888725280762 31.4957790374756 31.4937934875488 31.4929351806641 31.4911155700684 31.5010185241699 31.5013427734375 31.5002346038818 31.4904651641846 31.47922706604 31.4706802368164 31.4750823974609 31.4712200164795 31.4631881713867 31.4649677276611 31.465124130249 31.4509963989258 31.4521389007568 31.4435539245605 31.4350242614746 31.4261875152588 31.4205322265625 31.4188175201416 31.4276390075684 31.4308815002441 31.4318180084229 31.4311199188232 31.4358997344971 31.4285526275635 31.4253749847412 31.4228000640869 31.4162425994873 31.4026679992676 31.3921718597412 31.3775520324707 31.3755722045898 31.374792098999 31.3717155456543 31.3601379394531 31.3589038848877 31.3560028076172 31.365852355957 31.37619972229
31.4053802490234 31.4158039093018 31.4216861724854 31.4490909576416 31.4535732269287 31.4601364135742 31.4694118499756 31.4670391082764 31.4697151184082 31.4728488922119 31.4719066619873 31.4699306488037 31.473331451416 31.4740924835205 31.4760761260986 31.4909820556641 31.474645614624 31.4769306182861 31.474588394165 31.4847927093506 31.4799919128418 31.4849891662598 31.4766464233398 31.472936630249 31.4654388427734 31.4662837982178 31.465238571167 31.4533367156982 31.4547386169434 31.4519100189209 31.4364242553711 31.4347629547119 31.4375076293945 31.4239330291748 31.4215335845947 31.4200439453125 31.4181156158447 31.4100151062012 31.4099617004395 31.4150485992432 31.4069194793701 31.4050693511963 31.3984546661377 31.3908672332764 31.3825988769531 31.3788795471191 31.3717918395996 31.3664875030518 31.3559913635254 31.3473815917969 31.3431205749512 31.3270950317383 31.3114356994629 31.3109302520752 31.3064651489258 31.3082599639893 31.3040447235107
31.4023971557617 31.4222183227539 31.4336318969727 31.4408206939697 31.4498748779297 31.4523696899414 31.4719123840332 31.4688758850098 31.4703426361084 31.4722099304199 31.4767913818359 31.4771766662598 31.4772357940674 31.4790630340576 31.4806671142578 31.481466293335 31.4794979095459 31.4761447906494 31.4655418395996 31.4763507843018 31.47021484375 31.4714374542236 31.4692974090576 31.4593162536621 31.4595222473145 31.4638137817383 31.4533290863037 31.4509754180908 31.4502296447754 31.4391078948975 31.4439277648926 31.4287033081055 31.4253787994385 31.4207572937012 31.4133110046387 31.4206275939941 31.4196681976318 31.4087696075439 31.4091930389404 31.4084739685059 31.406436920166 31.402645111084 31.3796157836914 31.3656463623047 31.3670616149902 31.3606872558594 31.354923248291 31.3445434570312 31.3374290466309 31.3204822540283 31.3186168670654 31.3109817504883 31.2749843597412 31.2921733856201 31.2925872802734 31.2578792572021 31.2902507781982
31.4170246124268 31.4213314056396 31.4342269897461 31.4539241790771 31.4559650421143 31.4660739898682 31.4660816192627 31.4745292663574 31.4705600738525 31.4756317138672 31.4750385284424 31.4778823852539 31.4773635864258 31.4775142669678 31.4769420623779 31.4722423553467 31.4745216369629 31.4689388275146 31.4661521911621 31.4636478424072 31.4628276824951 31.4641132354736 31.4626502990723 31.4550399780273 31.4537830352783 31.455659866333 31.4521293640137 31.4440650939941 31.4437236785889 31.448917388916 31.4357757568359 31.4256725311279 31.4238700866699 31.4151458740234 31.41432762146 31.4137058258057 31.4106407165527 31.4096450805664 31.401273727417 31.3980159759521 31.3968849182129 31.3861694335938 31.3789196014404 31.3622570037842 31.3590049743652 31.3486633300781 31.3441410064697 31.3390464782715 31.3196144104004 31.3078022003174 31.3030605316162 31.2930641174316 31.280065536499 31.2756099700928 -9999 -9999 -9999
31.4408321380615 31.4455032348633 31.4521160125732 31.4707679748535 31.4760723114014 31.4762172698975 31.4741916656494 31.4762802124023 31.4665184020996 31.4700584411621 31.4689903259277 31.4649028778076 31.4631729125977 31.4624252319336 31.4638538360596 31.4575290679932 31.4568920135498 31.4468116760254 31.4410305023193 31.4359188079834 31.4360218048096 31.4353160858154 31.4316806793213 31.4253959655762 31.4255084991455 31.427131652832 31.427318572998 31.426139831543 31.4247303009033 31.4324893951416 31.4173736572266 31.4096565246582 31.4089813232422 31.4011745452881 31.4025249481201 31.402364730835 31.399471282959 31.4025096893311 31.4021854400635 31.3866786956787 31.3843669891357 31.3707237243652 31.361988067627 31.3393859863281 31.3341808319092 31.3227977752686 31.3181591033936 31.3132839202881 31.2946548461914 31.2841777801514 31.2794094085693 31.2702388763428 -9999 -9999 -9999 -9999 -9999
31.4516582489014 31.4728603363037 31.4768486022949 31.4817028045654 31.4982662200928 31.485990524292 31.4723281860352 31.4745655059814 31.4728603363037 31.4659194946289 31.46630859375 31.4608001708984 31.4591293334961 31.4559154510498 31.4523525238037 31.4486598968506 31.4446697235107 31.4418621063232 31.4328575134277 31.4342861175537 31.4352626800537 31.4355487823486 31.4352054595947 31.4268360137939 31.4233207702637 31.428337097168 31.422191619873 31.4209651947021 31.4238700866699 31.4209403991699 31.4107208251953 31.4003791809082 31.3962898254395 31.3933486938477 31.3905086517334 31.3909664154053 31.3887214660645 31.3859634399414 31.3840637207031 31.381763458252 31.379264831543 31.3624706268311 31.3563709259033 31.3366737365723 31.3315010070801 31.3220157623291 31.2980308532715 31.2987823486328 31.2792778015137 -9999 -9999 -9999 -9999 -9999 -9999 -9999 -9999
31.4708862304688 31.4721012115479 31.4804973602295 31.4958190917969 31.4966583251953 31.4897060394287 31.4732780456543 31.4730587005615 31.4751224517822 31.4644966125488 31.4624099731445 31.4611740112305 31.4537048339844 31.4522075653076 31.4471683502197 31.4356994628906 31.4355602264404 31.4352569580078 31.4201793670654 31.4245185852051 31.4240646362305 31.4267139434814 31.4269466400146 31.4267597198486 31.4161567687988 31.4170665740967 31.417163848877 31.4145107269287 31.4185314178467 31.4224529266357 31.410665512085 31.4000549316406 31.3931255340576 31.3891639709473 31.3900508880615 31.3929176330566 31.3874549865723 31.3866958618164 31.3845252990723 31.3800029754639 31.3761577606201 31.3695735931396 31.3517951965332 31.3372077941895 31.3283023834229 31.3144493103027 -9999 -9999 -9999 -9999 -9999 -9999 -9999 -9999 -9999 -9999 -9999
31.50071144104 31.4971618652344 31.4999237060547 31.516019821167 31.510347366333 31.5098819732666 31.4985637664795 31.480619430542 31.4775714874268 31.460319519043 31.4556617736816 31.4465980529785 31.437349319458 31.4390621185303 31.4357490539551 31.4275588989258 31.4266490936279 31.4194107055664 31.4075222015381 31.3990001678467 31.3934860229492 31.3908672332764 31.3885040283203 31.394681930542 31.4008769989014 31.3957748413086 31.3928146362305 31.391414642334 31.3921146392822 31.3834037780762 31.3753910064697 31.3825511932373 31.3809146881104 31.3768539428711 31.3781242370605 31.3681831359863 31.3682804107666 31.3730373382568 31.3759822845459 31.3720417022705 31.3691120147705 31.346019744873 31.3334770202637 31.3281574249268 -9999 -9999 -9999 -9999 -9999 -9999 -9999 -9999 -9999 -9999 -9999 -9999 -9999
31.5002555847168 31.5070953369141 31.5190563201904 31.5233898162842 31.5149993896484 31.511646270752 31.4997291564941 31.4983520507812 31.4757232666016 31.4681205749512 31.4470176696777 31.4386863708496 31.4336986541748 31.4302501678467 31.4249572753906 31.4223079681396 31.415075302124 31.4094905853271 31.4076709747314 31.3965358734131 31.3901100158691 31.3865165710449 31.3772583007812 31.3912715911865 31.394063949585 31.3991508483887 31.3947257995605 31.39621925354 31.3842525482178 31.376558303833 31.3710708618164 31.3704795837402 31.3779926300049 31.3776111602783 31.3722381591797 31.3670444488525 31.3686332702637 31.3715324401855 31.3713245391846 31.3694553375244 31.3700389862061 -9999 -9999 -9999 -9999 -9999 -9999 -9999 -9999 -9999 -9999 -9999 -9999 -9999 -9999 -9999 -9999
31.5128479003906 31.515344619751 31.520959854126 31.5301113128662 31.5163326263428 31.5140228271484 31.4974403381348 31.4955558776855 31.4786510467529 31.4613037109375 31.4509735107422 31.4291515350342 31.4149742126465 31.4209308624268 31.4242324829102 31.4113960266113 31.4142551422119 31.4115619659424 31.3940582275391 31.3881740570068 31.386209487915 31.3742427825928 31.371976852417 31.3768577575684 31.3765544891357 31.3829154968262 31.3825340270996 31.3831596374512 31.3680038452148 31.3665542602539 31.3733406066895 31.3744087219238 31.3669452667236 31.3721466064453 31.3724327087402 31.364990234375 31.3731307983398 31.3667049407959 31.3659038543701 -9999 -9999 -9999 -9999 -9999 -9999 -9999 -9999 -9999 -9999 -9999 -9999 -9999 -9999 -9999 -9999 -9999 -9999
31.5421447753906 31.5427131652832 31.5428237915039 31.5504283905029 31.530590057373 31.5296192169189 31.5128936767578 31.5096397399902 31.4864139556885 31.4677734375 31.4498653411865 31.4271450042725 31.4089908599854 31.4154529571533 31.4133033752441 31.4054374694824 31.3988571166992 31.3921375274658 31.3860893249512 31.3807716369629 31.3667240142822 31.3603420257568 31.3576278686523 31.3525867462158 31.3523063659668 31.3606834411621 31.3597373962402 31.3594570159912 31.3641929626465 31.363655090332 31.3463287353516 31.3450794219971 31.3478240966797 31.3542137145996 31.3543891906738 31.3566455841064 -9999 -9999 -9999 -9999 -9999 -9999 -9999 -9999 -9999 -9999 -9999 -9999 -9999 -9999 -9999 -9999 -9999 -9999 -9999 -9999 -9999
31.5366764068604 31.5470237731934 31.54958152771 31.55198097229 31.5403366088867 31.5328235626221 31.5173091888428 31.5150909423828 31.4839668273926 31.4734497070312 31.4567337036133 31.4420757293701 31.4254760742188 31.4097537994385 31.4097785949707 31.4057846069336 31.3964805603027 31.3846302032471 31.3866004943848 31.3650779724121 31.3632545471191 31.3543376922607 31.3390483856201 31.3450393676758 31.3479061126709 31.3501739501953 31.3603057861328 31.3599758148193 31.3474082946777 31.352954864502 31.342004776001 31.3338260650635 31.3431091308594 -9999 -9999 -9999 -9999 -9999 -9999 -9999 -9999 -9999 -9999 -9999 -9999 -9999 -9999 -9999 -9999 -9999 -9999 -9999 -9999 -9999 -9999 -9999 -9999
31.5442581176758 31.5530815124512 31.5555591583252 31.5572624206543 31.5413722991943 31.5430126190186 31.518274307251 31.5158977508545 31.4965209960938 31.4755039215088 31.4697265625 31.4645957946777 31.4376583099365 31.4248046875 31.4206218719482 31.4010429382324 31.3932075500488 31.3877086639404 31.3849315643311 31.3795776367188 31.3668823242188 31.3493804931641 31.3478889465332 31.3506469726562 31.3481121063232 31.3550567626953 31.3624458312988 31.3586559295654 31.3549289703369 31.3360023498535 31.3376426696777 -9999 -9999 -9999 -9999 -9999 -9999 -9999 -9999 -9999 -9999 -9999 -9999 -9999 -9999 -9999 -9999 -9999 -9999 -9999 -9999 -9999 -9999 -9999 -9999 -9999 -9999
31.5735569000244 31.5784072875977 31.5805187225342 31.5812377929688 31.5662040710449 31.5637226104736 31.5382423400879 31.5291862487793 31.5126762390137 31.4937496185303 31.4919090270996 31.4793128967285 31.450345993042 31.4276103973389 31.4209022521973 31.3992366790771 31.3888168334961 31.3846130371094 31.37428855896 31.3672294616699 31.355842590332 31.3419094085693 31.3336601257324 31.3367748260498 31.3316402435303 31.3400478363037 31.3437957763672 31.3348865509033 -9999 -9999 -9999 -9999 -9999 -9999 -9999 -9999 -9999 -9999 -9999 -9999 -9999 -9999 -9999 -9999 -9999 -9999 -9999 -9999 -9999 -9999 -9999 -9999 -9999 -9999 -9999 -9999 -9999
31.581506729126 31.5908012390137 31.5873222351074 31.5773258209229 31.5719432830811 31.5661525726318 31.5499095916748 31.5387992858887 31.5271949768066 31.5086116790771 31.4829559326172 31.4759883880615 31.459602355957 31.4238834381104 31.4209690093994 31.40944480896 31.3939914703369 31.3748092651367 31.3775444030762 31.373025894165 31.3575229644775 31.3436279296875 31.325080871582 31.3278827667236 31.3328437805176 31.3407020568848 -9999 -9999 -9999 -9999 -9999 -9999 -9999 -9999 -9999 -9999 -9999 -9999 -9999 -9999 -9999 -9999 -9999 -9999 -9999 -9999 -9999 -9999 -9999 -9999 -9999 -9999 -9999 -9999 -9999 -9999 -9999
31.5842933654785 31.5907592773438 31.596435546875 31.5836791992188 31.5791702270508 31.5817604064941 31.5518608093262 31.5512771606445 31.5469741821289 31.5103664398193 31.5058994293213 31.4956378936768 31.4591808319092 31.4426918029785 31.4355792999268 31.411190032959 31.4029388427734 31.3905620574951 31.3599166870117 31.3531265258789 31.3489837646484 31.3318309783936 31.330436706543 -9999 -9999 -9999 -9999 -9999 -9999 -9999 -9999 -9999 -9999 -9999 -9999 -9999 -9999 -9999 -9999 -9999 -9999 -9999 -9999 -9999 -9999 -9999 -9999 -9999 -9999 -9999 -9999 -9999 -9999 -9999 -9999 -9999 -9999
31.6117935180664 31.6154460906982 31.6103610992432 31.6107406616211 31.6093730926514 31.6146583557129 31.5866622924805 31.5839347839355 31.5863246917725 31.5567989349365 31.526668548584 31.5241394042969 31.4858913421631 31.4505195617676 31.4429321289062 31.4104099273682 31.3878479003906 31.3765449523926 31.3450660705566 31.3305377960205 -9999 -9999 -9999 -9999 -9999 -9999 -9999 -9999 -9999 -9999 -9999 -9999 -9999 -9999 -9999 -9999 -9999 -9999 -9999 -9999 -9999 -9999 -9999 -9999 -9999 -9999 -9999 -9999 -9999 -9999 -9999 -9999 -9999 -9999 -9999 -9999 -9999
31.6130180358887 31.6178798675537 31.6137809753418 31.6128253936768 31.6224422454834 31.6163463592529 31.60595703125 31.6192054748535 31.5951156616211 31.5876865386963 31.5558032989502 31.5347118377686 31.5158786773682 31.4754428863525 31.4431018829346 31.4234409332275 31.3972110748291 31.3654365539551 31.3455047607422 31.3403472900391 -9999 -9999 -9999 -9999 -9999 -9999 -9999 -9999 -9999 -9999 -9999 -9999 -9999 -9999 -9999 -9999 -9999 -9999 -9999 -9999 -9999 -9999 -9999 -9999 -9999 -9999 -9999 -9999 -9999 -9999 -9999 -9999 -9999 -9999 -9999 -9999 -9999
31.6028995513916 31.6073551177979 31.6180171966553 31.6174964904785 31.6250705718994 31.6309375762939 31.6183910369873 31.6198329925537 31.6218852996826 31.5920276641846 31.5879077911377 31.5827045440674 31.5260314941406 31.5019264221191 31.4671516418457 31.4038314819336 31.3827075958252 31.3652172088623 31.3162212371826 -9999 -9999 -9999 -9999 -9999 -9999 -9999 -9999 -9999 -9999 -9999 -9999 -9999 -9999 -9999 -9999 -9999 -9999 -9999 -9999 -9999 -9999 -9999 -9999 -9999 -9999 -9999 -9999 -9999 -9999 -9999 -9999 -9999 -9999 -9999 -9999 -9999 -9999
31.5920791625977 31.6194000244141 31.6378574371338 31.6399707794189 31.6487445831299 31.6704120635986 31.6635665893555 31.6635494232178 31.6636199951172 31.6341781616211 31.6290321350098 31.6465301513672 31.5812740325928 31.5095729827881 31.4696998596191 31.3986930847168 31.3599529266357 31.3374443054199 -9999 -9999 -9999 -9999 -9999 -9999 -9999 -9999 -9999 -9999 -9999 -9999 -9999 -9999 -9999 -9999 -9999 -9999 -9999 -9999 -9999 -9999 -9999 -9999 -9999 -9999 -9999 -9999 -9999 -9999 -9999 -9999 -9999 -9999 -9999 -9999 -9999 -9999 -9999
31.6061248779297 31.6319236755371 31.6453227996826 31.6516857147217 31.6765365600586 31.6753711700439 31.6825351715088 31.7115364074707 31.6626052856445 31.6580219268799 31.6681232452393 31.6275329589844 31.5906467437744 31.5041809082031 31.4495811462402 31.4120178222656 31.3514595031738 -9999 -9999 -9999 -9999 -9999 -9999 -9999 -9999 -9999 -9999 -9999 -9999 -9999 -9999 -9999 -9999 -9999 -9999 -9999 -9999 -9999 -9999 -9999 -9999 -9999 -9999 -9999 -9999 -9999 -9999 -9999 -9999 -9999 -9999 -9999 -9999 -9999 -9999 -9999 -9999
31.6337299346924 31.6425704956055 31.6506652832031 31.6651954650879 31.6734828948975 31.6813926696777 31.6800498962402 31.6860427856445 31.6889419555664 31.644063949585 31.64475440979 31.6296138763428 31.5509815216064 31.5045585632324 31.4721946716309 31.3873748779297 31.3639755249023 -9999 -9999 -9999 -9999 -9999 -9999 -9999 -9999 -9999 -9999 -9999 -9999 -9999 -9999 -9999 -9999 -9999 -9999 -9999 -9999 -9999 -9999 -9999 -9999 -9999 -9999 -9999 -9999 -9999 -9999 -9999 -9999 -9999 -9999 -9999 -9999 -9999 -9999 -9999 -9999
31.6497783660889 31.6556777954102 31.6662197113037 31.6744785308838 31.6812553405762 31.6882648468018 31.6863822937012 31.6925582885742 31.6855926513672 31.6496162414551 31.6314830780029 31.6111297607422 31.5436992645264 31.5058326721191 31.4576110839844 31.3948440551758 -9999 -9999 -9999 -9999 -9999 -9999 -9999 -9999 -9999 -9999 -9999 -9999 -9999 -9999 -9999 -9999 -9999 -9999 -9999 -9999 -9999 -9999 -9999 -9999 -9999 -9999 -9999 -9999 -9999 -9999 -9999 -9999 -9999 -9999 -9999 -9999 -9999 -9999 -9999 -9999 -9999
31.6594085693359 31.6666259765625 31.6715869903564 31.6793212890625 31.6968173980713 31.6920890808105 31.7002830505371 31.7360324859619 31.6793556213379 31.6636371612549 31.6708583831787 31.5972290039062 31.5458335876465 -9999 -9999 -9999 -9999 -9999 -9999 -9999 -9999 -9999 -9999 -9999 -9999 -9999 -9999 -9999 -9999 -9999 -9999 -9999 -9999 -9999 -9999 -9999 -9999 -9999 -9999 -9999 -9999 -9999 -9999 -9999 -9999 -9999 -9999 -9999 -9999 -9999 -9999 -9999 -9999 -9999 -9999 -9999 -9999
31.6613540649414 31.6703262329102 31.673957824707 31.681116104126 31.6882457733154 31.6915245056152 31.6965255737305 31.6904029846191 31.6680927276611 -9999 -9999 -9999 -9999 -9999 -9999 -9999 -9999 -9999 -9999 -9999 -9999 -9999 -9999 -9999 -9999 -9999 -9999 -9999 -9999 -9999 -9999 -9999 -9999 -9999 -9999 -9999 -9999 -9999 -9999 -9999 -9999 -9999 -9999 -9999 -9999 -9999 -9999 -9999 -9999 -9999 -9999 -9999 -9999 -9999 -9999 -9999 -9999
