G_variables/Set1/RCP6_2100/Sur_tem_max.asc
NCOLS 229 
NROWS 147 
XLLCORNER -101.25 
YLLCORNER 14.3333333333333 
CELLSIZE 0.0833333333333333 
NODATA_value -9999 
[rows 78 to 103 of 147, columns 171 to 227 of 229]
31.389102935791 31.4185600280762 31.4226684570312 31.4937286376953 31.5058898925781 31.5328216552734 31.585916519165 31.5924911499023 31.6181049346924 31.6599655151367 31.6693420410156 31.6943778991699 31.742244720459 31.7628192901611 31.7704811096191 31.8114242553711 31.8304882049561 31.8405456542969 31.8740940093994 31.8984546661377 31.9048824310303 31.9142551422119 31.9214534759521 31.9256153106689 -9999 -9999 -9999 -9999 -9999 -9999 -9999 -9999 -9999 -9999 -9999 -9999 -9999 -9999 -9999 -9999 -9999 -9999 -9999 -9999 -9999 -9999 -9999 -9999 -9999 -9999 -9999 -9999 -9999 -9999 -9999 -9999 -9999
31.4068431854248 31.424295425415 31.4471950531006 31.5086841583252 31.5228385925293 31.5417442321777 31.5873374938965 31.6006755828857 31.6162185668945 31.6558589935303 31.663667678833 31.6803741455078 31.7229061126709 31.7300815582275 31.7425842285156 31.7822151184082 31.7916412353516 31.8020648956299 31.8468742370605 31.8556518554688 31.8710422515869 31.8815059661865 31.8894424438477 31.8938522338867 31.9072914123535 -9999 -9999 -9999 -9999 -9999 -9999 -9999 -9999 -9999 -9999 -9999 -9999 -9999 -9999 -9999 -9999 -9999 -9999 -9999 -9999 -9999 -9999 -9999 -9999 -9999 -9999 -9999 -9999 -9999 -9999 -9999 -9999
31.3943939208984 31.4382572174072 31.4728736877441 31.4901580810547 31.5386047363281 31.5615997314453 31.5674152374268 31.6026935577393 31.621395111084 31.6358737945557 31.6625537872314 31.6854953765869 31.6943740844727 31.7166080474854 31.7403602600098 31.7522773742676 31.7755641937256 31.8065147399902 31.8204956054688 31.8537101745605 31.8593730926514 31.8607406616211 31.8803539276123 31.8814334869385 31.887321472168 31.9061222076416 -9999 -9999 -9999 -9999 -9999 -9999 -9999 -9999 -9999 -9999 -9999 -9999 -9999 -9999 -9999 -9999 -9999 -9999 -9999 -9999 -9999 -9999 -9999 -9999 -9999 -9999 -9999 -9999 -9999 -9999 -9999
31.407922744751 31.4379940032959 31.4547138214111 31.5090484619141 31.5336284637451 31.5353775024414 31.5793857574463 31.5948905944824 31.6050701141357 31.6422328948975 31.6602230072021 31.666748046875 31.6997261047363 31.7008457183838 31.7180614471436 31.7519950866699 31.7646923065186 31.782886505127 31.8155994415283 31.8260765075684 31.8384132385254 31.8515377044678 31.8580417633057 31.8605613708496 31.8747863769531 31.8862953186035 31.8964347839355 -9999 -9999 -9999 -9999 -9999 -9999 -9999 -9999 -9999 -9999 -9999 -9999 -9999 -9999 -9999 -9999 -9999 -9999 -9999 -9999 -9999 -9999 -9999 -9999 -9999 -9999 -9999 -9999 -9999 -9999
31.4145679473877 31.4396057128906 31.4517288208008 31.5110321044922 31.5221004486084 31.5232391357422 31.5685386657715 31.5841979980469 31.5891418457031 31.6246185302734 31.6300506591797 31.643196105957 31.674409866333 31.6739940643311 31.6842155456543 31.7150421142578 31.7321758270264 31.7440853118896 31.7753791809082 31.783992767334 31.7854099273682 31.8073863983154 31.80784034729 31.810525894165 31.8246650695801 31.8363914489746 31.8491973876953 -9999 -9999 -9999 -9999 -9999 -9999 -9999 -9999 -9999 -9999 -9999 -9999 -9999 -9999 -9999 -9999 -9999 -9999 -9999 -9999 -9999 -9999 -9999 -9999 -9999 -9999 -9999 -9999 -9999 -9999
31.4003410339355 31.4331893920898 31.4668731689453 31.4939117431641 31.5334739685059 31.5373096466064 31.5471153259277 31.5816898345947 31.5954761505127 31.6059589385986 31.6270923614502 31.6438255310059 31.6532859802246 31.667552947998 31.6882572174072 31.6981716156006 31.7133636474609 31.7356739044189 31.7526073455811 31.7732124328613 31.7791786193848 31.7805976867676 31.7914142608643 31.7903671264648 31.7966327667236 31.815881729126 31.8345317840576 31.8484325408936 -9999 -9999 -9999 -9999 -9999 -9999 -9999 -9999 -9999 -9999 -9999 -9999 -9999 -9999 -9999 -9999 -9999 -9999 -9999 -9999 -9999 -9999 -9999 -9999 -9999 -9999 -9999 -9999 -9999
31.3999366760254 31.4367122650146 31.4506168365479 31.5045776367188 31.5176258087158 31.5201110839844 31.5558490753174 31.5702972412109 31.5756950378418 31.6064109802246 31.6185169219971 31.6217269897461 31.6468830108643 31.654260635376 31.6689548492432 31.6929683685303 31.7066860198975 31.7249622344971 31.7525386810303 31.7590751647949 31.7689838409424 31.7734375 31.7741317749023 31.7632236480713 31.7772445678711 31.8025283813477 31.8189144134521 31.8398990631104 31.8535060882568 31.8649654388428 31.8874187469482 31.9028873443604 -9999 -9999 -9999 -9999 -9999 -9999 -9999 -9999 -9999 -9999 -9999 -9999 -9999 -9999 -9999 -9999 -9999 -9999 -9999 -9999 -9999 -9999 -9999 -9999 -9999
31.4073600769043 31.4244270324707 31.4432010650635 31.4878597259521 31.5077285766602 31.5074787139893 31.5491714477539 31.5514183044434 31.5589389801025 31.5897331237793 31.5942611694336 31.6051273345947 31.6299781799316 31.6358966827393 31.6462955474854 31.6700477600098 31.6847686767578 31.6930522918701 31.7149562835693 31.7229461669922 31.7240543365479 31.7400569915771 31.7292423248291 31.7263698577881 31.7402248382568 31.7593727111816 31.7729358673096 31.7941875457764 31.8071880340576 31.8223628997803 31.8441276550293 31.861837387085 31.8810653686523 31.9016437530518 31.9165306091309 31.9365348815918 31.9517879486084 31.9431629180908 31.9391593933105 -9999 -9999 -9999 -9999 -9999 -9999 -9999 -9999 -9999 -9999 -9999 -9999 -9999 -9999 -9999 -9999 -9999 -9999
31.3981533050537 31.4328365325928 31.4514026641846 31.4681549072266 31.5055999755859 31.5175075531006 31.5272102355957 31.5595073699951 31.5718669891357 31.5740013122559 31.6009864807129 31.6097965240479 31.6191139221191 31.6422843933105 31.649169921875 31.6526794433594 31.6707458496094 31.6849594116211 31.698802947998 31.7120018005371 31.7155857086182 31.7252655029297 31.7313671112061 31.7265510559082 31.7321491241455 31.7455196380615 31.7638664245605 31.7741050720215 31.7997016906738 31.8113803863525 31.8237247467041 31.8467922210693 31.8618202209473 31.8755111694336 31.8950252532959 31.910924911499 31.9176692962646 31.933952331543 31.9263477325439 31.9282855987549 31.9502639770508 31.9443416595459 31.9398288726807 -9999 -9999 -9999 -9999 -9999 -9999 -9999 -9999 -9999 -9999 -9999 -9999 -9999 -9999
31.4064178466797 31.4263324737549 31.4339370727539 31.4763584136963 31.4810638427734 31.4930267333984 31.5263557434082 31.5416145324707 31.5464630126953 31.5750617980957 31.5860919952393 31.5925827026367 31.6117382049561 31.6179180145264 31.6279125213623 31.6495628356934 31.6534156799316 31.6709117889404 31.6907444000244 31.6962661743164 31.6998081207275 31.7110862731934 31.7152290344238 31.7171859741211 31.7225513458252 31.7302207946777 31.7401313781738 31.7588768005371 31.7696113586426 31.7908020019531 31.8066425323486 31.820556640625 31.8281936645508 31.8472023010254 31.8543720245361 31.8658981323242 31.8909740447998 31.8946018218994 31.895393371582 31.9044094085693 31.9036083221436 31.9107494354248 31.9164199829102 31.9154357910156 -9999 -9999 -9999 -9999 -9999 -9999 -9999 -9999 -9999 -9999 -9999 -9999 -9999
31.3989887237549 31.4114685058594 31.4109535217285 31.4562187194824 31.4670333862305 31.4697036743164 31.502721786499 31.5084362030029 31.5195617675781 31.5506401062012 31.5549583435059 31.5684242248535 31.58762550354 31.594123840332 31.6055545806885 31.6265926361084 31.6328315734863 31.6300849914551 31.6586074829102 31.670337677002 31.6704521179199 31.6774425506592 31.6780776977539 31.6745872497559 31.683032989502 31.6890602111816 31.694263458252 31.7108402252197 31.7203121185303 31.7306804656982 31.7556266784668 31.7713871002197 31.7744636535645 31.7924423217773 31.8020248413086 31.8108997344971 31.8362522125244 31.8409366607666 31.8414573669434 31.8500938415527 31.8499813079834 31.8413352966309 31.8597011566162 31.8608989715576 31.8635845184326 -9999 -9999 -9999 -9999 -9999 -9999 -9999 -9999 -9999 -9999 -9999 -9999
31.3832931518555 31.4035301208496 31.4183311462402 31.4303951263428 31.4508934020996 31.4696083068848 31.4774780273438 31.5016956329346 31.5187759399414 31.5286846160889 31.5417537689209 31.5597629547119 31.5625438690186 31.5851650238037 31.6021270751953 31.6137752532959 31.6298732757568 31.6269226074219 31.6452941894531 31.6604461669922 31.6548824310303 31.6563110351562 31.6543121337891 31.6592102050781 31.6609897613525 31.6670436859131 31.673002243042 31.6806182861328 31.6959953308105 31.7097759246826 31.7289428710938 31.7619724273682 31.7584056854248 31.76416015625 31.7750644683838 31.7879905700684 31.8031673431396 31.815450668335 31.8057804107666 31.8076820373535 31.8223991394043 31.8148231506348 31.8302001953125 31.8358936309814 31.8383197784424 31.8434772491455 -9999 -9999 -9999 -9999 -9999 -9999 -9999 -9999 -9999 -9999 -9999
31.3913974761963 31.4017715454102 31.3974227905273 31.4338989257812 31.4477500915527 31.4530601501465 31.482572555542 31.4884834289551 31.5008506774902 31.5317916870117 31.5411567687988 31.5447769165039 31.562328338623 31.5744972229004 31.5884437561035 31.6125106811523 31.6213493347168 31.6285667419434 31.6391754150391 31.6486778259277 31.6458015441895 31.6476516723633 31.6491756439209 31.6463871002197 31.6454982757568 31.6504325866699 31.6525287628174 31.6557083129883 31.668924331665 31.6857242584229 31.7148876190186 31.7266292572021 31.7301368713379 31.7451114654541 31.7511386871338 31.7615642547607 31.7743434906006 31.7787303924561 31.7763595581055 31.7832813262939 31.7797088623047 31.7740917205811 31.7888107299805 31.7937297821045 31.8006172180176 31.8158092498779 -9999 -9999 -9999 -9999 -9999 -9999 -9999 -9999 -9999 -9999 -9999
31.3773670196533 31.3806133270264 31.3888301849365 31.4160804748535 31.4200973510742 31.4334354400635 31.4643402099609 31.4755096435547 31.4766426086426 31.5086994171143 31.5199108123779 31.525915145874 31.547924041748 31.5546035766602 31.5672779083252 31.5948524475098 31.5994281768799 31.6003303527832 31.6213722229004 31.6190814971924 31.6182804107666 31.6195659637451 31.6187267303467 31.611795425415 31.6090602874756 31.6088809967041 31.6071662902832 31.6086940765381 31.6193466186523 31.635103225708 31.6549777984619 31.6638565063477 31.6699676513672 31.6863174438477 31.6936531066895 31.6960983276367 31.7138652801514 31.7172203063965 31.7159271240234 31.7207489013672 31.7167739868164 31.7025527954102 31.7045288085938 31.7220306396484 31.7331027984619 31.7494964599609 31.756368637085 -9999 -9999 -9999 -9999 -9999 -9999 -9999 -9999 -9999 -9999
31.3604583740234 31.3743133544922 31.3935470581055 31.4033813476562 31.409646987915 31.4322090148926 31.4443969726562 31.4592761993408 31.4812507629395 31.4904346466064 31.5102691650391 31.5302906036377 31.5397758483887 31.5519409179688 31.5697536468506 31.5816249847412 31.5981826782227 31.5934925079346 31.6096534729004 31.6200351715088 31.6059284210205 31.6087970733643 31.6025218963623 31.5992259979248 31.5976467132568 31.5921173095703 31.5947895050049 31.5923290252686 31.6006565093994 31.6175746917725 31.6285266876221 31.6323432922363 31.6477146148682 31.6522674560547 31.6607360839844 31.6685543060303 31.6739101409912 31.6832847595215 31.6879692077637 31.6869525909424 31.6764297485352 31.6785144805908 31.6835746765137 31.6736450195312 31.7077598571777 31.7092552185059 31.7064228057861 31.7199745178223 -9999 -9999 -9999 -9999 -9999 -9999 -9999 -9999 -9999
31.3660869598389 31.3714218139648 31.3763427734375 31.4115924835205 31.4135437011719 31.4154739379883 31.453556060791 31.467041015625 31.4671726226807 31.4998817443848 31.5142059326172 31.524076461792 31.5513610839844 31.5545558929443 31.5636367797852 31.580020904541 31.5819072723389 31.5827789306641 31.5999221801758 31.6054077148438 31.6049404144287 31.5982398986816 31.5976524353027 31.5936317443848 31.5849380493164 31.5852909088135 31.5873680114746 31.5844841003418 31.589319229126 31.6012706756592 31.6124629974365 31.6212692260742 31.6203136444092 31.6361045837402 31.643159866333 31.6502666473389 31.6651821136475 31.6626758575439 31.6665878295898 31.671422958374 31.6677570343018 31.6626853942871 31.6769199371338 31.6785545349121 31.6797657012939 31.6934928894043 31.6954402923584 31.6941184997559 31.7082099914551 -9999 -9999 -9999 -9999 -9999 -9999 -9999 -9999
31.3482532501221 31.3556308746338 31.3670024871826 31.4048709869385 31.4190006256104 31.4238567352295 31.4462394714355 31.4532604217529 31.4639854431152 31.4967632293701 31.5088958740234 31.5175380706787 31.5449504852295 31.5469837188721 31.5486087799072 31.5647068023682 31.5696353912354 31.5632305145264 31.5751247406006 31.5794067382812 31.5732707977295 31.5677738189697 31.5639152526855 31.5645484924316 31.5489673614502 31.5502586364746 31.5483264923096 31.5441265106201 31.5471172332764 31.5539264678955 31.5658874511719 31.5687484741211 31.571195602417 31.5849781036377 31.597131729126 31.6101856231689 31.6248722076416 31.6126155853271 31.6159934997559 31.622974395752 31.6211624145508 31.6186676025391 31.6336116790771 31.6336612701416 31.6330490112305 31.6453666687012 31.6383991241455 31.6387691497803 31.6527328491211 -9999 -9999 -9999 -9999 -9999 -9999 -9999 -9999
31.3367347717285 31.3511543273926 31.3817100524902 31.3934288024902 31.4227809906006 31.4366645812988 31.4365406036377 31.4483604431152 31.4735889434814 31.4877452850342 31.5091438293457 31.5292835235596 31.5343208312988 31.5479679107666 31.5509567260742 31.5566749572754 31.5798625946045 31.5730972290039 31.5588264465332 31.5649833679199 31.5630645751953 31.5623168945312 31.5594215393066 31.5522689819336 31.5468616485596 31.5374584197998 31.5402984619141 31.533634185791 31.5283737182617 31.546537399292 31.547872543335 31.5408344268799 31.5554485321045 31.5624675750732 31.5550403594971 31.5953674316406 31.6011619567871 31.5795917510986 31.6084327697754 31.6099472045898 31.6029281616211 31.6108283996582 31.609317779541 31.6017646789551 31.622917175293 31.6259002685547 31.6136646270752 31.6288585662842 31.6347007751465 31.6388969421387 -9999 -9999 -9999 -9999 -9999 -9999 -9999
31.3489646911621 31.3556175231934 31.371524810791 31.410608291626 31.413782119751 31.4266223907471 31.448034286499 31.4605655670166 31.4650917053223 31.4921226501465 31.4994068145752 31.5136127471924 31.5294990539551 31.5375366210938 31.5394420623779 31.5519123077393 31.559419631958 31.5644912719727 31.5606479644775 31.5498962402344 31.5456352233887 31.5467300415039 31.5459442138672 31.5427474975586 31.530725479126 31.5297966003418 31.5289726257324 31.5260486602783 31.5327987670898 31.5367469787598 31.5382347106934 31.5455074310303 31.5511283874512 31.5533809661865 31.5621471405029 31.5657577514648 31.5818920135498 31.5908374786377 31.5904922485352 31.6029510498047 31.6009273529053 31.5999622344971 31.6167755126953 31.6143684387207 31.6087627410889 31.6283168792725 31.6284599304199 31.618968963623 31.6209335327148 31.6206951141357 31.6198101043701 -9999 -9999 -9999 -9999 -9999 -9999
31.354305267334 31.3643245697021 31.3811550140381 31.4203777313232 31.4351749420166 31.4215259552002 31.4487342834473 31.4577674865723 31.4634265899658 31.489351272583 31.4950504302979 31.5038471221924 31.5227661132812 31.5256671905518 31.5276775360107 31.5385551452637 31.5384368896484 31.5426425933838 31.543327331543 31.5289478302002 31.5285816192627 31.5204238891602 31.5189170837402 31.5155925750732 31.5121917724609 31.5091342926025 31.5100002288818 31.5078372955322 31.5090847015381 31.5173645019531 31.5208206176758 31.5215892791748 31.5273189544678 31.5413303375244 31.5312023162842 31.5320014953613 31.5630664825439 31.5668067932129 31.5664958953857 31.5788860321045 31.5793514251709 31.5781536102295 31.5859088897705 31.5822696685791 31.5829658508301 31.5888118743896 31.5892372131348 31.5885944366455 31.5743541717529 31.5731353759766 31.5686111450195 -9999 -9999 -9999 -9999 -9999 -9999
31.3471298217773 31.3641471862793 31.3925685882568 31.4046783447266 31.4349308013916 31.4340000152588 31.441255569458 31.462329864502 31.4697933197021 31.4777641296387 31.4932823181152 31.5063934326172 31.5183143615723 31.5247955322266 31.5311851501465 31.5335235595703 31.5354881286621 31.5344371795654 31.5396556854248 31.5340480804443 31.519775390625 31.5233287811279 31.5102977752686 31.5106716156006 31.5147438049316 31.4951629638672 31.5071640014648 31.5111770629883 31.5031547546387 31.5106353759766 31.5145778656006 31.51389503479 31.5255889892578 31.5321998596191 31.5496387481689 31.537935256958 31.5497398376465 31.5641098022461 31.5656814575195 31.5696296691895 31.5865993499756 31.57421875 31.5672416687012 31.5779781341553 31.5751171112061 31.5749988555908 31.5871753692627 31.5798034667969 31.5773906707764 31.5584449768066 31.571268081665 31.5713863372803 -9999 -9999 -9999 -9999 -9999
31.3580436706543 31.3735275268555 31.3774967193604 31.4187927246094 31.4362277984619 31.4243431091309 31.4578666687012 31.4509563446045 31.4637489318848 31.4851493835449 31.4891529083252 31.5022773742676 31.5200042724609 31.5265369415283 31.5285053253174 31.5321712493896 31.5341300964355 31.5331401824951 31.5366649627686 31.5356731414795 31.5233821868896 31.5135498046875 31.510950088501 31.5060119628906 31.5048294067383 31.5034637451172 31.504919052124 31.5056209564209 31.5058746337891 31.5077133178711 31.5127048492432 31.5141181945801 31.5185260772705 31.5282211303711 31.5315818786621 31.5274753570557 31.5446357727051 31.5473003387451 31.5530529022217 31.5639057159424 31.5688457489014 31.5630664825439 31.5639266967773 31.5661888122559 31.5650081634521 31.5668163299561 31.5679225921631 31.5648307800293 31.5644702911377 31.5539073944092 31.5575046539307 31.5613689422607 -9999 -9999 -9999 -9999 -9999
31.3580837249756 31.3627433776855 31.3804473876953 31.4219608306885 31.4322776794434 31.4376602172852 31.4595546722412 31.4687347412109 31.4763946533203 31.4969921112061 31.5073509216309 31.5135803222656 31.5168628692627 31.5190238952637 31.5203285217285 31.5232372283936 31.5249538421631 31.5245895385742 31.5185089111328 31.5292816162109 31.5170574188232 31.510326385498 31.5054702758789 31.5030040740967 31.4928016662598 31.4923000335693 31.4926929473877 31.4927883148193 31.4915962219238 31.5007152557373 31.5008449554443 31.5086078643799 31.5076770782471 31.5150165557861 31.5084667205811 31.5115604400635 31.5175132751465 31.5195560455322 31.5204334259033 31.5299739837646 31.5309982299805 31.530403137207 31.5369148254395 31.5242595672607 31.5236644744873 31.5249881744385 31.5240287780762 31.5210647583008 31.5126647949219 31.5050792694092 31.5025749206543 31.5088386535645 31.5074100494385 -9999 -9999 -9999 -9999
31.3524856567383 31.3572463989258 31.3915061950684 31.4088268280029 31.4377613067627 31.4524974822998 31.4506855010986 31.4811744689941 31.4887828826904 31.495153427124 31.512638092041 31.5109691619873 31.507007598877 31.5173320770264 31.5144500732422 31.5184173583984 31.5246162414551 31.5249462127686 31.5234146118164 31.515567779541 31.5091762542725 31.5083465576172 31.5069103240967 31.4951992034912 31.4974899291992 31.4864120483398 31.4904747009277 31.4914836883545 31.495906829834 31.4944477081299 31.4977245330811 31.5022430419922 31.5008850097656 31.5011234283447 31.4943809509277 31.4980716705322 31.4966487884521 31.5065002441406 31.5060043334961 31.5080032348633 31.5142192840576 31.5201816558838 31.5126113891602 31.5111865997314 31.509916305542 31.5091705322266 31.5119190216064 31.5001525878906 31.4890270233154 31.478946685791 31.482837677002 31.483247756958 31.4847660064697 31.4924964904785 -9999 -9999 -9999
31.3737525939941 31.3836040496826 31.3785171508789 31.420862197876 31.4238224029541 31.4400005340576 31.4718437194824 31.4732532501221 31.4798793792725 31.4978275299072 31.5003242492676 31.5047454833984 31.5110187530518 31.515115737915 31.5094470977783 31.5156211853027 31.5192794799805 31.520450592041 31.5269813537598 31.5099048614502 31.5089149475098 31.5058212280273 31.5048446655273 31.5044078826904 31.4951725006104 31.4930458068848 31.492525100708 31.4866161346436 31.4878768920898 31.4914321899414 31.4866580963135 31.4928665161133 31.4928226470947 31.4917907714844 31.4730224609375 31.4734554290771 31.4769744873047 31.4830913543701 31.49778175354 31.5031566619873 31.5040855407715 31.4962024688721 31.4972019195557 31.5004253387451 31.4996700286865 31.4930000305176 31.4780540466309 31.4743919372559 31.4695510864258 31.4634609222412 31.4666538238525 31.4698066711426 31.4710865020752 31.46311378479 -9999 -9999 -9999
31.3791542053223 31.3936328887939 31.3958549499512 31.4374771118164 31.4294757843018 31.4370613098145 31.4684524536133 31.4766445159912 31.4730968475342 31.4892673492432 31.4907054901123 31.4921875 31.4979381561279 31.5007419586182 31.5031852722168 31.5067272186279 31.5034885406494 31.5087947845459 31.5160713195801 31.5066547393799 31.5006332397461 31.4976959228516 31.501033782959 31.4955463409424 31.4862194061279 31.4903125762939 31.4882297515869 31.4817943572998 31.4811344146729 31.4781684875488 31.4736957550049 31.4684715270996 31.4588069915771 31.4553241729736 31.4461727142334 31.4446067810059 31.4461708068848 31.4473724365234 31.4545402526855 31.4596157073975 31.4591522216797 31.4594192504883 31.4580898284912 31.4568462371826 31.4519062042236 31.4490413665771 31.4324626922607 31.4256572723389 31.4223155975342 31.4129962921143 31.4117202758789 31.4138584136963 31.4065990447998 31.4071960449219 31.4206161499023 -9999 -9999
