G_variables/Set1/RCP6_2050/Min_tem_max.asc
NCOLS 229 
NROWS 147 
XLLCORNER -101.25 
YLLCORNER 14.3333333333333 
CELLSIZE 0.0833333333333333 
NODATA_value -9999 
[rows 78 to 103 of 147, columns 57 to 113 of 229]
28.1560039520264 24.7392158508301 22.4405078887939 7.42019557952881 4.58669471740723 4.12108325958252 4.05160427093506 4.02468109130859 4.00610733032227 4.00613641738892 4.00613117218018 4.00603055953979 3.99017190933228 3.98434805870056 3.98425960540771 3.97956013679504 3.97955870628357 3.97955822944641 3.97955751419067 3.97987985610962 3.98499178886414 3.98851418495178 3.99412250518799 4.07461500167847 4.13540077209473 4.11955165863037 4.3051323890686 4.50172901153564 4.19570207595825 4.50168657302856 5.32524394989014 4.20911502838135 4.19749116897583 4.19744348526001 4.30985879898071 5.89037609100342 5.88843202590942 4.92988252639771 4.99101543426514 5.3754563331604 4.93982601165771 4.9096245765686 4.91164684295654 5.97728872299194 5.44624137878418 4.94425392150879 4.37387609481812 4.21939516067505 4.5330696105957 5.4005560874939 11.8720140457153 22.4650764465332 24.7036533355713 29.1507244110107 29.5481967926025 29.9602127075195 30.1830501556396
30.355396270752 27.1661949157715 24.1112785339355 18.3367233276367 5.9532036781311 4.19802713394165 4.07657670974731 4.0514030456543 4.02431201934814 4.01818704605103 4.00598335266113 4.00561666488647 3.99011445045471 3.98883461952209 3.98906922340393 3.98446607589722 3.98491334915161 3.98381996154785 3.98404669761658 3.984046459198 3.98430180549622 3.99435591697693 4.02172136306763 4.1359486579895 4.12031364440918 4.20693874359131 4.35229539871216 4.35347843170166 4.20715808868408 4.90812063217163 4.91444730758667 4.21030426025391 4.21121597290039 4.35653114318848 4.88839054107666 5.38473033905029 5.33054256439209 4.9258189201355 5.94092035293579 6.53277206420898 5.96165132522583 5.38636684417725 4.91003608703613 5.43507194519043 5.44060277938843 5.98891544342041 5.44863748550415 5.40788984298706 5.39146661758423 6.61498641967773 10.0153980255127 27.0803527832031 29.1659545898438 27.1418609619141 29.5569496154785 29.9743003845215 29.9892673492432
30.5444316864014 30.123348236084 26.088996887207 23.0878162384033 9.13035011291504 4.89811515808105 4.1970591545105 4.07624578475952 4.05098247528076 4.02398300170898 4.01803541183472 4.00563478469849 4.02391624450684 3.99010872840881 3.98838353157043 3.98386001586914 3.98396825790405 3.98383569717407 3.98465919494629 3.9847514629364 3.98425507545471 4.00504541397095 4.12016153335571 4.20699167251587 4.35102987289429 4.49804592132568 4.09422540664673 4.16612434387207 4.19509363174438 4.3071870803833 4.35545206069946 4.62866258621216 4.52646970748901 4.88143396377563 5.3376317024231 5.32371473312378 4.92308616638184 4.9266300201416 5.94036245346069 5.94653367996216 6.53583908081055 5.96466875076294 5.39211130142212 5.37174606323242 5.37686395645142 6.53762292861938 8.31727981567383 9.99049091339111 9.9449634552002 12.7372064590454 24.6889247894287 28.1430854797363 28.0609951019287 27.1488971710205 28.2818965911865 29.6243953704834 29.971305847168
30.5388526916504 30.5533008575439 28.9922485351562 24.0800266265869 19.8010330200195 8.20258808135986 4.35991477966309 4.16835594177246 4.12194299697876 4.05087995529175 4.02388715744019 4.01786804199219 4.00582838058472 3.9901065826416 3.99020528793335 3.98840498924255 3.9884181022644 3.98656368255615 3.9840726852417 3.98410940170288 3.98851418495178 4.0052318572998 4.30175113677979 4.5571756362915 4.35306787490845 4.1965799331665 4.13714790344238 4.19664812088013 4.3065881729126 4.19756650924683 5.29764842987061 4.56363821029663 4.53643369674683 4.94091033935547 5.33738422393799 4.92304754257202 4.88800287246704 6.45631980895996 8.99432277679443 6.52848291397095 5.95413303375244 5.95617628097534 5.38315200805664 6.56506156921387 5.97590780258179 7.50412607192993 9.94893169403076 14.7498235702515 20.5783538818359 24.0419464111328 26.3821029663086 25.5633850097656 25.5937404632568 27.1203784942627 29.1621017456055 29.9836826324463 29.9737586975098
-9999 30.5427379608154 29.7798519134521 26.0650272369385 23.0157718658447 17.2842102050781 5.40360736846924 4.35588312149048 4.16683626174927 4.07628679275513 4.06632280349731 4.0236177444458 4.04041910171509 3.99833512306213 3.99016499519348 3.98840022087097 3.99018335342407 3.99015927314758 3.98842597007751 3.98851490020752 3.99029016494751 4.03806829452515 4.35155630111694 4.50097370147705 4.30636501312256 4.3552360534668 4.35523891448975 4.28662109375 4.20806264877319 4.19707107543945 4.88094425201416 4.50228881835938 5.36889553070068 5.91142320632935 5.88040971755981 6.46588802337646 5.96100616455078 6.48458194732666 8.15795707702637 5.94665431976318 8.19286441802979 8.21700191497803 6.01004934310913 7.4312744140625 6.57576656341553 13.7685499191284 16.8065509796143 19.6865081787109 23.2854251861572 24.0207557678223 25.5508842468262 25.5561180114746 26.3657035827637 27.1709022521973 29.1800899505615 29.9756011962891 30.14821434021
-9999 30.5401573181152 30.5096378326416 28.1615581512451 24.048303604126 20.7186336517334 10.0155954360962 5.3417181968689 4.3548264503479 4.13780450820923 4.06628370285034 4.04031085968018 4.04044246673584 4.00577354431152 4.00587368011475 4.00545215606689 3.99019408226013 3.99020409584045 3.99018001556396 3.99030160903931 3.99607825279236 4.03806972503662 4.35152244567871 4.16572380065918 4.3059868812561 4.871750831604 4.52770280838013 4.55920219421387 4.91193723678589 4.91372203826904 4.56322479248047 4.53050470352173 5.37100267410278 5.37124443054199 5.37347650527954 6.47125673294067 6.42930746078491 8.1318883895874 8.16524982452393 8.2080545425415 8.94641971588135 8.96570587158203 6.54317092895508 8.22710990905762 10.7972011566162 18.7893943786621 20.568675994873 22.3860454559326 28.0693988800049 24.7206859588623 26.3038101196289 28.0551319122314 28.0712795257568 28.3004970550537 29.1754302978516 29.6675777435303 30.1175746917725
-9999 30.5316257476807 30.4928092956543 29.4000015258789 24.6187305450439 22.3039817810059 19.0537166595459 7.34450244903564 4.63926362991333 4.16802740097046 4.07647800445557 4.05143213272095 4.02322959899902 4.02341222763062 4.00563049316406 3.99827003479004 3.99020290374756 3.99621629714966 3.99446558952332 3.99441814422607 4.00558471679688 4.03498458862305 4.19641351699829 4.20815849304199 4.30604076385498 4.55931568145752 4.35502958297729 4.30715179443359 4.62400913238525 4.879225730896 4.91549634933472 4.97305297851562 5.32749843597412 6.43949794769287 6.50516033172607 7.32410669326782 8.12357902526855 8.13506126403809 8.91437244415283 8.21289253234863 8.94899845123291 9.84988975524902 8.20380592346191 12.6178197860718 17.7000255584717 21.4213428497314 21.4881858825684 22.3796577453613 23.2570972442627 24.7392654418945 27.248571395874 30.2216835021973 29.8947277069092 29.7390651702881 29.9511833190918 29.9569759368896 30.3186511993408
-9999 -9999 30.5196533203125 29.7893466949463 29.0137767791748 24.6352157592773 22.3455390930176 15.1145162582397 5.91197443008423 4.35701608657837 4.19555711746216 4.06653213500977 4.04466819763184 4.02367258071899 4.00566434860229 4.00564384460449 3.99439740180969 3.99845099449158 4.00560712814331 4.00560760498047 4.00558137893677 4.07518529891968 4.1659255027771 4.30563879013062 4.20825576782227 4.55861616134644 5.2870306968689 4.96444463729858 4.8767261505127 5.35923480987549 5.36241960525513 5.36673450469971 5.95295095443726 7.30077171325684 7.30310535430908 8.1202278137207 7.38422584533691 6.44092416763306 8.92132949829102 9.79550457000732 10.6719617843628 8.96466064453125 10.7654466629028 16.7117538452148 19.6293411254883 24.6969833374023 29.5894165039062 29.1960391998291 24.0353240966797 26.4268589019775 29.1792888641357 30.251033782959 30.2985572814941 30.0762233734131 29.9223823547363 29.9611740112305 30.1325969696045
-9999 -9999 30.5143032073975 30.2916374206543 29.570276260376 27.1788444519043 24.0282402038574 21.4949951171875 12.9619779586792 4.56902837753296 4.19833326339722 4.12290954589844 4.06621789932251 4.04054021835327 4.02333736419678 4.00584077835083 4.00577783584595 4.00539112091064 4.0226902961731 4.0226902961731 4.03909826278687 4.0756983757019 4.19654178619385 4.90606689453125 4.87324094772339 4.30593156814575 5.31070470809937 5.31070995330811 5.29026985168457 5.36213207244873 5.36290311813354 5.90254545211792 6.39367389678955 6.4396800994873 7.30463886260986 8.11195850372314 7.3369288444519 9.77396297454834 9.76212978363037 9.82929611206055 10.6924448013306 16.6486740112305 15.642279624939 18.8036937713623 20.5240631103516 22.3915100097656 29.8618392944336 29.6475944519043 26.4174823760986 29.170280456543 29.9076595306396 30.2502555847168 30.0541019439697 30.1335697174072 30.317455291748 30.3164005279541 30.3535976409912
-9999 -9999 30.515344619751 30.5136947631836 30.4527168273926 29.5454635620117 28.3016967773438 26.2006187438965 22.3572025299072 6.52860546112061 4.35711479187012 4.19838523864746 4.13842248916626 4.07604169845581 4.07604217529297 4.05145072937012 4.0514497756958 4.02291870117188 4.0226526260376 4.0390191078186 4.06599473953247 4.1965160369873 4.30446910858154 4.35394620895386 4.9076042175293 5.31603574752808 4.96704959869385 4.87494707107544 4.87706708908081 4.91115999221802 6.37473917007446 6.42272567749023 7.28896570205688 7.29282140731812 7.30258464813232 9.71709537506104 8.1156005859375 9.74664878845215 8.97559833526611 10.6290655136108 12.5205268859863 16.6299419403076 19.6132221221924 19.6197128295898 20.5163879394531 22.368278503418 24.7202377319336 26.441125869751 29.1872882843018 29.8955669403076 30.1971969604492 30.4924831390381 30.5257682800293 30.768440246582 30.8423328399658 30.8726005554199 30.9168891906738
-9999 -9999 -9999 -9999 30.5144424438477 30.6096725463867 30.3119487762451 30.7400341033936 28.9847984313965 27.3360004425049 12.8715515136719 5.3187427520752 4.31055068969727 4.19936227798462 4.13977956771851 4.07568264007568 4.06594514846802 4.04059743881226 4.06582736968994 4.09574174880981 4.19823884963989 4.53090906143188 4.86688756942749 4.87299060821533 5.88891696929932 5.31606864929199 4.96704530715942 5.35446548461914 5.89749526977539 5.90146350860596 6.42023277282715 7.30100011825562 8.91230010986328 8.89345932006836 8.12838649749756 8.10112762451172 8.87369728088379 8.89668560028076 10.5971746444702 12.5322198867798 16.6005210876465 18.7627925872803 22.3053512573242 21.4417247772217 22.3809223175049 26.4037094116211 26.4219799041748 29.1773643493652 29.8820858001709 30.0585765838623 30.2304306030273 30.4915351867676 30.7404518127441 30.7545299530029 30.9982757568359 31.1464862823486 31.1557331085205
-9999 -9999 -9999 -9999 30.5097045898438 30.5777378082275 30.473669052124 30.4725799560547 30.5915355682373 28.2458534240723 25.4900684356689 20.4997100830078 7.29216766357422 5.31023406982422 4.63669395446777 4.21098661422729 4.19873905181885 4.12318992614746 4.12339305877686 4.12340497970581 4.19834518432617 4.86690902709961 5.29992961883545 4.90782594680786 5.88940334320068 5.35621881484985 6.4194393157959 7.26421070098877 7.26622629165649 8.03813934326172 8.04353046417236 8.82332420349121 9.73460960388184 10.5220327377319 10.5341567993164 9.76072978973389 10.5540542602539 13.4993457794189 17.5949058532715 18.6896057128906 18.6844882965088 18.7093811035156 22.3580284118652 23.8570442199707 25.558895111084 27.1353969573975 29.1591377258301 29.9697666168213 30.1607093811035 30.2009391784668 30.4807472229004 30.4760704040527 31.0408821105957 31.0180244445801 31.0913124084473 31.1358642578125 31.1997756958008
-9999 -9999 -9999 -9999 -9999 30.5110836029053 30.5014820098877 30.4697933197021 30.5045948028564 29.8023910522461 27.3537750244141 24.0234107971191 17.8940143585205 10.7315378189087 6.45907068252563 5.90102195739746 4.63095045089722 4.3548731803894 4.50632238388062 4.35335397720337 4.53289461135864 5.88794851303101 6.43306541442871 6.43071413040161 7.26766109466553 8.0325288772583 8.80996131896973 8.80460929870605 8.03881072998047 8.0426197052002 9.68774700164795 10.5133609771729 12.3732948303223 12.3836221694946 13.4403066635132 13.4573736190796 12.4759769439697 15.5151100158691 17.578483581543 18.7024974822998 20.4489936828613 23.0934391021729 24.5702533721924 26.3854122161865 28.0624198913574 29.6121997833252 29.9878482818604 30.0177021026611 30.6221790313721 30.6303215026855 30.8825283050537 30.9044895172119 30.93039894104 31.0296173095703 31.0949268341064 31.2990570068359 30.9491558074951
-9999 -9999 -9999 -9999 -9999 -9999 30.4966125488281 30.7195415496826 30.6872100830078 29.50710105896 28.9802551269531 26.6824779510498 24.1059551239014 22.844482421875 18.8370723724365 15.8819665908813 8.93338394165039 7.29180717468262 5.89814853668213 5.89890432357788 5.89494037628174 8.83786010742188 8.83859920501709 8.03867435455322 9.6997013092041 10.5553646087646 10.5123014450073 10.5177888870239 11.4815645217896 10.5317640304565 9.7153434753418 12.3726148605347 14.4120101928711 17.472541809082 15.4988050460815 18.6406707763672 19.4770393371582 19.4962272644043 19.5462303161621 20.4425277709961 24.5841159820557 26.9918556213379 29.0447521209717 29.4942073822021 29.9230270385742 29.9889125823975 30.174409866333 30.2331485748291 30.6162281036377 30.8669719696045 30.9163551330566 30.9241638183594 31.0339393615723 30.5928573608398 31.179048538208 31.1467933654785 31.3341999053955
-9999 -9999 -9999 -9999 -9999 -9999 30.4942264556885 30.4822750091553 30.4803943634033 30.682165145874 29.5674743652344 28.2620506286621 27.2790660858154 27.1971454620361 24.7646045684814 23.4210815429688 22.2158832550049 20.423189163208 24.1133708953857 13.6536178588867 8.84445476531982 9.76144123077393 9.77901172637939 8.04601097106934 9.73798847198486 12.449517250061 12.457633972168 12.3949785232544 12.4126920700073 12.406397819519 12.3880271911621 14.4003095626831 18.6546115875244 17.5088691711426 22.1912593841553 24.4966411590576 24.4202270507812 23.7218914031982 23.7458209991455 26.9303970336914 29.4088401794434 29.4531841278076 29.9145412445068 30.181999206543 30.405876159668 30.54319190979 30.5292778015137 30.7776126861572 30.7540016174316 30.8574371337891 30.9051380157471 30.9268455505371 31.0076541900635 30.6551666259766 30.8591270446777 30.8880348205566 31.2954216003418
-9999 -9999 -9999 -9999 -9999 -9999 -9999 -9999 30.4784049987793 30.4757919311523 30.4303302764893 30.5509738922119 30.672082901001 30.543924331665 30.6783714294434 30.3119354248047 26.3112678527832 24.6373977661133 24.1403255462646 22.2140235900879 18.6460762023926 18.6399688720703 19.4438915252686 14.6017427444458 15.5667924880981 18.6413078308105 14.4500608444214 16.4852695465088 18.6306705474854 18.6403579711914 16.4958343505859 22.2571334838867 23.5767555236816 23.0222053527832 27.7367820739746 30.0991725921631 30.5545883178711 30.4521560668945 29.851411819458 29.872257232666 29.8872356414795 29.8945770263672 30.1936073303223 30.702672958374 30.7274379730225 30.6996688842773 30.7553386688232 30.7694873809814 30.5143337249756 30.4903621673584 30.6278648376465 30.6578941345215 30.717866897583 30.5942401885986 30.6186428070068 30.7377700805664 30.7310466766357
-9999 -9999 -9999 -9999 -9999 -9999 -9999 30.4715042114258 30.476490020752 -9999 30.4634227752686 30.4677276611328 30.4590473175049 30.4572772979736 30.4458675384521 30.4408187866211 30.4369621276855 26.4033050537109 26.4042453765869 24.8565616607666 24.8546237945557 24.2237453460693 23.5013523101807 24.143533706665 22.1248474121094 21.379711151123 19.4120407104492 19.4138164520264 21.3578929901123 22.2316646575928 23.5490550994873 24.3219699859619 27.5838584899902 25.1689624786377 30.2989978790283 30.3116970062256 30.5666980743408 30.209545135498 30.163501739502 30.1779689788818 30.1754531860352 30.3965072631836 30.5056934356689 30.3840961456299 30.3760395050049 30.3570518493652 30.3857593536377 30.4241180419922 30.4462642669678 30.4675159454346 30.5212345123291 30.5428600311279 30.5531311035156 30.5722980499268 30.6081848144531 30.6939487457275 30.6560859680176
-9999 -9999 -9999 -9999 -9999 -9999 -9999 -9999 -9999 -9999 -9999 -9999 -9999 -9999 -9999 -9999 30.4156742095947 30.4163341522217 24.8552837371826 25.6350975036621 30.6201286315918 30.5613689422607 25.7753372192383 25.754566192627 25.0027465820312 25.0176639556885 24.2114505767822 21.3984336853027 22.8876094818115 28.7727603912354 26.5613384246826 28.5725440979004 29.362964630127 30.547737121582 30.262659072876 30.2959728240967 29.9882545471191 30.3186016082764 30.3501987457275 30.3524227142334 30.4331169128418 30.3534698486328 30.5948467254639 30.721996307373 30.3835639953613 30.4218864440918 30.424144744873 30.433780670166 30.4990310668945 -9999 -9999 -9999 -9999 30.5771255493164 30.5915184020996 30.6337547302246 30.6465473175049
-9999 -9999 -9999 -9999 -9999 -9999 -9999 -9999 -9999 -9999 -9999 -9999 -9999 -9999 -9999 -9999 -9999 30.4127368927002 30.3984375 30.3972759246826 30.4069919586182 30.349422454834 29.8323192596436 27.423397064209 26.5242652893066 27.2922172546387 27.3438282012939 27.3972244262695 28.5078983306885 29.1635456085205 30.4549732208252 30.310884475708 30.2954635620117 30.2537593841553 30.2525253295898 30.2156314849854 30.1217975616455 30.4908599853516 30.4237060546875 30.5186576843262 30.6119709014893 30.5828113555908 30.695629119873 30.3139553070068 30.3736324310303 -9999 -9999 -9999 -9999 -9999 -9999 -9999 -9999 30.5781917572021 30.5925235748291 30.6396198272705 30.7152500152588
-9999 -9999 -9999 -9999 -9999 -9999 -9999 -9999 -9999 -9999 -9999 -9999 -9999 -9999 -9999 -9999 -9999 -9999 -9999 -9999 30.4027500152588 30.3939781188965 30.4259052276611 30.1158485412598 29.8724479675293 29.8016242980957 30.1140651702881 30.2424755096436 30.450267791748 29.6949214935303 30.3096504211426 30.2861175537109 30.2775440216064 29.3300704956055 27.5860900878906 29.8715648651123 30.3232307434082 30.3168754577637 30.3208770751953 30.3316345214844 30.3406505584717 30.3419628143311 30.355504989624 30.3691349029541 -9999 -9999 -9999 -9999 -9999 -9999 -9999 -9999 -9999 -9999 -9999 30.6271381378174 30.6620998382568
-9999 -9999 -9999 -9999 -9999 -9999 -9999 -9999 -9999 -9999 -9999 -9999 -9999 -9999 -9999 -9999 -9999 -9999 -9999 -9999 -9999 30.3826560974121 30.3814449310303 30.4966831207275 30.1099071502686 30.1067714691162 30.1487083435059 30.5706596374512 30.2783393859863 30.255615234375 28.6354503631592 30.5479202270508 30.3158721923828 30.3132991790771 30.3012619018555 30.2991218566895 -9999 -9999 -9999 -9999 30.3398113250732 -9999 -9999 -9999 -9999 -9999 -9999 -9999 -9999 -9999 -9999 -9999 -9999 -9999 -9999 -9999 -9999
-9999 -9999 -9999 -9999 -9999 -9999 -9999 -9999 -9999 -9999 -9999 -9999 -9999 -9999 -9999 -9999 -9999 -9999 -9999 -9999 -9999 -9999 30.3709602355957 30.4844493865967 30.2658863067627 30.0936832427979 30.2679405212402 30.567850112915 30.2836246490479 30.327091217041 30.3234996795654 30.3194847106934 30.3051357269287 30.3047618865967 30.3021793365479 -9999 -9999 -9999 -9999 -9999 -9999 -9999 -9999 -9999 -9999 -9999 -9999 -9999 -9999 -9999 -9999 -9999 -9999 -9999 -9999 -9999 -9999
-9999 -9999 -9999 -9999 -9999 -9999 -9999 -9999 -9999 -9999 -9999 -9999 -9999 -9999 -9999 -9999 -9999 -9999 -9999 -9999 -9999 -9999 -9999 30.3546504974365 30.46826171875 30.290563583374 30.3327808380127 30.3312187194824 30.3233165740967 30.3249988555908 -9999 30.3094043731689 -9999 -9999 -9999 -9999 -9999 -9999 -9999 -9999 -9999 -9999 -9999 -9999 -9999 -9999 -9999 -9999 -9999 -9999 -9999 -9999 -9999 -9999 -9999 -9999 -9999
-9999 -9999 -9999 -9999 -9999 -9999 -9999 -9999 -9999 -9999 -9999 -9999 -9999 -9999 -9999 -9999 -9999 -9999 -9999 -9999 -9999 -9999 -9999 -9999 30.3442802429199 30.3402442932129 -9999 -9999 -9999 -9999 -9999 -9999 -9999 -9999 -9999 -9999 -9999 -9999 -9999 -9999 -9999 -9999 -9999 -9999 -9999 -9999 -9999 -9999 -9999 -9999 -9999 -9999 -9999 -9999 -9999 -9999 -9999
-9999 -9999 -9999 -9999 -9999 -9999 -9999 -9999 -9999 -9999 -9999 -9999 -9999 -9999 -9999 -9999 -9999 -9999 -9999 -9999 -9999 -9999 -9999 -9999 -9999 -9999 -9999 -9999 -9999 -9999 -9999 -9999 -9999 -9999 -9999 -9999 -9999 -9999 -9999 -9999 -9999 -9999 -9999 -9999 -9999 -9999 -9999 -9999 -9999 -9999 -9999 -9999 -9999 -9999 -9999 -9999 -9999
-9999 -9999 -9999 -9999 -9999 -9999 -9999 -9999 -9999 -9999 -9999 -9999 -9999 -9999 -9999 -9999 -9999 -9999 -9999 -9999 -9999 -9999 -9999 -9999 -9999 -9999 -9999 -9999 -9999 -9999 -9999 -9999 -9999 -9999 -9999 -9999 -9999 -9999 -9999 -9999 -9999 -9999 -9999 -9999 -9999 -9999 -9999 -9999 -9999 -9999 -9999 -9999 -9999 -9999 -9999 -9999 -9999
