G_variables/Set1/RCP6_2050/Min_tem_max.asc
NCOLS 229 
NROWS 147 
XLLCORNER -101.25 
YLLCORNER 14.3333333333333 
CELLSIZE 0.0833333333333333 
NODATA_value -9999 
[rows 0 to 25 of 147, columns 114 to 170 of 229]
-9999 -9999 -9999 -9999 -9999 -9999 -9999 -9999 -9999 -9999 -9999 -9999 -9999 -9999 -9999 -9999 -9999 -9999 -9999 -9999 -9999 -9999 -9999 -9999 -9999 -9999 -9999 -9999 -9999 -9999 -9999 -9999 -9999 -9999 -9999 -9999 -9999 -9999 -9999 -9999 -9999 -9999 -9999 -9999 -9999 -9999 -9999 -9999 -9999 -9999 -9999 -9999 -9999 -9999 -9999 -9999 -9999
-9999 -9999 -9999 -9999 -9999 -9999 -9999 -9999 -9999 -9999 -9999 -9999 -9999 -9999 -9999 -9999 -9999 -9999 -9999 -9999 -9999 -9999 -9999 -9999 -9999 -9999 -9999 -9999 -9999 -9999 -9999 -9999 -9999 -9999 -9999 -9999 -9999 -9999 -9999 -9999 -9999 -9999 -9999 -9999 -9999 -9999 -9999 -9999 -9999 -9999 -9999 -9999 -9999 -9999 -9999 -9999 -9999
-9999 -9999 -9999 -9999 -9999 -9999 -9999 -9999 -9999 -9999 -9999 -9999 -9999 -9999 -9999 -9999 -9999 -9999 -9999 -9999 -9999 -9999 -9999 -9999 -9999 -9999 -9999 -9999 -9999 -9999 -9999 -9999 -9999 -9999 -9999 -9999 -9999 -9999 -9999 -9999 -9999 -9999 -9999 -9999 -9999 -9999 -9999 -9999 -9999 -9999 -9999 -9999 -9999 -9999 -9999 -9999 3.93690299987793
-9999 -9999 -9999 -9999 -9999 -9999 -9999 -9999 -9999 -9999 -9999 -9999 -9999 -9999 -9999 -9999 -9999 -9999 -9999 -9999 -9999 -9999 -9999 -9999 -9999 -9999 -9999 -9999 -9999 -9999 -9999 -9999 -9999 -9999 -9999 -9999 -9999 -9999 -9999 -9999 -9999 -9999 -9999 -9999 -9999 -9999 -9999 -9999 -9999 -9999 -9999 -9999 -9999 -9999 3.9384446144104 3.93831062316895 3.93767595291138
-9999 -9999 -9999 -9999 -9999 -9999 -9999 -9999 -9999 -9999 -9999 -9999 -9999 -9999 -9999 -9999 -9999 -9999 -9999 -9999 -9999 -9999 -9999 -9999 -9999 -9999 -9999 -9999 -9999 -9999 -9999 -9999 -9999 -9999 -9999 -9999 -9999 -9999 -9999 -9999 -9999 -9999 -9999 -9999 -9999 -9999 -9999 -9999 -9999 -9999 -9999 -9999 -9999 3.93871283531189 3.93859171867371 3.9385678768158 3.97140908241272
-9999 -9999 -9999 -9999 -9999 -9999 -9999 -9999 -9999 -9999 -9999 -9999 -9999 -9999 -9999 -9999 -9999 -9999 -9999 -9999 -9999 -9999 -9999 -9999 -9999 -9999 -9999 -9999 -9999 -9999 -9999 -9999 -9999 -9999 -9999 -9999 -9999 -9999 -9999 -9999 -9999 -9999 -9999 -9999 -9999 -9999 -9999 -9999 -9999 -9999 -9999 3.93907451629639 3.9389226436615 3.97203397750854 3.97203397750854 3.97173404693604 3.97161531448364
-9999 -9999 -9999 -9999 -9999 -9999 -9999 -9999 -9999 -9999 -9999 -9999 -9999 -9999 -9999 -9999 -9999 -9999 -9999 -9999 -9999 -9999 -9999 -9999 -9999 -9999 -9999 -9999 -9999 -9999 -9999 -9999 -9999 -9999 -9999 -9999 -9999 -9999 -9999 -9999 -9999 -9999 -9999 -9999 -9999 -9999 -9999 -9999 -9999 -9999 3.93921637535095 3.97256326675415 3.97225022315979 3.97223949432373 3.97208094596863 3.97157740592957 3.97167539596558
-9999 -9999 -9999 -9999 -9999 -9999 -9999 -9999 -9999 -9999 -9999 -9999 -9999 -9999 -9999 -9999 -9999 -9999 -9999 -9999 -9999 -9999 -9999 -9999 -9999 -9999 -9999 -9999 -9999 -9999 -9999 -9999 -9999 -9999 -9999 -9999 -9999 -9999 -9999 -9999 -9999 -9999 -9999 -9999 -9999 -9999 -9999 -9999 3.97365689277649 3.97314763069153 3.97323966026306 3.9725124835968 3.97233843803406 3.97217440605164 3.97195959091187 3.97173118591309 3.97167372703552
-9999 -9999 -9999 -9999 -9999 -9999 -9999 -9999 -9999 -9999 -9999 -9999 -9999 -9999 -9999 -9999 -9999 -9999 -9999 -9999 -9999 -9999 -9999 -9999 -9999 -9999 -9999 -9999 -9999 -9999 -9999 -9999 -9999 -9999 -9999 -9999 -9999 -9999 -9999 -9999 -9999 -9999 -9999 -9999 -9999 -9999 -9999 3.97421717643738 3.97368693351746 3.97353386878967 3.97290015220642 3.97291564941406 3.97254753112793 3.97236394882202 3.97200465202332 3.97161912918091 3.97137880325317
-9999 -9999 -9999 -9999 -9999 -9999 -9999 -9999 -9999 -9999 -9999 -9999 -9999 -9999 -9999 -9999 -9999 -9999 -9999 -9999 -9999 -9999 -9999 -9999 -9999 -9999 -9999 -9999 -9999 -9999 -9999 -9999 -9999 -9999 -9999 -9999 -9999 -9999 -9999 -9999 -9999 -9999 -9999 3.9763720035553 3.97542786598206 3.97457075119019 3.97444605827332 3.97425699234009 3.97356033325195 3.97344827651978 3.97301530838013 3.97250175476074 3.97227025032043 3.97213506698608 3.97095227241516 3.96994233131409 3.97010326385498
3.95188498497009 3.98194980621338 3.98140335083008 3.96994543075562 3.98069024085999 3.98162341117859 -9999 -9999 -9999 -9999 -9999 -9999 -9999 -9999 -9999 -9999 -9999 -9999 -9999 -9999 -9999 -9999 -9999 -9999 -9999 -9999 -9999 -9999 -9999 -9999 -9999 -9999 -9999 -9999 -9999 -9999 -9999 -9999 -9999 3.97872400283813 3.97867298126221 3.97816801071167 3.97697377204895 3.97701668739319 3.97642850875854 3.97510886192322 3.97510147094727 3.97446441650391 3.97391223907471 3.97276520729065 3.97190976142883 3.96565890312195 3.96587824821472 3.96842455863953 3.97346472740173 3.97310709953308 3.96804237365723
3.98185777664185 3.98169541358948 3.98043537139893 3.97227454185486 3.97998905181885 3.98151445388794 3.98195576667786 3.98181056976318 3.98176980018616 3.98419594764709 3.984290599823 3.98157167434692 3.9842541217804 3.98391056060791 -9999 -9999 -9999 -9999 -9999 -9999 -9999 -9999 -9999 -9999 -9999 -9999 -9999 -9999 -9999 -9999 -9999 -9999 -9999 -9999 -9999 -9999 3.97923016548157 3.97898077964783 3.97966718673706 3.97946834564209 3.97884035110474 3.9777889251709 3.97761368751526 3.97765564918518 3.97619795799255 3.97600030899048 3.97605490684509 3.97391271591187 3.97196197509766 3.97214007377625 3.97417950630188 3.9742739200592 3.97397613525391 3.97402739524841 3.97381567955017 3.97371339797974 3.9731502532959
3.98172688484192 3.98146414756775 3.97261762619019 3.97627806663513 3.98168635368347 3.98229289054871 3.98228359222412 3.98300504684448 3.98218154907227 3.98419809341431 3.99729561805725 3.99716758728027 3.9972562789917 3.99691486358643 3.99729132652283 3.9972813129425 3.98190498352051 -9999 3.98252439498901 3.98174071311951 3.98158025741577 3.98138642311096 3.98144626617432 3.98100018501282 3.98136258125305 3.98157501220703 3.98157954216003 3.9815149307251 3.98119592666626 3.98161029815674 3.98149943351746 3.98191738128662 3.98196339607239 3.98173403739929 3.98030233383179 3.97129511833191 3.97888398170471 3.97732019424438 3.97764205932617 3.97839379310608 3.9781334400177 3.97829174995422 3.97055554389954 3.97156429290771 3.97362971305847 3.97342753410339 3.97224903106689 3.97327756881714 3.97534155845642 3.97054290771484 3.97464823722839 3.97490787506104 3.9743230342865 3.97411322593689 3.97374296188354 3.97355961799622 3.97355985641479
3.98218607902527 3.97593760490417 3.96445941925049 3.98117303848267 3.98307967185974 3.98307013511658 3.98328375816345 3.98333358764648 3.98270535469055 3.99759364128113 3.99729633331299 3.99768090248108 3.99745297431946 3.99729442596436 3.99753880500793 3.99749231338501 3.99731397628784 3.98206448554993 3.98189544677734 3.98223876953125 3.98214149475098 3.98249483108521 3.98225855827332 3.98269200325012 3.98231768608093 3.98297905921936 3.98299837112427 3.98280787467957 3.98313593864441 3.98271322250366 3.98251891136169 3.9835147857666 3.98217678070068 3.98201823234558 3.98233723640442 3.9812343120575 3.98128700256348 3.98090243339539 3.98090934753418 3.98050546646118 3.97970056533813 3.97896838188171 3.97863936424255 3.97813773155212 3.97676157951355 3.97580623626709 3.97577810287476 3.9758996963501 3.97598743438721 3.97510457038879 3.97500061988831 3.97432351112366 3.97438859939575 3.97416615486145 3.97393894195557 3.9734890460968 3.97336745262146
3.9760959148407 3.97728419303894 3.98346090316772 3.98461985588074 3.9836540222168 3.98315691947937 3.98366212844849 3.98332810401917 3.98454904556274 3.99759483337402 3.99797987937927 3.99768257141113 3.99745512008667 3.99762225151062 3.99710035324097 3.99654221534729 3.9975962638855 3.99745321273804 3.98473143577576 3.98265838623047 3.9833996295929 3.98327708244324 3.98292756080627 3.9837052822113 3.98301959037781 3.98309516906738 3.98365688323975 3.98329901695251 3.98325753211975 3.98334336280823 3.98334074020386 3.98360276222229 3.98303961753845 3.98273491859436 3.98270487785339 3.98140215873718 3.98142266273499 3.9810004234314 3.98194313049316 3.98065638542175 3.98008966445923 3.97987198829651 3.97862148284912 3.97956657409668 3.97767281532288 3.97732496261597 3.97706890106201 3.97609496116638 3.97613549232483 3.97510576248169 3.97516345977783 3.97490692138672 3.97407245635986 3.97419261932373 3.9737184047699 3.97358441352844 3.97336149215698
3.98343634605408 3.98468470573425 3.98497295379639 3.98534655570984 3.98541188240051 3.98589086532593 3.98619484901428 3.98614692687988 3.99801301956177 3.99808049201965 3.99852180480957 3.99768400192261 3.99774098396301 3.99315619468689 3.99328756332397 3.99334239959717 3.99313616752625 3.99772000312805 3.9977388381958 3.99744606018066 3.99808478355408 3.99797081947327 3.9977650642395 3.98490238189697 3.98485779762268 3.98491549491882 3.9842324256897 3.98410987854004 3.98405528068542 3.98402905464172 3.98373007774353 3.98379445075989 3.98378372192383 3.9827241897583 3.98344230651855 3.98259568214417 3.98242783546448 3.9827938079834 3.98181891441345 3.98183631896973 3.98102736473083 3.98101758956909 3.9805645942688 3.97974371910095 3.9784140586853 3.97788119316101 3.9771409034729 3.97606110572815 3.97641706466675 3.97555184364319 3.97516393661499 3.97500324249268 3.97417950630188 3.9742124080658 3.97354698181152 3.97336053848267 3.97335886955261
3.98587942123413 3.98625731468201 3.98724102973938 3.98620176315308 3.9861102104187 3.98639321327209 3.98662662506104 3.98534750938416 3.99824261665344 3.99830722808838 3.99815368652344 3.9983012676239 3.99322128295898 3.99412608146667 3.99432635307312 3.99465465545654 3.99450731277466 3.9981164932251 3.99336051940918 3.99795055389404 3.99808835983276 3.99797677993774 3.99776673316956 3.99828481674194 3.99832773208618 3.99846386909485 3.9992880821228 3.98574781417847 3.98590493202209 3.98471307754517 3.98461985588074 3.98624467849731 3.99978494644165 3.98423266410828 3.9862425327301 3.98624300956726 3.98624801635742 3.98364591598511 4.00023746490479 4.00023746490479 4.00002479553223 3.99981188774109 3.98682475090027 3.97946333885193 3.97945618629456 3.97758603096008 3.97725462913513 3.97698163986206 3.97622013092041 3.97559690475464 3.9755711555481 3.9747908115387 3.9748547077179 3.97404026985168 3.97355914115906 3.97335767745972 3.97340106964111
3.98663949966431 3.98675537109375 3.98660278320312 3.98793172836304 3.99840116500854 3.9984929561615 3.99855828285217 3.99838304519653 3.99847292900085 3.99861598014832 3.99832534790039 3.99830198287964 3.99375081062317 3.99399280548096 3.99423718452454 3.99432182312012 3.99425220489502 3.99840497970581 3.99483966827393 3.99872231483459 3.99933385848999 3.99945330619812 3.99943280220032 3.99954175949097 3.9996178150177 3.99861788749695 3.99872636795044 3.99945259094238 3.99945163726807 3.99944734573364 3.99989986419678 3.99991416931152 3.99991416931152 3.99991345405579 3.98539447784424 4.00045919418335 4.00045919418335 4.00024080276489 4.00024175643921 4.00078773498535 4.000572681427 3.98682570457458 3.98041009902954 3.98660445213318 3.97925138473511 3.97853541374207 3.978031873703 3.97709679603577 3.97697305679321 3.97607088088989 3.97544074058533 3.9748592376709 3.9748227596283 3.97452664375305 3.97356295585632 3.97340488433838 3.97341823577881
3.99841594696045 3.99844193458557 3.99840116500854 3.99812412261963 3.99848246574402 3.99828052520752 3.99869585037231 3.99917054176331 3.99887561798096 3.99890542030334 3.99446082115173 3.99424958229065 3.99447846412659 3.99519848823547 3.99491906166077 3.99520874023438 3.99491930007935 3.99485969543457 3.99482417106628 3.99553203582764 3.99486541748047 3.99541139602661 3.99561333656311 4.00003242492676 3.99556970596313 4.00044393539429 4.00007438659668 4.00015878677368 4.00065517425537 4.00065612792969 4.00102424621582 4.00135374069214 3.99991583824158 3.99991679191589 3.98691034317017 4.00100708007812 4.00100708007812 4.00078916549683 4.00078916549683 4.00057697296143 4.00057363510132 4.00035905838013 4.00035762786865 3.98661041259766 3.97997045516968 3.97890758514404 3.97803497314453 3.97691440582275 3.96794366836548 3.94613003730774 3.97530889511108 3.97478556632996 3.97498369216919 3.97439575195312 3.97334456443787 3.97341370582581 3.97314071655273
3.99824953079224 3.99916744232178 3.99865198135376 3.99865317344666 3.99900126457214 3.99873185157776 3.99881720542908 3.99559497833252 3.99475264549255 3.99489331245422 3.99508786201477 3.99484729766846 3.99511957168579 3.99508166313171 3.99498248100281 3.99556541442871 3.9957640171051 3.99532675743103 3.99519968032837 4.00086736679077 4.00097179412842 3.99628162384033 3.99121689796448 3.99091958999634 4.00066757202148 3.99595546722412 4.00042152404785 4.00146150588989 4.00146055221558 4.00173759460449 4.00173759460449 4.00201177597046 4.00228214263916 4.00229406356812 4.00191354751587 4.00191307067871 4.00191211700439 4.00169372558594 4.00078916549683 4.00057506561279 4.00035619735718 3.95316433906555 3.9812388420105 3.95546174049377 3.98034453392029 3.96156716346741 3.96725869178772 3.96635627746582 3.97619962692261 3.97444081306458 3.96543884277344 3.97561144828796 3.97484016418457 3.97463631629944 3.97375631332397 3.97350811958313 3.97340798377991
3.9946608543396 3.99496269226074 3.99561810493469 3.99569320678711 3.99591612815857 3.99550104141235 3.99563360214233 3.99593329429626 3.99571561813354 3.99590611457825 3.99610567092896 3.99935626983643 3.9989333152771 3.99655222892761 3.99682426452637 3.99733734130859 3.99679589271545 3.99667596817017 3.99672436714172 4.00111150741577 4.00118494033813 3.99680638313293 3.9922788143158 3.992600440979 4.00104570388794 3.9969470500946 3.99746918678284 3.99735546112061 3.99751877784729 3.99755001068115 3.99781918525696 4.00227880477905 4.00227642059326 4.00229549407959 4.00229501724243 4.00229501724243 4.00097703933716 4.00097560882568 4.00097370147705 3.98983478546143 3.99927639961243 4.01194477081299 4.00395822525024 3.97261023521423 3.99905467033386 3.99343156814575 3.99140572547913 4.00803470611572 4.00760459899902 4.00377035140991 3.98658180236816 3.99531364440918 3.96173143386841 3.96053528785706 3.97388410568237 3.97342824935913 3.97333192825317
3.99589610099792 3.99583649635315 3.99612307548523 3.9963743686676 3.99622869491577 3.9966676235199 3.99653887748718 3.99650025367737 3.99650001525879 3.99926400184631 3.99883222579956 3.9992778301239 3.99909090995789 3.99895691871643 3.99910116195679 4.00003004074097 4.00223541259766 3.99731922149658 3.99730920791626 4.00094556808472 3.99761128425598 3.99753570556641 4.00210952758789 4.00165891647339 4.00097751617432 4.00097227096558 3.99689841270447 3.99691605567932 3.99711728096008 3.99711489677429 3.99710965156555 4.00155878067017 4.00155878067017 3.99785327911377 3.99675107002258 4.00119638442993 4.00097799301147 4.00097608566284 4.00076150894165 3.99289727210999 4.01337194442749 4.0871057510376 4.06414413452148 4.02277994155884 4.01142835617065 4.00924396514893 4.02990961074829 4.06429004669189 4.06431818008423 4.0295581817627 4.02953577041626 4.00752019882202 4.0027871131897 3.99371194839478 3.99309015274048 3.9493396282196 3.9482262134552
3.99626803398132 3.99742770195007 3.9971227645874 3.99714922904968 3.99723172187805 3.99770665168762 3.99708414077759 3.99704670906067 3.99978399276733 3.99877619743347 3.99894309043884 3.99919676780701 3.99930810928345 3.99933099746704 2.8435173034668 3.99921941757202 3.99975371360779 3.99759101867676 3.99764060974121 3.99732494354248 3.99807691574097 3.99797058105469 3.99799752235413 3.99780964851379 3.99754762649536 3.99745726585388 3.9972448348999 3.99726843833923 3.99712347984314 3.99711513519287 3.99711012840271 3.99711132049561 3.99711990356445 3.9971330165863 3.99714803695679 3.9972813129425 4.0013575553894 4.00135564804077 3.98757672309875 4.01486206054688 4.07827091217041 4.08667135238647 4.08655595779419 4.06432294845581 4.03110408782959 4.03108596801758 4.0777850151062 4.13864660263062 4.07883930206299 4.03050327301025 4.05554866790771 4.05567169189453 4.05195474624634 4.02966976165771 4.00453186035156 4.00403928756714 4.00684690475464
3.99610900878906 3.99637913703918 3.99652886390686 3.99637246131897 3.99985146522522 3.99815392494202 3.99897599220276 3.99878001213074 3.99782013893127 3.99796104431152 3.99806189537048 3.9988579750061 3.99910521507263 3.99912929534912 3.96016597747803 3.99936318397522 3.99845051765442 3.99876761436462 3.99886178970337 3.99801421165466 3.9985032081604 4.00037479400635 3.99793219566345 3.99792909622192 3.99804973602295 3.99787878990173 3.99756073951721 3.99759197235107 3.9974148273468 4.00092792510986 3.99741411209106 3.99759340286255 3.99766516685486 3.99774432182312 3.99765038490295 3.99762964248657 3.99749732017517 4.00146007537842 4.05259275436401 4.08703994750977 4.1378493309021 4.19972467422485 4.19888496398926 4.06499767303467 4.1365704536438 4.40884113311768 4.21373605728149 4.20352697372437 4.1396484375 4.14087677001953 4.14287805557251 4.08918619155884 4.08109474182129 4.0671854019165 4.02864217758179 4.05509996414185 4.06707954406738
3.99596881866455 3.99635148048401 3.9961473941803 3.99573826789856 3.99662733078003 3.99653053283691 3.99672889709473 3.99715137481689 3.99740266799927 3.99799370765686 3.99841785430908 3.99849700927734 3.99849796295166 3.99863624572754 3.99868202209473 3.99937963485718 4.00050020217896 3.99942207336426 3.99951696395874 3.99992823600769 3.99952793121338 3.99981474876404 3.99902987480164 3.99873495101929 3.99817299842834 3.99794054031372 3.99785971641541 3.99819469451904 4.0022292137146 4.00222396850586 4.0022292137146 3.99793672561646 3.99793767929077 4.0004677772522 3.99853873252869 3.99817848205566 3.9979841709137 4.00181198120117 4.05251789093018 4.13739585876465 4.22932004928589 4.22899484634399 5.77458429336548 6.7349066734314 5.81682014465332 4.243492603302 4.41429424285889 4.41614198684692 4.42508697509766 4.25036764144897 4.24580907821655 4.15781879425049 4.14624929428101 4.09003353118896 4.09003353118896 4.09059906005859 4.11187267303467
3.99625968933105 3.99647736549377 3.99633622169495 3.99643230438232 3.99676203727722 3.99665403366089 3.99686217308044 3.99727535247803 3.99739480018616 3.99777269363403 3.99794840812683 3.99850535392761 3.99864101409912 3.99864554405212 3.99865794181824 3.99891805648804 4.00048685073853 4.00036239624023 4.00020790100098 4.00125122070312 4.00123119354248 3.99987864494324 4.00013875961304 3.99914836883545 3.99893522262573 3.99877715110779 3.9983184337616 3.99837517738342 3.99813270568848 4.00218534469604 3.99824833869934 3.99826002120972 3.99816942214966 3.99833798408508 3.99853897094727 4.00089454650879 3.99876856803894 3.99826884269714 4.03194570541382 4.13581228256226 4.22597599029541 4.2283501625061 4.15030288696289 5.78214693069458 6.68696117401123 6.72455596923828 6.72440242767334 6.86020851135254 5.25735759735107 5.2342209815979 4.68249464035034 4.45044755935669 4.41630697250366 4.26117610931396 4.22614574432373 4.15028095245361 4.15151405334473
