G_variables/Set1/RCP6_2050/Min_tem_max.asc
NCOLS 229 
NROWS 147 
XLLCORNER -101.25 
YLLCORNER 14.3333333333333 
CELLSIZE 0.0833333333333333 
NODATA_value -9999 
[rows 78 to 103 of 147, columns 171 to 227 of 229]
5.21755886077881 4.78966045379639 4.51348829269409 4.79438829421997 14.5784969329834 15.8514165878296 9.4640588760376 10.761773109436 4.32152652740479 3.65522050857544 3.62887740135193 3.62081003189087 3.5974645614624 3.59750699996948 3.59750771522522 3.59767889976501 3.59766530990601 3.58916997909546 3.58916521072388 3.59766364097595 3.59766793251038 3.59528255462646 3.59762668609619 3.59762716293335 -9999 -9999 -9999 -9999 -9999 -9999 -9999 -9999 -9999 -9999 -9999 -9999 -9999 -9999 -9999 -9999 -9999 -9999 -9999 -9999 -9999 -9999 -9999 -9999 -9999 -9999 -9999 -9999 -9999 -9999 -9999 -9999 -9999
5.22166728973389 4.73566246032715 4.51349020004272 10.3776845932007 9.31336307525635 7.26509571075439 4.14013385772705 4.26623821258545 3.65466594696045 3.65966320037842 3.58898043632507 3.59752297401428 3.59752798080444 3.5977029800415 3.59770011901855 3.58918857574463 3.58918976783752 3.59506297111511 3.59530830383301 3.59767413139343 3.59767365455627 3.59528827667236 3.58968806266785 3.59113502502441 3.59762501716614 -9999 -9999 -9999 -9999 -9999 -9999 -9999 -9999 -9999 -9999 -9999 -9999 -9999 -9999 -9999 -9999 -9999 -9999 -9999 -9999 -9999 -9999 -9999 -9999 -9999 -9999 -9999 -9999 -9999 -9999 -9999 -9999
4.75714683532715 4.5065655708313 4.82434797286987 10.3509750366211 10.3181123733521 3.90588688850403 3.81615781784058 3.67890286445618 3.64313292503357 3.58925414085388 3.59753847122192 3.5975296497345 3.59769988059998 3.59770178794861 3.59770607948303 3.59769630432129 3.59770083427429 3.59769916534424 3.59769105911255 3.59770202636719 3.59768342971802 3.59767627716064 3.58985567092896 3.5918231010437 3.59543323516846 3.59779930114746 -9999 -9999 -9999 -9999 -9999 -9999 -9999 -9999 -9999 -9999 -9999 -9999 -9999 -9999 -9999 -9999 -9999 -9999 -9999 -9999 -9999 -9999 -9999 -9999 -9999 -9999 -9999 -9999 -9999 -9999 -9999
4.7760853767395 4.45939540863037 4.29770088195801 5.66294431686401 4.31104898452759 4.74705648422241 3.61601495742798 3.59822940826416 3.58905577659607 3.5975353717804 3.59771800041199 3.59771680831909 3.59770917892456 3.59771156311035 3.59771251678467 3.59771800041199 3.59772109985352 3.59771108627319 3.59771323204041 3.58946299552917 3.58930277824402 3.58970737457275 3.59785628318787 3.59785628318787 3.59785175323486 3.59782648086548 3.59779572486877 -9999 -9999 -9999 -9999 -9999 -9999 -9999 -9999 -9999 -9999 -9999 -9999 -9999 -9999 -9999 -9999 -9999 -9999 -9999 -9999 -9999 -9999 -9999 -9999 -9999 -9999 -9999 -9999 -9999 -9999
5.18385648727417 5.19240188598633 4.29648351669312 3.99209761619568 4.46297454833984 5.22773361206055 3.61582207679749 3.59753608703613 3.59753727912903 3.59771704673767 3.59660458564758 3.59772920608521 3.59772300720215 3.59772038459778 3.59771680831909 3.59771704673767 3.59023666381836 3.58224487304688 3.58932590484619 3.58954811096191 3.59048652648926 3.59789109230042 3.59787368774414 3.59786367416382 3.5978467464447 3.59784317016602 3.59783148765564 -9999 -9999 -9999 -9999 -9999 -9999 -9999 -9999 -9999 -9999 -9999 -9999 -9999 -9999 -9999 -9999 -9999 -9999 -9999 -9999 -9999 -9999 -9999 -9999 -9999 -9999 -9999 -9999 -9999 -9999
6.24292755126953 5.24194288253784 6.31533336639404 4.7211766242981 5.64977264404297 4.51306867599487 3.65879487991333 3.5977246761322 3.59511542320251 3.59799075126648 3.58917307853699 3.58922553062439 3.58947324752808 3.59773254394531 3.59773015975952 3.58944487571716 3.58931136131287 3.5823450088501 3.58238959312439 3.58954524993896 3.58971166610718 3.59789872169495 3.59788870811462 3.5978696346283 3.59786248207092 3.59783458709717 3.59783387184143 3.5896954536438 -9999 -9999 -9999 -9999 -9999 -9999 -9999 -9999 -9999 -9999 -9999 -9999 -9999 -9999 -9999 -9999 -9999 -9999 -9999 -9999 -9999 -9999 -9999 -9999 -9999 -9999 -9999 -9999 -9999
5.16509532928467 4.79456090927124 8.066086769104 5.13195371627808 4.29696989059448 3.98705196380615 3.58923697471619 3.58936166763306 3.58922100067139 3.59772324562073 3.58922791481018 3.58947205543518 3.5871889591217 3.59772729873657 3.59773087501526 3.5979015827179 3.59791016578674 3.59022951126099 3.58675146102905 3.58949756622314 3.58973455429077 3.59792733192444 3.59790945053101 3.59788489341736 3.58968424797058 3.59574866294861 3.59786868095398 3.59784269332886 3.59782433509827 3.59779715538025 3.59791898727417 3.59787559509277 -9999 -9999 -9999 -9999 -9999 -9999 -9999 -9999 -9999 -9999 -9999 -9999 -9999 -9999 -9999 -9999 -9999 -9999 -9999 -9999 -9999 -9999 -9999 -9999 -9999
4.12818145751953 3.98726749420166 3.75689649581909 3.64262843132019 3.6287305355072 3.5979950428009 3.59773969650269 3.59773230552673 3.59773445129395 3.59536576271057 3.58949255943298 3.58947467803955 3.59773182868958 3.59773468971252 3.59791278839111 3.58951902389526 3.59185099601746 3.58950257301331 3.58959174156189 3.58940577507019 3.59792137145996 3.59791684150696 3.59790968894958 3.58971858024597 3.58947920799255 3.58971786499023 3.58971333503723 3.59572601318359 3.5979597568512 3.59795999526978 3.59567046165466 3.5956015586853 3.59757900238037 3.5975387096405 3.59549927711487 3.58952116966248 3.62980937957764 3.65596342086792 3.65598559379578 -9999 -9999 -9999 -9999 -9999 -9999 -9999 -9999 -9999 -9999 -9999 -9999 -9999 -9999 -9999 -9999 -9999 -9999
4.13633871078491 4.12940502166748 3.70813322067261 3.64175534248352 3.62810206413269 3.59773850440979 3.59773588180542 3.59773588180542 3.59773874282837 3.59773135185242 3.59773087501526 3.59773278236389 3.59790635108948 3.58950567245483 3.5894923210144 3.5894832611084 3.58988308906555 3.5896430015564 3.59035921096802 3.59795689582825 3.5979311466217 3.59793066978455 3.59790921211243 3.59177327156067 3.58972096443176 3.589674949646 3.58947372436523 3.58968138694763 3.59768104553223 3.59766101837158 3.58966326713562 3.59562563896179 3.59759831428528 3.59754991531372 3.62217903137207 3.62911319732666 3.65689873695374 3.64912390708923 3.64892530441284 3.65764737129211 3.65531897544861 3.65500831604004 3.65577745437622 -9999 -9999 -9999 -9999 -9999 -9999 -9999 -9999 -9999 -9999 -9999 -9999 -9999 -9999
4.12457513809204 4.12609052658081 3.70818018913269 3.62061405181885 3.59819793701172 3.59773778915405 3.59774327278137 3.59774732589722 3.59775018692017 3.59774541854858 3.59791922569275 3.59791445732117 3.59792494773865 3.58952116966248 3.58964037895203 3.59791874885559 3.58965158462524 3.58963394165039 3.59793972969055 3.58975005149841 3.59580755233765 3.59793281555176 3.5957977771759 3.59139394760132 3.58994817733765 3.5897479057312 3.59071254730225 3.59571409225464 3.59768390655518 3.59799337387085 3.62278342247009 3.59536623954773 3.5973653793335 3.58936071395874 3.62907528877258 3.6522581577301 3.61974215507507 3.62136054039001 3.62076282501221 3.65610861778259 3.65071654319763 3.65144824981689 3.61899399757385 3.61910080909729 -9999 -9999 -9999 -9999 -9999 -9999 -9999 -9999 -9999 -9999 -9999 -9999 -9999
4.74006175994873 4.23857641220093 3.63421416282654 3.595130443573 3.59775018692017 3.59774947166443 3.59775519371033 3.59775519371033 3.59792375564575 3.59792518615723 3.59793043136597 3.59792351722717 3.59792423248291 3.59792160987854 3.59792256355286 3.59792590141296 3.59792351722717 3.59794306755066 3.58979105949402 3.59803795814514 3.5895094871521 3.58958315849304 3.59580206871033 3.58978295326233 3.58972501754761 3.59573888778687 3.59003686904907 3.58993577957153 3.58969783782959 3.59801554679871 3.62213468551636 3.65031862258911 3.64599800109863 3.65628957748413 3.64592218399048 3.62168550491333 3.67188000679016 3.69314122200012 3.66483473777771 3.64320182800293 3.65578174591064 3.65141248703003 3.65624046325684 3.62638545036316 3.62603235244751 -9999 -9999 -9999 -9999 -9999 -9999 -9999 -9999 -9999 -9999 -9999 -9999
26.4953479766846 6.25283193588257 3.80877137184143 3.58957076072693 3.59774899482727 3.59538388252258 3.59555602073669 3.59792566299438 3.59793090820312 3.59793019294739 3.59792923927307 3.5979266166687 3.59791994094849 3.59791922569275 3.5979278087616 3.59792947769165 3.59792828559875 3.59792399406433 3.58978080749512 3.58976864814758 3.5895082950592 3.59781360626221 3.59775948524475 3.59775924682617 3.59775924682617 3.59574222564697 3.59248733520508 3.59239554405212 3.58967328071594 3.64262127876282 3.630526304245 3.64656138420105 3.64589619636536 3.62035846710205 3.61306667327881 3.62965226173401 3.7221143245697 3.74144911766052 3.69780898094177 3.64257645606995 3.62742042541504 3.62707662582397 3.61248850822449 3.62755608558655 3.63051199913025 3.61708450317383 -9999 -9999 -9999 -9999 -9999 -9999 -9999 -9999 -9999 -9999 -9999
18.9767398834229 5.12987756729126 3.80819964408875 3.59847164154053 3.59555864334106 3.59556221961975 3.59555602073669 3.59792304039001 3.59792137145996 3.59792351722717 3.59792470932007 3.59792590141296 3.59792613983154 3.59792947769165 3.59792828559875 3.59793400764465 3.59792852401733 3.59766364097595 3.59580230712891 3.58978819847107 3.58975529670715 3.59777021408081 3.59776878356934 3.59775257110596 3.59775519371033 3.58975124359131 3.59123682975769 3.59014368057251 3.62182188034058 3.62254548072815 3.63019156455994 3.63420295715332 3.64533042907715 3.64604711532593 3.62197494506836 3.64488983154297 3.7210373878479 3.74110269546509 3.78922748565674 3.73860383033752 3.71797275543213 3.66290354728699 3.61996388435364 3.66171789169312 3.66767501831055 3.66786050796509 -9999 -9999 -9999 -9999 -9999 -9999 -9999 -9999 -9999 -9999 -9999
4.27681446075439 3.73820900917053 3.6795802116394 3.62777256965637 3.58956694602966 3.58963108062744 3.59792041778564 3.59792184829712 3.59791922569275 3.59791946411133 3.5979208946228 3.59792613983154 3.59793043136597 3.59793257713318 3.59793281555176 3.59766364097595 3.59766316413879 3.5977988243103 3.59776306152344 3.59776902198792 3.59776735305786 3.59776425361633 3.59776425361633 3.59775876998901 3.59745121002197 3.59514260292053 3.59513688087463 3.59686136245728 3.62207698822021 3.62057948112488 3.79784393310547 3.69715809822083 3.65694952011108 3.64594841003418 3.62215089797974 3.69897317886353 6.04112529754639 22.6210289001465 29.1548614501953 21.2919082641602 11.8730783462524 3.88663029670715 3.64051842689514 4.11792850494385 4.47853565216064 4.11733198165894 3.66739273071289 -9999 -9999 -9999 -9999 -9999 -9999 -9999 -9999 -9999 -9999
3.86566519737244 3.65287733078003 3.65591049194336 3.6559145450592 3.58962821960449 3.58964037895203 3.59792017936707 3.59568691253662 3.59791803359985 3.59568691253662 3.59791851043701 3.59792470932007 3.58973240852356 3.58973121643066 3.59766602516174 3.59745264053345 3.59775424003601 3.59776449203491 3.59776759147644 3.59778261184692 3.59776854515076 3.59776258468628 3.59745502471924 3.58947706222534 3.58915901184082 3.58929538726807 3.62155866622925 3.62152552604675 3.62129592895508 3.64306616783142 3.72716784477234 3.62043905258179 3.65123414993286 3.6221342086792 3.68720889091492 18.4379577636719 30.6960620880127 30.6968994140625 30.6991882324219 29.7691955566406 7.75747108459473 3.88777709007263 3.69453263282776 4.47220802307129 25.7287063598633 23.810115814209 4.50171136856079 6.05204772949219 -9999 -9999 -9999 -9999 -9999 -9999 -9999 -9999 -9999
3.90523362159729 3.6281406879425 3.58963108062744 3.58963632583618 3.58962821960449 3.59546422958374 3.58941078186035 3.58965158462524 3.5956916809082 3.59766006469727 3.59766149520874 3.59745001792908 3.58974003791809 3.58976316452026 3.59575510025024 3.59775733947754 3.59776139259338 3.59775972366333 3.59575843811035 3.59576892852783 3.59546232223511 3.59745740890503 3.5971417427063 3.62200021743774 3.62855982780457 3.62847638130188 3.62830877304077 3.62750506401062 3.65605449676514 3.65006470680237 3.67322063446045 3.66626381874084 3.62884068489075 3.74295568466187 5.96762371063232 30.6551837921143 30.659797668457 30.6631183624268 30.6650485992432 5.92358922958374 3.96439623832703 3.99878096580505 3.96632742881775 4.46691036224365 30.6784858703613 30.6797676086426 6.0435962677002 4.29714965820312 4.11758947372437 -9999 -9999 -9999 -9999 -9999 -9999 -9999 -9999
3.73725175857544 3.62807488441467 3.59507536888123 3.58920478820801 3.58918642997742 3.58917689323425 3.58970427513123 3.58957362174988 3.58999228477478 3.59521484375 3.59721970558167 3.59722113609314 3.59752130508423 3.58950662612915 3.59553217887878 3.59752917289734 3.5975296497345 3.5975284576416 3.59524583816528 3.58914256095886 3.58893918991089 3.59432482719421 3.59759092330933 3.64643383026123 3.64659380912781 3.65621972084045 3.64868927001953 3.64329648017883 3.64300584793091 3.64318799972534 3.67304921150208 3.66638588905334 3.69922637939453 8.80578327178955 13.064151763916 30.3903160095215 28.8212432861328 7.70769548416138 3.96773505210876 4.28752040863037 4.52505111694336 4.29761934280396 4.28293800354004 4.28213739395142 13.1559410095215 14.6336030960083 4.28019046783447 3.71839880943298 3.65259957313538 -9999 -9999 -9999 -9999 -9999 -9999 -9999 -9999
8.73878383636475 3.6718053817749 3.58941459655762 3.65527391433716 3.65644335746765 3.58917713165283 3.58961153030396 3.58949756622314 3.59067559242249 3.5892641544342 3.59512591362 3.59699440002441 3.59699416160583 3.59723353385925 3.59723401069641 3.59723472595215 3.59723544120789 3.59723353385925 3.58956527709961 3.59462833404541 3.58871817588806 3.59707641601562 3.65495777130127 3.62109780311584 3.62096905708313 3.64799404144287 3.64491581916809 3.64461660385132 3.65373301506042 3.64986371994019 3.63274574279785 3.63261079788208 3.7393159866333 5.28554105758667 5.30249452590942 4.52440023422241 18.9925117492676 12.9240016937256 4.81370401382446 5.19873952865601 4.7518630027771 4.28157043457031 4.79088068008423 5.21857118606567 4.73767852783203 4.2758731842041 3.61995697021484 3.61527705192566 3.61488318443298 3.5828845500946 -9999 -9999 -9999 -9999 -9999 -9999 -9999
16.0696830749512 4.26930475234985 3.62090301513672 3.63935041427612 3.64544439315796 3.59016561508179 3.58976697921753 3.58993101119995 3.589519739151 3.59126591682434 3.58895230293274 3.59508395195007 3.59699392318726 3.59699392318726 3.59699487686157 3.59514665603638 3.5966215133667 3.5963819026947 3.59462404251099 3.594242811203 3.6212477684021 3.61982655525208 3.62077593803406 3.62062382698059 3.64495992660522 3.64468216896057 3.67303657531738 3.67291021347046 3.69485378265381 3.68914532661438 3.62810945510864 3.63244318962097 3.69236540794373 4.24564599990845 28.8533344268799 30.5611019134521 30.5643939971924 11.0307331085205 11.0254077911377 12.6991109848022 7.55521059036255 4.51231145858765 4.5122389793396 4.80498027801514 4.78181266784668 3.62943315505981 3.58843803405762 3.59083151817322 3.58577871322632 3.65059757232666 3.65011715888977 -9999 -9999 -9999 -9999 -9999 -9999
9.62729835510254 3.6701352596283 3.58954524993896 3.62798285484314 3.62785339355469 3.58955001831055 3.58945417404175 3.58972692489624 3.59033751487732 3.59136247634888 3.58881735801697 3.58857560157776 3.58880686759949 3.58842754364014 3.59441637992859 3.58837532997131 3.59586429595947 3.58808445930481 3.58875417709351 3.5937294960022 3.59649538993835 3.62057089805603 3.6286768913269 3.62881064414978 3.64810800552368 3.67295575141907 3.62123394012451 5.1916937828064 27.1596508026123 12.4896430969238 3.69880819320679 3.7237446308136 6.62713479995728 8.56804084777832 28.4894618988037 29.8848609924316 30.5396041870117 6.55120420455933 30.5493068695068 30.5469093322754 12.5011377334595 4.28783369064331 3.64037585258484 3.63982248306274 3.61813521385193 3.58238458633423 3.58806467056274 3.58311009407043 3.59099745750427 3.61261224746704 3.66002416610718 -9999 -9999 -9999 -9999 -9999 -9999
3.65550827980042 3.62060475349426 3.58914136886597 3.58912324905396 3.58898162841797 3.58912134170532 3.58917856216431 3.58912181854248 3.59000158309937 3.59439897537231 3.58811116218567 3.59010553359985 3.58943819999695 3.58804392814636 3.62173533439636 3.65487146377563 3.62881970405579 3.62899589538574 3.62820935249329 3.65466094017029 3.65467071533203 3.6542501449585 3.64053225517273 3.62835812568665 3.69588804244995 3.69046688079834 3.63222169876099 4.5073561668396 10.5659198760986 6.44820880889893 4.28553771972656 10.6436109542847 30.509801864624 30.2894020080566 4.47819423675537 3.79046988487244 3.87109732627869 4.27807712554932 24.6518249511719 23.6020812988281 3.73956871032715 3.6157603263855 3.58241558074951 3.62502384185791 3.6204822063446 3.57646179199219 3.59008598327637 3.58345437049866 3.6242253780365 3.65833806991577 3.65190267562866 3.61498808860779 -9999 -9999 -9999 -9999 -9999
3.62837696075439 3.65546536445618 3.62837982177734 3.62786507606506 3.62062573432922 3.5974600315094 3.5890052318573 3.58935785293579 3.58975076675415 3.59065818786621 3.58916330337524 3.58918476104736 3.59068155288696 3.59389352798462 3.65460443496704 3.65596532821655 3.65547871589661 3.61971545219421 3.67335438728333 3.67288398742676 3.63027024269104 3.64541220664978 3.64644837379456 3.64399456977844 3.69094228744507 3.67115807533264 3.67171859741211 3.67151927947998 3.69854402542114 3.79394674301147 4.28796052932739 7.27472162246704 8.34727191925049 4.70215940475464 3.6288104057312 3.6252806186676 3.59045743942261 3.62503957748413 3.65095114707947 3.65158820152283 3.58880090713501 3.57614421844482 3.58236742019653 3.65409159660339 3.66455149650574 3.65305018424988 3.62476658821106 3.6580662727356 3.65041375160217 3.6522331237793 3.61535215377808 3.62364387512207 -9999 -9999 -9999 -9999 -9999
3.62781119346619 3.65545296669006 3.63959574699402 3.65712547302246 3.62795519828796 3.59745836257935 3.58931732177734 3.5891695022583 3.58910059928894 3.62882709503174 3.62880492210388 3.58893513679504 3.58804082870483 3.6213858127594 3.65482521057129 3.62849259376526 3.65565729141235 3.61793231964111 3.67311787605286 3.6732656955719 3.69296908378601 3.69694519042969 3.69634795188904 3.63241052627563 3.62779021263123 3.6894211769104 3.66021847724915 3.62911677360535 3.72371006011963 3.85357785224915 3.63146805763245 3.64552116394043 3.65209221839905 3.58491134643555 3.58931016921997 3.58237385749817 3.57681512832642 3.58237814903259 3.58241772651672 3.58239269256592 3.58370232582092 3.625084400177 3.58879995346069 3.58864188194275 3.65021586418152 3.65325140953064 3.65069150924683 3.65121936798096 3.65772247314453 3.65765690803528 3.65030288696289 3.62395048141479 3.65855097770691 -9999 -9999 -9999 -9999
3.65550065040588 3.65647053718567 3.65544462203979 3.65546655654907 3.62065744400024 3.59724879264832 3.59723472595215 3.5972113609314 3.59783625602722 3.62850618362427 3.62842988967896 3.59685778617859 3.6549551486969 3.6561496257782 3.65604043006897 3.65531539916992 3.61911511421204 3.63236832618713 3.63241410255432 3.67225408554077 3.70186543464661 3.6959125995636 3.69538903236389 3.64363384246826 3.63180899620056 3.7000412940979 3.63163566589355 3.58468532562256 3.59494948387146 3.59671807289124 3.5911819934845 3.59106945991516 3.58513140678406 3.58239054679871 3.58906221389771 3.58246159553528 3.58882212638855 3.58904981613159 3.58868384361267 2.98231887817383 3.58232355117798 3.59519720077515 3.58240914344788 3.58904957771301 3.65098738670349 3.62465858459473 3.65068387985229 3.65322208404541 3.65090203285217 3.65059757232666 3.6514675617218 3.64957761764526 3.65034604072571 3.65036940574646 -9999 -9999 -9999
3.62839961051941 3.65645170211792 3.65634226799011 3.60053515434265 3.59805202484131 3.59787082672119 3.59807467460632 3.59830927848816 3.58877921104431 3.58886170387268 3.65520286560059 3.65648317337036 3.61882305145264 3.67196106910706 3.66604733467102 3.62855577468872 3.64403295516968 3.74348974227905 3.74357628822327 3.69203329086304 3.70163321495056 3.66499614715576 3.6609582901001 3.66432404518127 3.64150881767273 3.64159655570984 3.59535074234009 3.58240127563477 3.58240652084351 3.58668804168701 3.58241105079651 3.58239650726318 3.57646489143372 3.58239221572876 3.58240461349487 3.57648348808289 3.58904051780701 3.58816528320312 3.58250045776367 3.58241653442383 3.58880162239075 3.58879804611206 3.58253645896912 3.58877158164978 3.61569595336914 3.59137368202209 3.58241868019104 3.58366680145264 3.58346128463745 3.58604001998901 3.65045547485352 3.65028810501099 3.58295440673828 3.58605551719666 -9999 -9999 -9999
3.62058329582214 3.62856245040894 3.62136030197144 3.62206244468689 3.62175297737122 3.59966993331909 3.62272357940674 3.62220597267151 3.59677982330322 3.70213007926941 3.64665555953979 3.6656711101532 4.21535730361938 4.26219749450684 3.79305267333984 3.63260793685913 3.64399242401123 3.72763895988464 3.72752285003662 3.64401912689209 3.64629507064819 3.65509343147278 3.64337921142578 3.62765145301819 3.58630847930908 3.58986830711365 3.58237314224243 3.58238482475281 3.58241176605225 3.58238959312439 3.57647490501404 3.57646369934082 3.582435131073 3.57649040222168 3.51144218444824 2.96574544906616 2.97683119773865 3.58893585205078 3.58977675437927 3.58271431922913 3.58443331718445 3.58266425132751 3.58396553993225 3.58924603462219 3.58255958557129 3.5825662612915 3.58995246887207 3.58217525482178 3.58343195915222 3.58694553375244 3.61551690101624 3.62423133850098 3.6257176399231 3.62178707122803 3.58788061141968 -9999 -9999
