G_variables/Set1/RCP6_2050/Min_tem_max.asc
NCOLS 229 
NROWS 147 
XLLCORNER -101.25 
YLLCORNER 14.3333333333333 
CELLSIZE 0.0833333333333333 
NODATA_value -9999 
[rows 104 to 129 of 147, columns 171 to 227 of 229]
3.65539765357971 3.62857961654663 3.62128901481628 3.62122249603271 3.62124156951904 3.62125658988953 3.62895154953003 3.63902640342712 3.64326286315918 3.67213892936707 3.69679880142212 3.69214296340942 3.95878744125366 3.89266800880432 3.62880420684814 3.65567088127136 3.65472769737244 3.64471912384033 3.64518809318542 3.58584475517273 3.61935377120972 3.61905479431152 3.62549567222595 3.589599609375 3.57614398002625 3.58237934112549 3.58276009559631 3.58905863761902 3.58239030838013 3.58239006996155 3.57646417617798 3.57856893539429 3.58239531517029 3.57912278175354 2.97393155097961 2.96623969078064 2.3229615688324 2.32780957221985 2.96494650840759 3.64864158630371 3.62484812736511 3.58400559425354 3.59014010429382 3.58244442939758 3.5822422504425 3.57630753517151 2.70383381843567 3.58768486976624 3.5826563835144 3.59028339385986 3.61552381515503 3.58351182937622 3.6156759262085 3.59223031997681 3.58526039123535 3.6235237121582 -9999
3.6563708782196 3.62852954864502 3.62851166725159 3.62783098220825 3.62111163139343 3.6211268901825 3.62119078636169 3.66050481796265 3.7267701625824 3.72675466537476 3.70111536979675 3.64365172386169 3.62081599235535 3.65462684631348 3.64382696151733 3.64502763748169 3.59539270401001 3.59338188171387 3.5930609703064 3.58994722366333 3.65427780151367 3.61939740180969 3.61848020553589 3.58960175514221 3.58237981796265 3.58238673210144 3.58364391326904 3.58402466773987 3.57647371292114 3.58241367340088 3.57682180404663 3.57912230491638 3.57949090003967 2.96858477592468 2.96272253990173 3.57632040977478 2.95756888389587 2.76841807365417 2.6610209941864 2.95705485343933 3.57649064064026 3.09616208076477 3.5892539024353 3.57630062103271 2.96426320075989 2.39431929588318 2.00896835327148 3.57666397094727 3.5761706829071 2.96679496765137 3.58235692977905 2.71067476272583 3.57832670211792 3.58573174476624 3.58492255210876 3.59263491630554 3.65101480484009
3.65277695655823 3.62889552116394 3.62868905067444 3.656418800354 3.64358401298523 3.64414167404175 3.61059021949768 3.632563829422 3.70108294487 3.70097756385803 3.72694230079651 3.62074708938599 3.62070798873901 3.6562488079071 3.72748208045959 3.63962483406067 3.58685612678528 3.59086728096008 3.59003353118896 3.59007811546326 3.58914661407471 3.59279990196228 3.58960103988647 3.58960151672363 3.5857253074646 3.59156107902527 3.58240246772766 3.58238983154297 3.57649683952332 3.57646679878235 3.57645344734192 3.57912302017212 3.57642960548401 3.57629251480103 3.57629346847534 3.57689118385315 2.95832872390747 2.95881342887878 2.70317769050598 2.65259051322937 2.02310967445374 2.0516619682312 2.95705509185791 2.71971368789673 2.00961971282959 2.02030515670776 2.01549935340881 2.33759045600891 2.66778683662415 1.99855256080627 2.00643682479858 2.67085480690002 3.19410276412964 3.58205413818359 3.58205270767212 3.5839376449585 3.58664274215698
3.65553069114685 3.62875175476074 3.6287088394165 3.65272641181946 3.63937187194824 3.63916611671448 3.63916516304016 3.6391270160675 3.62868189811707 3.62859630584717 3.62860989570618 3.59013605117798 3.62082958221436 3.62115812301636 3.58652377128601 3.59368586540222 3.59378170967102 3.59049105644226 3.58985161781311 3.5903685092926 3.58979225158691 3.58960127830505 3.58237791061401 3.58238339424133 3.58242130279541 3.58258485794067 3.57616400718689 3.58241271972656 3.58120679855347 3.57798647880554 3.5764331817627 3.57672476768494 3.57629346847534 3.57896399497986 3.58914756774902 3.6176609992981 3.59411978721619 3.58436584472656 3.59029698371887 3.58221459388733 3.06055974960327 2.69512343406677 3.57762289047241 2.32143521308899 1.99705290794373 1.9974879026413 1.99709153175354 1.99664211273193 1.99770855903625 2.86836624145508 3.58831977844238 3.64916753768921 3.62293314933777 3.65104174613953 3.65867877006531 3.62177467346191 3.65834617614746
3.65552806854248 3.65555667877197 3.65284895896912 3.62942790985107 3.62947511672974 3.62943696975708 3.62872648239136 3.62113451957703 3.59761118888855 3.59614610671997 3.58853936195374 3.58819580078125 3.62057828903198 3.62032103538513 3.58781909942627 3.59217071533203 3.59375405311584 3.58981776237488 3.59028887748718 3.5906023979187 3.58961510658264 3.58960151672363 3.58237767219543 3.57614278793335 3.5824282169342 3.58241367340088 3.57779812812805 3.57616877555847 3.58926033973694 3.57628870010376 3.57616686820984 3.58919143676758 3.59039759635925 3.58443737030029 3.64828729629517 3.62760734558105 3.69552183151245 3.79567766189575 3.89583992958069 3.62888050079346 3.62220692634583 3.65172410011292 3.65839529037476 3.58415198326111 3.57813739776611 1.99670994281769 3.18066883087158 3.59015321731567 3.64966511726379 3.65173363685608 3.65986371040344 3.65957593917847 3.64377927780151 3.64412641525269 -9999 -9999 -9999
3.65589094161987 3.65519452095032 3.65564107894897 3.65492820739746 3.65562629699707 3.65564632415771 3.6285355091095 3.6285138130188 3.59770584106445 3.59650921821594 3.58893585205078 3.58809900283813 3.62039113044739 3.62027144432068 3.58839821815491 3.59376001358032 3.59343218803406 3.591468334198 3.59156918525696 3.57614636421204 3.58960199356079 3.58237791061401 3.58239769935608 3.58844017982483 3.57616281509399 3.58244299888611 3.58926105499268 3.58240580558777 3.58926033973694 3.58491253852844 3.6495668888092 3.65415620803833 3.6470639705658 3.79233241081238 4.62142276763916 29.530143737793 30.3494758605957 30.3531436920166 14.4367551803589 4.19105005264282 3.87814354896545 3.6903350353241 3.62190413475037 3.65012288093567 3.62482881546021 3.65202736854553 3.62257385253906 3.614262342453 3.6437783241272 3.69449734687805 3.70236325263977 3.69432306289673 -9999 -9999 -9999 -9999 -9999
3.6573166847229 3.6564724445343 3.65678024291992 3.65678095817566 3.65563035011292 3.65564107894897 3.62854528427124 3.62842297554016 3.59796190261841 3.58837199211121 3.58647990226746 3.59367537498474 3.59406065940857 3.59406352043152 3.58986568450928 3.59001111984253 3.5899395942688 3.59157466888428 3.59125804901123 3.5761456489563 3.58239793777466 3.58245515823364 3.58242034912109 3.58315110206604 3.58240151405334 3.58257055282593 3.59028482437134 3.5954213142395 3.62659215927124 3.61804485321045 3.63317275047302 3.79029107093811 4.22726964950562 10.1285076141357 29.5160007476807 30.3471641540527 30.3662509918213 30.361400604248 15.4993362426758 4.86409902572632 4.09308195114136 3.89736771583557 3.69769549369812 3.6985456943512 3.70509076118469 3.8632435798645 3.9021909236908 3.80617165565491 3.73392152786255 -9999 -9999 -9999 -9999 -9999 -9999 -9999 -9999
3.65735006332397 3.65666198730469 3.63781213760376 3.63959074020386 3.65565156936646 3.65324544906616 3.62851285934448 3.62077903747559 3.59634327888489 3.58800840377808 3.58654069900513 3.59219622612 3.59404754638672 3.59376120567322 3.58979368209839 3.58966469764709 3.58961296081543 3.58987331390381 3.58962225914001 3.58240389823914 3.58239960670471 3.58433723449707 3.58247900009155 3.58859634399414 3.59158658981323 3.62735080718994 3.65268230438232 3.65391612052917 3.65242195129395 3.64465165138245 3.70166039466858 3.79026937484741 4.18632888793945 4.61351299285889 4.41039705276489 4.22445678710938 4.09926843643188 3.96103715896606 4.09134674072266 4.3680477142334 3.96449041366577 3.7981436252594 3.79833173751831 3.80188322067261 3.75023651123047 3.90175604820251 -9999 -9999 -9999 -9999 -9999 -9999 -9999 -9999 -9999 -9999 -9999
3.65743851661682 3.64479851722717 3.65687346458435 3.6568021774292 3.65576863288879 3.62878751754761 3.62860727310181 3.59835124015808 3.59609055519104 3.58825731277466 3.58644032478333 3.59216237068176 3.59405040740967 3.59385633468628 3.58991289138794 3.58987331390381 3.58962106704712 3.58240461349487 3.5828161239624 3.58288502693176 3.58986711502075 3.58993744850159 3.5866425037384 3.62767672538757 3.64467620849609 3.64492130279541 3.65206003189087 3.64556360244751 3.62054586410522 3.62899518013 3.64395046234131 3.64486455917358 3.64504861831665 3.79094910621643 3.98981404304504 4.09953498840332 4.09028053283691 3.85446691513062 3.79685831069946 3.69123196601868 3.69752860069275 3.74534845352173 3.88177132606506 3.90192008018494 -9999 -9999 -9999 -9999 -9999 -9999 -9999 -9999 -9999 -9999 -9999 -9999 -9999
3.63989281654358 3.6398606300354 3.65577626228333 3.62873959541321 3.62880253791809 3.6286506652832 3.62858271598816 3.598140001297 3.58818578720093 3.58641719818115 3.59413814544678 3.59029507637024 3.59383583068848 3.58990931510925 3.57616519927979 3.58240342140198 3.58243417739868 3.58253955841064 3.58240509033203 3.59220480918884 3.62005519866943 3.6544554233551 3.64370155334473 3.64475393295288 3.64474415779114 3.65137076377869 3.63006663322449 3.65203237533569 3.64751195907593 3.6124005317688 3.84591150283813 3.79023861885071 3.95005488395691 5.70087432861328 6.30239200592041 4.40639925003052 3.99600672721863 3.87591242790222 3.79670357704163 3.74498820304871 3.90069365501404 -9999 -9999 -9999 -9999 -9999 -9999 -9999 -9999 -9999 -9999 -9999 -9999 -9999 -9999 -9999 -9999
3.63988471031189 3.63969755172729 3.65562152862549 3.65577483177185 3.62868165969849 3.62875771522522 3.62102961540222 3.5962860584259 3.58666729927063 3.59413647651672 3.59000873565674 3.58994698524475 3.59013295173645 3.57616925239563 3.58240532875061 3.58241152763367 3.58242988586426 3.58962106704712 3.59723973274231 3.62832355499268 3.65420746803284 3.6493706703186 3.65150952339172 3.64464592933655 3.65136003494263 3.63491606712341 3.74823212623596 3.7282509803772 4.082190990448 4.35405874252319 4.40635967254639 5.1924295425415 4.4052677154541 4.40574407577515 4.08724546432495 3.95957088470459 3.95575881004333 3.96086120605469 3.85458636283875 -9999 -9999 -9999 -9999 -9999 -9999 -9999 -9999 -9999 -9999 -9999 -9999 -9999 -9999 -9999 -9999 -9999 -9999
3.63968086242676 3.65691232681274 3.65577816963196 3.65539789199829 3.62961196899414 3.62888073921204 3.62208127975464 3.58803844451904 3.5840425491333 3.59440803527832 3.59017705917358 3.5896213054657 3.58240485191345 3.58240699768066 3.58247923851013 3.58576059341431 3.58245968818665 3.59087061882019 3.62839102745056 3.65420937538147 3.64280533790588 3.65391945838928 3.63086247444153 3.64516687393188 3.7298367023468 3.88497233390808 3.95080828666687 4.40376091003418 4.59936952590942 4.93107128143311 4.60573530197144 4.55518627166748 4.08605575561523 3.8912353515625 3.9579005241394 4.21946477890015 -9999 -9999 -9999 -9999 -9999 -9999 -9999 -9999 -9999 -9999 -9999 -9999 -9999 -9999 -9999 -9999 -9999 -9999 -9999 -9999 -9999
3.63967657089233 3.65693783760071 3.65482473373413 3.65432476997375 3.62890625 3.62121915817261 3.59627938270569 3.58646059036255 3.59104037284851 3.59014439582825 3.59021210670471 3.58242130279541 3.58260726928711 3.57649660110474 3.58962154388428 3.62907671928406 3.64351105690002 3.64301180839539 3.73110580444336 3.95281934738159 3.75105905532837 3.78972387313843 3.86793184280396 3.79022431373596 3.95528960227966 4.08522891998291 4.19628286361694 4.40317010879517 4.81491613388062 4.60693645477295 4.21913194656372 4.08636617660522 3.89083623886108 -9999 -9999 -9999 -9999 -9999 -9999 -9999 -9999 -9999 -9999 -9999 -9999 -9999 -9999 -9999 -9999 -9999 -9999 -9999 -9999 -9999 -9999 -9999 -9999
3.65687489509583 3.65647506713867 3.65530848503113 3.6554651260376 3.62880110740662 3.62167358398438 3.58817529678345 3.58645820617676 3.59016084671021 3.58450436592102 3.58242106437683 3.57975244522095 3.58761930465698 3.64155077934265 3.67525553703308 4.35324287414551 4.58712959289551 4.31898927688599 5.09440517425537 6.97532176971436 6.1739764213562 5.22479629516602 5.22620439529419 4.40086889266968 4.35107564926147 4.21992158889771 4.08390855789185 4.08476400375366 3.95412182807922 3.95429921150208 3.87032175064087 -9999 -9999 -9999 -9999 -9999 -9999 -9999 -9999 -9999 -9999 -9999 -9999 -9999 -9999 -9999 -9999 -9999 -9999 -9999 -9999 -9999 -9999 -9999 -9999 -9999 -9999
3.65652799606323 3.65469455718994 3.62942671775818 3.62930774688721 3.60016131401062 3.58647155761719 3.59019494056702 3.58252263069153 2.97720980644226 3.59409117698669 3.6530225276947 3.79412388801575 4.4007134437561 4.82450485229492 5.64427375793457 5.63950204849243 5.22457647323608 4.34920120239258 5.21714305877686 6.99601793289185 6.22767972946167 5.09616184234619 5.22343111038208 4.81360721588135 4.40213060379028 4.60191535949707 4.40157508850098 3.99313545227051 -9999 -9999 -9999 -9999 -9999 -9999 -9999 -9999 -9999 -9999 -9999 -9999 -9999 -9999 -9999 -9999 -9999 -9999 -9999 -9999 -9999 -9999 -9999 -9999 -9999 -9999 -9999 -9999 -9999
3.65662217140198 3.62941741943359 3.60055446624756 3.59626603126526 3.59627366065979 3.59709858894348 3.58680200576782 3.62946152687073 3.64626455307007 4.08651876449585 4.55235719680786 4.54874801635742 5.24183464050293 4.88139057159424 6.22314023971558 7.02047777175903 6.20927953720093 5.65210676193237 6.24759292602539 7.00482273101807 5.69090557098389 6.19863748550415 4.8158655166626 4.59675264358521 4.08445739746094 4.40194940567017 -9999 -9999 -9999 -9999 -9999 -9999 -9999 -9999 -9999 -9999 -9999 -9999 -9999 -9999 -9999 -9999 -9999 -9999 -9999 -9999 -9999 -9999 -9999 -9999 -9999 -9999 -9999 -9999 -9999 -9999 -9999
3.65542578697205 3.62170839309692 3.62949705123901 3.62023520469666 3.64549875259399 3.61835980415344 3.63615250587463 3.85668230056763 4.95829057693481 8.03832244873047 7.0792350769043 7.05653238296509 29.6606311798096 30.6050338745117 30.5889644622803 30.5078315734863 5.65533781051636 5.66016387939453 7.97531747817993 8.67350578308105 8.69795227050781 8.67093467712402 5.1033353805542 -9999 -9999 -9999 -9999 -9999 -9999 -9999 -9999 -9999 -9999 -9999 -9999 -9999 -9999 -9999 -9999 -9999 -9999 -9999 -9999 -9999 -9999 -9999 -9999 -9999 -9999 -9999 -9999 -9999 -9999 -9999 -9999 -9999 -9999
3.64053320884705 3.62155842781067 3.62952852249146 3.64519500732422 3.7490246295929 5.7072319984436 30.2672576904297 30.6759452819824 30.6848735809326 30.6774024963379 30.6515617370605 24.6064548492432 30.6340713500977 30.6230754852295 30.6183834075928 24.6127395629883 6.24786329269409 5.65574312210083 5.14583587646484 4.87008905410767 -9999 -9999 -9999 -9999 -9999 -9999 -9999 -9999 -9999 -9999 -9999 -9999 -9999 -9999 -9999 -9999 -9999 -9999 -9999 -9999 -9999 -9999 -9999 -9999 -9999 -9999 -9999 -9999 -9999 -9999 -9999 -9999 -9999 -9999 -9999 -9999 -9999
3.64492654800415 3.66586446762085 3.63051533699036 3.67118763923645 30.6263084411621 30.7383556365967 30.7328701019287 30.735330581665 30.717414855957 30.6863956451416 30.716402053833 23.7013320922852 30.6481266021729 30.6546440124512 19.0507259368896 8.83611679077148 6.27405023574829 5.15459537506104 4.86860513687134 4.86895942687988 -9999 -9999 -9999 -9999 -9999 -9999 -9999 -9999 -9999 -9999 -9999 -9999 -9999 -9999 -9999 -9999 -9999 -9999 -9999 -9999 -9999 -9999 -9999 -9999 -9999 -9999 -9999 -9999 -9999 -9999 -9999 -9999 -9999 -9999 -9999 -9999 -9999
4.09879875183105 3.80554509162903 4.09612846374512 11.4105768203735 30.7835388183594 30.7711029052734 30.7630729675293 8.87764835357666 7.13989019393921 4.4162483215332 4.41192293167114 4.36487817764282 4.83911800384521 5.71353197097778 7.9644193649292 17.0258903503418 16.9931983947754 7.09772300720215 4.87465190887451 -9999 -9999 -9999 -9999 -9999 -9999 -9999 -9999 -9999 -9999 -9999 -9999 -9999 -9999 -9999 -9999 -9999 -9999 -9999 -9999 -9999 -9999 -9999 -9999 -9999 -9999 -9999 -9999 -9999 -9999 -9999 -9999 -9999 -9999 -9999 -9999 -9999 -9999
6.49225044250488 10.172625541687 17.1880187988281 13.9312267303467 30.4650707244873 8.17201805114746 4.61828947067261 4.56361818313599 4.85569381713867 4.9093017578125 7.11330842971802 19.1054973602295 30.1298732757568 29.9676284790039 29.6989212036133 30.4771041870117 29.6926765441895 29.3128433227539 -9999 -9999 -9999 -9999 -9999 -9999 -9999 -9999 -9999 -9999 -9999 -9999 -9999 -9999 -9999 -9999 -9999 -9999 -9999 -9999 -9999 -9999 -9999 -9999 -9999 -9999 -9999 -9999 -9999 -9999 -9999 -9999 -9999 -9999 -9999 -9999 -9999 -9999 -9999
30.8349227905273 30.8144683837891 27.749340057373 10.0994348526001 10.0729341506958 10.0280933380127 8.06835460662842 15.0030317306519 29.8920364379883 30.4793510437012 30.6069259643555 30.5888404846191 30.6481151580811 30.314323425293 29.9153213500977 29.7314968109131 29.9286098480225 -9999 -9999 -9999 -9999 -9999 -9999 -9999 -9999 -9999 -9999 -9999 -9999 -9999 -9999 -9999 -9999 -9999 -9999 -9999 -9999 -9999 -9999 -9999 -9999 -9999 -9999 -9999 -9999 -9999 -9999 -9999 -9999 -9999 -9999 -9999 -9999 -9999 -9999 -9999 -9999
30.8419513702393 30.8688373565674 30.0913505554199 30.6320495605469 30.2783393859863 30.9209499359131 30.7492141723633 30.3057651519775 30.6197185516357 30.5668506622314 30.605375289917 30.7523040771484 30.7448291778564 30.7258148193359 30.6872119903564 30.6380653381348 30.5346584320068 -9999 -9999 -9999 -9999 -9999 -9999 -9999 -9999 -9999 -9999 -9999 -9999 -9999 -9999 -9999 -9999 -9999 -9999 -9999 -9999 -9999 -9999 -9999 -9999 -9999 -9999 -9999 -9999 -9999 -9999 -9999 -9999 -9999 -9999 -9999 -9999 -9999 -9999 -9999 -9999
30.8011894226074 30.863639831543 30.6133117675781 30.7148761749268 30.8219947814941 30.8426036834717 30.8364887237549 30.6995906829834 30.6416549682617 30.5830516815186 30.8128643035889 30.756441116333 30.7544708251953 30.7467060089111 30.7133769989014 30.6941795349121 -9999 -9999 -9999 -9999 -9999 -9999 -9999 -9999 -9999 -9999 -9999 -9999 -9999 -9999 -9999 -9999 -9999 -9999 -9999 -9999 -9999 -9999 -9999 -9999 -9999 -9999 -9999 -9999 -9999 -9999 -9999 -9999 -9999 -9999 -9999 -9999 -9999 -9999 -9999 -9999 -9999
30.6749858856201 30.6739444732666 30.657096862793 30.7554130554199 30.8249588012695 30.8389072418213 30.8692607879639 30.8184223175049 30.8383827209473 30.8215579986572 30.8014259338379 30.793119430542 30.7556972503662 -9999 -9999 -9999 -9999 -9999 -9999 -9999 -9999 -9999 -9999 -9999 -9999 -9999 -9999 -9999 -9999 -9999 -9999 -9999 -9999 -9999 -9999 -9999 -9999 -9999 -9999 -9999 -9999 -9999 -9999 -9999 -9999 -9999 -9999 -9999 -9999 -9999 -9999 -9999 -9999 -9999 -9999 -9999 -9999
30.8775901794434 30.883207321167 30.8746109008789 30.871072769165 30.8731575012207 30.8600749969482 30.8560123443604 30.8555698394775 30.8461837768555 -9999 -9999 -9999 -9999 -9999 -9999 -9999 -9999 -9999 -9999 -9999 -9999 -9999 -9999 -9999 -9999 -9999 -9999 -9999 -9999 -9999 -9999 -9999 -9999 -9999 -9999 -9999 -9999 -9999 -9999 -9999 -9999 -9999 -9999 -9999 -9999 -9999 -9999 -9999 -9999 -9999 -9999 -9999 -9999 -9999 -9999 -9999 -9999
