G_variables/Set1/RCP6_2050/Sur_tem_min.asc
NCOLS 229 
NROWS 147 
XLLCORNER -101.25 
YLLCORNER 14.3333333333333 
CELLSIZE 0.0833333333333333 
NODATA_value -9999 
[rows 26 to 51 of 147, columns 57 to 113 of 229]
-9999 -9999 -9999 -9999 -9999 -9999 -9999 -9999 -9999 -9999 -9999 -9999 -9999 -9999 -9999 -9999 -9999 -9999 -9999 -9999 -9999 -9999 -9999 -9999 -9999 -9999 -9999 -9999 -9999 22.2106609344482 22.2136039733887 22.2196941375732 22.2245063781738 22.2112522125244 22.1877346038818 22.2184047698975 22.2157344818115 22.2194786071777 22.2505111694336 22.2710113525391 22.3267288208008 22.2564716339111 22.2328586578369 22.2211112976074 22.1440601348877 22.0953369140625 22.0341262817383 21.9897766113281 21.9565849304199 21.8940677642822 21.874439239502 21.8613662719727 21.8264465332031 21.7932548522949 21.7766380310059 21.7511425018311 21.7320518493652
-9999 -9999 -9999 -9999 -9999 -9999 -9999 -9999 -9999 -9999 -9999 -9999 -9999 -9999 -9999 -9999 -9999 -9999 -9999 -9999 -9999 -9999 -9999 -9999 -9999 -9999 -9999 -9999 22.2095012664795 22.2178230285645 22.2245845794678 22.2267055511475 22.2351131439209 22.2306098937988 22.2272548675537 22.2237491607666 22.2441787719727 22.2529945373535 22.2704257965088 22.2876243591309 22.293571472168 22.2801475524902 22.2316989898682 22.2161273956299 22.1829738616943 22.0813903808594 22.044750213623 22.0270481109619 21.9452228546143 21.9236927032471 21.9050693511963 21.84352684021 21.8267116546631 21.8176822662354 21.7780494689941 21.7660236358643 21.754207611084
-9999 -9999 -9999 -9999 -9999 -9999 -9999 -9999 -9999 -9999 -9999 -9999 -9999 -9999 -9999 -9999 -9999 -9999 -9999 -9999 -9999 -9999 -9999 -9999 -9999 -9999 -9999 -9999 22.2322425842285 22.229419708252 22.2385082244873 22.2493553161621 22.2653675079346 22.2701663970947 22.2667789459229 22.2745571136475 22.2886981964111 22.298023223877 22.3133201599121 22.3286113739014 22.3237209320068 22.2921371459961 22.2532291412354 22.2191104888916 22.1930732727051 22.1304512023926 22.0801601409912 22.0476551055908 21.9869213104248 21.9595260620117 21.9243698120117 21.8818054199219 21.8648853302002 21.8384532928467 21.8117332458496 21.7973766326904 21.7769470214844
-9999 -9999 -9999 -9999 -9999 -9999 -9999 -9999 -9999 -9999 -9999 -9999 -9999 -9999 -9999 -9999 -9999 -9999 -9999 -9999 -9999 -9999 -9999 -9999 -9999 -9999 -9999 22.230375289917 22.2597789764404 22.2391567230225 22.2419967651367 22.2688407897949 22.2655162811279 22.2686214447021 22.2678394317627 22.2963199615479 22.3082828521729 22.3375549316406 22.3301830291748 22.3520812988281 22.4155673980713 22.2928218841553 22.2588520050049 22.2667713165283 22.1892852783203 22.1502590179443 22.1012744903564 22.0592994689941 22.0121173858643 21.9632244110107 21.917667388916 21.8983592987061 21.8785648345947 21.8435173034668 21.8285751342773 21.8106880187988 21.7834796905518
-9999 -9999 -9999 -9999 -9999 -9999 -9999 -9999 -9999 -9999 -9999 -9999 -9999 -9999 -9999 -9999 -9999 -9999 -9999 -9999 -9999 -9999 -9999 -9999 -9999 -9999 -9999 22.2600421905518 22.2674999237061 22.2699298858643 22.2794952392578 22.2843647003174 22.2882690429688 22.2969264984131 22.3003044128418 22.3134155273438 22.334041595459 22.3427314758301 22.3626728057861 22.3567218780518 22.3527393341064 22.3052787780762 22.2635383605957 22.2435264587402 22.2017955780029 22.1478424072266 22.1138477325439 22.0640754699707 21.9986190795898 21.9682693481445 21.9384651184082 21.8966674804688 21.8741893768311 21.8542232513428 21.8337650299072 21.8155574798584 21.7924060821533
22.0773620605469 22.0944709777832 22.0995693206787 22.1562652587891 -9999 -9999 -9999 -9999 -9999 -9999 -9999 -9999 -9999 -9999 -9999 -9999 -9999 -9999 -9999 -9999 -9999 -9999 -9999 -9999 -9999 -9999 22.3012924194336 22.3020439147949 22.3085041046143 22.3133125305176 22.3234233856201 22.3331756591797 22.3365612030029 22.347017288208 22.3546009063721 22.3652095794678 22.3815364837646 22.3854560852051 22.3858375549316 22.3749675750732 22.3690147399902 22.3426113128662 22.285228729248 22.2546482086182 22.2375354766846 22.1549167633057 22.1359329223633 22.1045684814453 22.0159225463867 22.0030097961426 21.9820346832275 21.9211692810059 21.9113578796387 21.8898639678955 21.8498477935791 21.8379173278809 21.8210620880127
22.1078414916992 22.2112445831299 22.1583576202393 22.154972076416 22.1659507751465 22.1834259033203 22.1816329956055 22.1552772521973 22.1992740631104 -9999 -9999 -9999 -9999 -9999 -9999 -9999 -9999 -9999 -9999 -9999 -9999 -9999 -9999 -9999 -9999 -9999 22.3190021514893 22.3350982666016 22.3274478912354 22.3366146087646 22.3410720825195 22.3459281921387 22.3690395355225 22.3622417449951 22.3765678405762 22.3797283172607 22.3841915130615 22.3822898864746 22.3899116516113 22.3967533111572 22.4002494812012 22.3372344970703 22.3084506988525 22.2731399536133 22.2250423431396 22.1858539581299 22.1170787811279 22.0866203308105 22.0445384979248 21.995044708252 21.9658317565918 21.9551639556885 21.9179706573486 21.8813381195068 21.8598937988281 21.8241634368896 21.8261947631836
22.1357727050781 22.1411285400391 22.1640338897705 22.1823921203613 22.1831531524658 22.2003135681152 22.1979389190674 22.2003917694092 22.2069778442383 22.2194385528564 22.2275638580322 22.2289695739746 22.2307987213135 -9999 -9999 -9999 -9999 -9999 -9999 -9999 -9999 -9999 -9999 -9999 -9999 22.3165435791016 22.331127166748 22.3570346832275 22.360990524292 22.3710327148438 22.3797645568848 22.3840045928955 22.3864669799805 22.401029586792 22.3917942047119 22.3857917785645 22.3843002319336 22.3954563140869 22.4147777557373 22.3918952941895 22.3886680603027 22.3722801208496 22.3009052276611 22.2835121154785 22.2540607452393 22.1768836975098 22.1344127655029 22.1163806915283 22.0308475494385 22.0045223236084 21.9977226257324 21.9427719116211 21.9237632751465 21.9109573364258 21.8620853424072 21.8515892028809 21.8366165161133
22.2189903259277 22.2155151367188 22.2049407958984 22.2219715118408 22.2267780303955 22.2345542907715 22.235912322998 22.2447242736816 22.2499198913574 22.2688941955566 22.2740783691406 22.2663650512695 22.2723388671875 22.2672500610352 22.2747287750244 22.2679977416992 22.2620544433594 22.260929107666 -9999 -9999 -9999 -9999 -9999 -9999 -9999 22.3513507843018 22.3645687103271 22.3916263580322 22.4009170532227 22.405517578125 22.4209976196289 22.4265098571777 22.433614730835 22.4402770996094 22.4456901550293 22.425220489502 22.4212245941162 22.4176273345947 22.4125747680664 22.3899478912354 22.3835849761963 22.3631992340088 22.3008613586426 22.2778511047363 22.2609939575195 22.1956653594971 22.178596496582 22.1435508728027 22.0568771362305 22.0332069396973 22.007209777832 21.9470558166504 21.9345569610596 21.925271987915 21.876708984375 21.865650177002 21.8535823822021
22.2334747314453 22.2353248596191 22.235294342041 22.2352466583252 22.2269916534424 22.2482128143311 22.2591190338135 22.2695350646973 22.2798824310303 22.294454574585 22.3288593292236 22.3278465270996 22.3091831207275 22.2949619293213 22.299825668335 22.292407989502 22.2616844177246 22.2873516082764 22.2997989654541 22.2858009338379 22.3138675689697 22.3247509002686 22.3294239044189 -9999 -9999 22.3895282745361 22.3987884521484 22.4081401824951 22.4319896697998 22.4422855377197 22.4457092285156 22.4666843414307 22.4638481140137 22.4741058349609 22.5064144134521 22.4820537567139 22.4751377105713 22.4792060852051 22.4335880279541 22.4244785308838 22.4133930206299 22.3710861206055 22.337043762207 22.2989559173584 22.2567977905273 22.2276229858398 22.1897830963135 22.1524868011475 22.1181392669678 22.0559711456299 22.0124416351318 21.9848556518555 21.9376354217529 21.9156036376953 21.8964977264404 21.8541240692139 21.8550872802734
22.2449207305908 22.2546443939209 22.2530498504639 22.2421379089355 22.2437553405762 22.2516613006592 22.2740802764893 22.2812347412109 22.287935256958 22.3091430664062 22.3300971984863 22.3407936096191 22.3246440887451 22.3235321044922 22.3178081512451 22.3067588806152 22.30615234375 22.3098773956299 22.3126316070557 22.3163032531738 22.3249626159668 22.341136932373 22.3615264892578 22.3793964385986 22.3816566467285 22.3950023651123 22.3947906494141 22.4177780151367 22.4302730560303 22.4385757446289 22.454870223999 22.4530029296875 22.4720993041992 22.4835548400879 22.4927787780762 22.4900131225586 22.4725322723389 22.469612121582 22.4491539001465 22.4011058807373 22.3913764953613 22.3898639678955 22.3283634185791 22.2964515686035 22.2809581756592 22.2189064025879 22.1915588378906 22.1698246002197 22.1052761077881 22.0861263275146 22.0388011932373 21.975378036499 21.9591808319092 21.9359397888184 21.8951168060303 21.8830871582031 21.8689384460449
22.2999477386475 22.2884502410889 22.2879009246826 22.287483215332 22.2916011810303 22.3035888671875 22.3244934082031 22.3310203552246 22.3288249969482 22.3565731048584 22.3653030395508 22.3739356994629 22.3632488250732 22.3618240356445 22.369743347168 22.3499870300293 22.3653125762939 22.3634948730469 22.3673229217529 22.3673362731934 22.360050201416 22.3829364776611 22.3911151885986 22.4095497131348 22.4129428863525 22.4206142425537 22.4380054473877 22.4572715759277 22.4726009368896 22.4840888977051 22.4997310638428 22.5030994415283 22.4963111877441 22.5138454437256 22.5139083862305 22.5021495819092 22.4804573059082 22.4662895202637 22.4583282470703 22.3976879119873 22.395092010498 22.3873863220215 22.3395671844482 22.3273010253906 22.286693572998 22.232048034668 22.2067375183105 22.1869850158691 22.1206684112549 22.0923728942871 22.0737915039062 21.9916534423828 21.9876823425293 21.9697895050049 21.921875 21.9060535430908 21.8892021179199
22.3244514465332 22.2818717956543 22.305721282959 22.3075904846191 22.289701461792 22.3129539489746 22.3231506347656 22.3442287445068 22.3449630737305 22.3570003509521 22.3955039978027 22.3909454345703 22.3677845001221 22.3890705108643 22.381010055542 22.3818035125732 22.3954200744629 22.3779335021973 22.3819789886475 22.3905639648438 22.3901424407959 22.385721206665 22.3940086364746 22.4186172485352 22.4218883514404 22.4383773803711 22.4589214324951 22.4743919372559 22.4850425720215 22.5034141540527 22.5127754211426 22.5255966186523 22.5231590270996 22.5144119262695 22.5408229827881 22.5017318725586 22.4835243225098 22.4732799530029 22.4468479156494 22.4220561981201 22.3877067565918 22.3781490325928 22.3648490905762 22.340124130249 22.298583984375 22.2501811981201 22.2237854003906 22.1672706604004 22.1471118927002 22.0980014801025 22.0620727539062 22.028018951416 21.9689846038818 21.9614849090576 21.9410209655762 21.8972263336182 21.902494430542
22.334644317627 22.3234958648682 22.3189296722412 22.3207836151123 22.3141689300537 22.3202075958252 22.332706451416 22.3374843597412 22.3471374511719 22.364616394043 22.3796405792236 22.3925533294678 22.3876476287842 22.387300491333 22.3873157501221 22.3840446472168 22.3855991363525 22.3807964324951 22.3855991363525 22.3941745758057 22.3901691436768 22.3953170776367 22.4083652496338 22.4223785400391 22.4362678527832 22.445426940918 22.466194152832 22.497766494751 22.504524230957 22.5237159729004 22.5380878448486 22.5356464385986 22.5358505249023 22.5157928466797 22.510383605957 22.5088920593262 22.4624195098877 22.4509887695312 22.4427528381348 22.4081497192383 22.4066886901855 22.400333404541 22.3676948547363 22.3516407012939 22.3120746612549 22.2446689605713 22.2124729156494 22.1916637420654 22.132568359375 22.1208438873291 22.089864730835 22.0239963531494 21.9961223602295 21.9816722869873 21.9428424835205 21.9274158477783 21.9236297607422
22.378662109375 22.3730564117432 22.3709602355957 22.3633937835693 22.3572750091553 22.3575019836426 22.3652210235596 22.3607368469238 22.3626499176025 22.3871231079102 22.4001693725586 22.4106101989746 22.4068603515625 22.403865814209 22.4160900115967 22.4119453430176 22.4094676971436 22.4015846252441 22.4065456390381 22.4077205657959 22.4140224456787 22.4234142303467 22.4286060333252 22.4453220367432 22.4598178863525 22.4697704315186 22.4899082183838 22.5263595581055 22.5441341400146 22.5736865997314 22.5861930847168 22.563175201416 22.5501651763916 22.5324592590332 22.5055828094482 22.4894485473633 22.4549865722656 22.4432945251465 22.4364604949951 22.408073425293 22.4085426330566 22.4220962524414 22.3919353485107 22.3570041656494 22.3362674713135 22.2844944000244 22.2503128051758 22.2224636077881 22.164608001709 22.1450824737549 22.1240539550781 22.0518913269043 22.0341835021973 22.0182666778564 21.9805774688721 21.9715442657471 21.9815635681152
22.3892345428467 22.3839225769043 22.3814792633057 22.3735466003418 22.3696632385254 22.3755359649658 22.3741188049316 22.3754768371582 22.3669624328613 22.3919277191162 22.4064903259277 22.4125747680664 22.4270362854004 22.4372463226318 22.4218444824219 22.4209384918213 22.4268569946289 22.4115905761719 22.4195499420166 22.4174747467041 22.4230136871338 22.4310340881348 22.4477157592773 22.4634609222412 22.4735622406006 22.4998550415039 22.5045413970947 22.5294303894043 22.5575466156006 22.5726642608643 22.5773754119873 22.5829334259033 22.5519962310791 22.535852432251 22.5136127471924 22.4909915924072 22.4679584503174 22.4392051696777 22.4254741668701 22.4165821075439 22.3911304473877 22.4038829803467 22.3959217071533 22.362491607666 22.3280372619629 22.3040866851807 22.2756156921387 22.2301712036133 22.1961898803711 22.1466197967529 22.1032791137695 22.0839195251465 22.053653717041 22.0234146118164 22.0066871643066 21.9853019714355 21.9811172485352
22.4047317504883 22.4013786315918 22.40016746521 22.3910617828369 22.3927555084229 22.3967685699463 22.3870906829834 22.389253616333 22.3892383575439 22.3984661102295 22.4053497314453 22.4166965484619 22.4314556121826 22.4305095672607 22.4408740997314 22.4263896942139 22.413158416748 22.4115657806396 22.4135093688965 22.418909072876 22.423957824707 22.4339427947998 22.4449844360352 22.4622478485107 22.4810314178467 22.5025367736816 22.512845993042 22.536584854126 22.5538959503174 22.5555686950684 22.5600070953369 22.5585384368896 22.5546092987061 22.5288829803467 22.5115566253662 22.49977684021 22.4621295928955 22.454460144043 22.4414520263672 22.4129505157471 22.4020156860352 22.40207862854 22.3796901702881 22.3579273223877 22.3433399200439 22.2986640930176 22.2815341949463 22.2508316040039 22.1977596282959 22.1688117980957 22.1393699645996 22.087438583374 22.0720710754395 22.0473365783691 22.0166664123535 22.0124816894531 22.0055465698242
22.4526233673096 22.4545059204102 22.452428817749 22.4447898864746 22.4374446868896 22.4384422302246 22.4249114990234 22.4210777282715 22.4142837524414 22.4075088500977 22.4267387390137 22.4262790679932 22.4429721832275 22.4498252868652 22.4520664215088 22.4386329650879 22.4275398254395 22.4277763366699 22.4282703399658 22.4320526123047 22.440149307251 22.4492492675781 22.4613666534424 22.479866027832 22.5016384124756 22.5100593566895 22.5350646972656 22.5581302642822 22.5646114349365 22.5705718994141 22.573844909668 22.5600872039795 22.5542106628418 22.5283088684082 22.521556854248 22.5124549865723 22.4761772155762 22.4677810668945 22.464168548584 22.4390964508057 22.4347476959229 22.4311542510986 22.4079990386963 22.392765045166 22.379056930542 22.3361186981201 22.3194026947021 22.2975959777832 22.2471694946289 22.2128772735596 22.1981868743896 22.1459178924561 22.1302261352539 22.1070709228516 22.0781478881836 22.0765171051025 22.0764179229736
22.4713077545166 22.4912166595459 22.4680690765381 22.4672088623047 22.4850425720215 22.4537029266357 22.4299869537354 22.4170055389404 22.4132652282715 22.4070854187012 22.4087581634521 22.4252147674561 22.4302024841309 22.4538764953613 22.4403457641602 22.4428958892822 22.4388904571533 22.431173324585 22.4283351898193 22.4207706451416 22.438325881958 22.444206237793 22.4445419311523 22.4796371459961 22.498743057251 22.5030403137207 22.5538692474365 22.5695095062256 22.5842132568359 22.5850124359131 22.5818252563477 22.578971862793 22.5614261627197 22.5457420349121 22.4989204406738 22.5080528259277 22.4876384735107 22.4456653594971 22.4605960845947 22.459400177002 22.4412078857422 22.4369144439697 22.4248466491699 22.3935260772705 22.3810653686523 22.3626670837402 22.3073215484619 22.2889022827148 22.2614421844482 22.2134666442871 22.1879653930664 22.1709156036377 22.1425228118896 22.1125507354736 22.1078777313232 22.0993423461914 22.0958423614502
22.4735717773438 22.4769649505615 22.4773273468018 22.4687042236328 22.4698829650879 22.4692115783691 22.435474395752 22.4319248199463 22.4285755157471 22.4203643798828 22.4179954528809 22.4357128143311 22.4399528503418 22.4416942596436 22.4451580047607 22.4467678070068 22.4366874694824 22.4368209838867 22.4364929199219 22.4399700164795 22.444242477417 22.4578762054443 22.4643249511719 22.4900760650635 22.5176677703857 22.5295391082764 22.5500926971436 22.5786209106445 22.5890808105469 22.5928897857666 22.5924987792969 22.5781745910645 22.5761318206787 22.5564136505127 22.5523414611816 22.5288314819336 22.5014495849609 22.4873065948486 22.4854164123535 22.4730262756348 22.4647750854492 22.4600849151611 22.4393272399902 22.4244804382324 22.4107475280762 22.3754749298096 22.3526248931885 22.3214435577393 22.2751350402832 22.2354335784912 22.2229309082031 22.185188293457 22.173807144165 22.1528854370117 22.1350116729736 22.1260318756104 22.1244316101074
22.4931907653809 22.4953918457031 22.4949893951416 22.4921379089355 22.492696762085 22.4950523376465 22.4727077484131 22.4685726165771 22.4608402252197 22.4513778686523 22.4476089477539 22.4465484619141 22.4452075958252 22.4421997070312 22.4534378051758 22.455228805542 22.443998336792 22.4525718688965 22.4661979675293 22.4704704284668 22.4851627349854 22.5011177062988 22.5140171051025 22.5413761138916 22.5688991546631 22.5863914489746 22.5945377349854 22.6228408813477 22.6282234191895 22.6306266784668 22.6366233825684 22.6223411560059 22.6238498687744 22.6098213195801 22.6055641174316 22.6031627655029 22.5684947967529 22.5626678466797 22.5583744049072 22.5453548431396 22.5427398681641 22.535436630249 22.5024318695068 22.4873352050781 22.4778213500977 22.4439430236816 22.4232997894287 22.4076080322266 22.3457126617432 22.3327217102051 22.3129634857178 22.2736740112305 22.2606239318848 22.2465381622314 22.2221508026123 22.2165451049805 22.2152862548828
22.4977569580078 22.4805889129639 22.4960765838623 22.4998455047607 22.4981231689453 22.499662399292 22.4890384674072 22.4749412536621 22.465877532959 22.4652290344238 22.4361782073975 22.4558277130127 22.461877822876 22.4423656463623 22.458101272583 22.4468288421631 22.4347496032715 22.4531593322754 22.4714889526367 22.465124130249 22.4954719543457 22.505973815918 22.5089149475098 22.5657005310059 22.5886077880859 22.5850811004639 22.6151390075684 22.6348991394043 22.6434326171875 22.6488399505615 22.6501808166504 22.6239128112793 22.6333866119385 22.6249656677246 22.6236572265625 22.6100921630859 22.5965576171875 22.5732116699219 22.5768718719482 22.5719013214111 22.5722942352295 22.5439605712891 22.5193843841553 22.5127506256104 22.4925994873047 22.4779071807861 22.4482707977295 22.4358806610107 22.3989086151123 22.349328994751 22.3292465209961 22.3095951080322 22.2682800292969 22.2679595947266 22.257022857666 22.2225894927979 22.2395477294922
22.5057220458984 22.5076961517334 22.5137424468994 22.515604019165 22.5182590484619 22.5164127349854 22.5057067871094 22.4934673309326 22.4881992340088 22.4757194519043 22.4729309082031 22.478328704834 22.4725456237793 22.4818687438965 22.4801807403564 22.4624214172363 22.4593486785889 22.4770946502686 22.4995765686035 22.5010585784912 22.5081214904785 22.53879737854 22.5542316436768 22.5794563293457 22.620418548584 22.6404876708984 22.6354827880859 22.6644592285156 22.6691474914551 22.6760883331299 22.6796875 22.6613674163818 22.6507797241211 22.6424732208252 22.6428604125977 22.6294822692871 22.615650177002 22.60862159729 22.5890007019043 22.5775852203369 22.5729808807373 22.5680732727051 22.5540676116943 22.5263862609863 22.5235481262207 22.4975547790527 22.4829921722412 22.4725551605225 22.4184837341309 22.3976573944092 22.3616962432861 22.3231601715088 22.3111228942871 22.3178100585938 22.2938041687012 22.265043258667 22.2646827697754
22.540340423584 22.538932800293 22.544059753418 22.5473785400391 22.5515518188477 22.5561676025391 22.5471706390381 22.5407123565674 22.5282878875732 22.5163097381592 22.5232963562012 22.5177459716797 22.5030632019043 22.5176830291748 22.5225162506104 22.5147762298584 22.5160579681396 22.5282497406006 22.5534858703613 22.5677833557129 22.5770282745361 22.6101627349854 22.625862121582 22.6427421569824 22.6874675750732 22.6998519897461 22.7200393676758 22.7314529418945 22.7372455596924 22.7414379119873 22.7390899658203 22.717586517334 22.716817855835 22.7093906402588 22.7058448791504 22.696346282959 22.6804847717285 22.6749458312988 22.6710643768311 22.6466674804688 22.6440296173096 22.6379547119141 22.6253128051758 22.6181888580322 22.6120491027832 22.5912265777588 22.5741004943848 22.5541896820068 22.5029773712158 22.492696762085 22.4753170013428 22.4295291900635 22.4194164276123 22.4074230194092 22.3839836120605 22.3807029724121 22.3767185211182
22.5488109588623 22.5439071655273 22.558198928833 22.5661468505859 22.5740146636963 22.577543258667 22.5767021179199 22.5712718963623 22.5414600372314 22.5291500091553 22.5377960205078 22.5252704620361 22.5250358581543 22.5081100463867 22.5294036865234 22.528772354126 22.5132083892822 22.5497875213623 22.5713329315186 22.579402923584 22.6074810028076 22.6240901947021 22.6471214294434 22.66335105896 22.6908702850342 22.7379894256592 22.7296504974365 22.7369289398193 22.7660751342773 22.7590427398682 22.7438716888428 22.7336578369141 22.7335681915283 22.7307586669922 22.7376747131348 22.7131252288818 22.6965522766113 22.6808452606201 22.6600742340088 22.6573352813721 22.6696529388428 22.6550197601318 22.6480922698975 22.6404094696045 22.6291599273682 22.6224098205566 22.6027526855469 22.5726661682129 22.5426979064941 22.5337505340576 22.4932289123535 22.4708824157715 22.4345970153809 22.4313583374023 22.4252033233643 22.4055519104004 22.4111824035645
22.5639419555664 22.5683708190918 22.5754585266113 22.5845947265625 22.5958824157715 22.6113605499268 22.6045455932617 22.5889301300049 22.5717105865479 22.5536308288574 22.5464973449707 22.5465965270996 22.5330104827881 22.5417709350586 22.5499877929688 22.5538692474365 22.5622692108154 22.5787029266357 22.6103553771973 22.6125259399414 22.6218395233154 22.6566638946533 22.6674575805664 22.6781826019287 22.7175998687744 22.7392063140869 22.7353744506836 22.7605514526367 22.7737293243408 22.7750091552734 22.7779273986816 22.7622470855713 22.755485534668 22.7465591430664 22.7400932312012 22.7311916351318 22.7164859771729 22.7081394195557 22.6813583374023 22.671558380127 22.667459487915 22.658390045166 22.6518974304199 22.6492595672607 22.6406440734863 22.6106147766113 22.5971527099609 22.5891914367676 22.5507221221924 22.5335559844971 22.5145072937012 22.485387802124 22.475040435791 22.4611854553223 22.4537792205811 22.4488887786865 22.4487018585205
