G_variables/Set1/RCP6_2050/Sur_tem_max.asc
NCOLS 229 
NROWS 147 
XLLCORNER -101.25 
YLLCORNER 14.3333333333333 
CELLSIZE 0.0833333333333333 
NODATA_value -9999 
[rows 104 to 129 of 147, columns 171 to 227 of 229]
30.5230388641357 30.5361099243164 30.5522060394287 30.5641937255859 30.5843811035156 30.6102867126465 30.6448135375977 30.667407989502 30.6602268218994 30.6678447723389 30.6861553192139 30.6889228820801 30.6912994384766 30.6929550170898 30.6942939758301 30.6960754394531 30.6998882293701 30.7041721343994 30.7190036773682 30.7255344390869 30.7155055999756 30.7233257293701 30.7371864318848 30.736665725708 30.7340278625488 30.7227687835693 30.702787399292 30.6897869110107 30.6706142425537 30.6515808105469 30.6493492126465 30.6369094848633 30.6015167236328 30.5904808044434 30.5694828033447 30.5611133575439 30.5575256347656 30.5517826080322 30.556339263916 30.5542087554932 30.5400295257568 30.5414333343506 30.5239372253418 30.5150947570801 30.4921970367432 30.4790420532227 30.452709197998 30.4198913574219 30.4131298065186 30.4242610931396 30.4304981231689 30.4321594238281 30.4142150878906 30.4147777557373 30.403039932251 30.402515411377 -9999
30.5357151031494 30.5322017669678 30.5445022583008 30.5774040222168 30.5963249206543 30.6044006347656 30.6307640075684 30.6293182373047 30.6502990722656 30.6679401397705 30.6766891479492 30.6833992004395 30.6879215240479 30.6855030059814 30.6851062774658 30.6900691986084 30.6914215087891 30.6885242462158 30.6967945098877 30.697509765625 30.7083797454834 30.7159252166748 30.71950340271 30.7353630065918 30.7290992736816 30.711254119873 30.6991405487061 30.6774749755859 30.6515579223633 30.6393852233887 30.6105327606201 30.6017799377441 30.5924549102783 30.5769824981689 30.561128616333 30.5507678985596 30.5457038879395 30.5425262451172 30.5423450469971 30.5394763946533 30.5139484405518 30.5094432830811 30.5010528564453 30.4931316375732 30.4752082824707 30.4597702026367 30.4295539855957 30.3983058929443 30.3857612609863 30.4012203216553 30.4076309204102 30.4068546295166 30.3775768280029 30.373083114624 30.3650817871094 30.3631477355957 30.3563537597656
30.5506801605225 30.555269241333 30.5580615997314 30.5944004058838 30.5957489013672 30.6051940917969 30.6292629241943 30.6273288726807 30.6366729736328 30.6586170196533 30.6633758544922 30.6665592193604 30.671012878418 30.6690883636475 30.6689929962158 30.6798896789551 30.6662273406982 30.6700191497803 30.6775398254395 30.6772499084473 30.6735916137695 30.6933174133301 30.6929225921631 30.6999835968018 30.6939563751221 30.6865825653076 30.6771011352539 30.6482105255127 30.634521484375 30.6216526031494 30.5926704406738 30.5757293701172 30.5696849822998 30.559534072876 30.5453243255615 30.5386295318604 30.5327682495117 30.5222949981689 30.5181655883789 30.5117015838623 30.4869976043701 30.4798164367676 30.469310760498 30.4568691253662 30.4332599639893 30.4231452941895 30.4066753387451 30.3852729797363 30.3737545013428 30.3677177429199 30.3665733337402 30.3478603363037 30.3255367279053 30.3220138549805 30.3129844665527 30.3056945800781 30.2827377319336
30.5496788024902 30.567289352417 30.5778579711914 30.5846500396729 30.5805702209473 30.6143398284912 30.6327743530273 30.6340026855469 30.6351718902588 30.6413230895996 30.6503582000732 30.6535453796387 30.6655311584473 30.6667575836182 30.667501449585 30.6679496765137 30.6632232666016 30.672887802124 30.6626968383789 30.6607437133789 30.657844543457 30.6635112762451 30.6650695800781 30.6599826812744 30.6618518829346 30.6610050201416 30.6442775726318 30.6345329284668 30.6260147094727 30.6024703979492 30.6075134277344 30.5669288635254 30.5577621459961 30.5477695465088 30.5276508331299 30.5271854400635 30.5243682861328 30.5104732513428 30.5064697265625 30.5020351409912 30.4962425231934 30.4839038848877 30.4549694061279 30.423511505127 30.4186382293701 30.4072227478027 30.3883304595947 30.3727493286133 30.3579978942871 30.3396453857422 30.3380126953125 30.3300514221191 30.2954139709473 30.3035202026367 30.293119430542 30.2531490325928 30.2800598144531
30.555326461792 30.560905456543 30.5741577148438 30.5944690704346 30.5843944549561 30.6108226776123 30.6309013366699 30.6359958648682 30.6308212280273 30.6389999389648 30.6413154602051 30.6457347869873 30.6578884124756 30.6584606170654 30.6578693389893 30.6502895355225 30.6532230377197 30.6541347503662 30.6541004180908 30.640661239624 30.6413974761963 30.6445159912109 30.6453895568848 30.6374855041504 30.6371803283691 30.635627746582 30.6281700134277 30.6152000427246 30.609619140625 30.613395690918 30.5841064453125 30.5596733093262 30.5517597198486 30.5381393432617 30.5244827270508 30.5183525085449 30.5137901306152 30.5092124938965 30.4977073669434 30.4908866882324 30.4861335754395 30.4770183563232 30.4443359375 30.4176158905029 30.409797668457 30.3939590454102 30.3780288696289 30.3690204620361 30.344612121582 30.3305377960205 30.3251552581787 30.3144493103027 30.3018054962158 30.2904071807861 -9999 -9999 -9999
30.5753688812256 30.580961227417 30.5886878967285 30.6087703704834 30.6012840270996 30.6180534362793 30.6357040405273 30.6338443756104 30.6246891021729 30.6305599212646 30.6314926147461 30.6278781890869 30.6388740539551 30.6389808654785 30.6389217376709 30.6301002502441 30.6303901672363 30.626594543457 30.6235008239746 30.6052188873291 30.6052112579346 30.6045627593994 30.6027660369873 30.5943641662598 30.5948619842529 30.5951728820801 30.5930309295654 30.5857162475586 30.5809364318848 30.5892372131348 30.5532417297363 30.5387134552002 30.5322208404541 30.5197429656982 30.5080261230469 30.502233505249 30.4978847503662 30.491039276123 30.4871044158936 30.4755153656006 30.4698753356934 30.4582557678223 30.4245166778564 30.3919067382812 30.3826370239258 30.3601913452148 30.350606918335 30.3422756195068 30.3187065124512 30.3055572509766 30.2998161315918 30.2898235321045 -9999 -9999 -9999 -9999 -9999
30.5734062194824 30.595874786377 30.6015396118164 30.6084041595459 30.6124935150146 30.6133708953857 30.6148109436035 30.6310920715332 30.6312026977539 30.6227798461914 30.6245231628418 30.6189651489258 30.6132411956787 30.6104717254639 30.6071891784668 30.5993328094482 30.595588684082 30.6064434051514 30.6057815551758 30.5891780853271 30.5889358520508 30.587869644165 30.5862483978271 30.5746917724609 30.5767230987549 30.5810813903809 30.5739307403564 30.571268081665 30.5707969665527 30.5655345916748 30.5404300689697 30.5067081451416 30.4986476898193 30.4920711517334 30.4768295288086 30.4738903045654 30.4654960632324 30.459192276001 30.4528903961182 30.4470272064209 30.4407558441162 30.4312572479248 30.4180107116699 30.3792934417725 30.3696899414062 30.3560047149658 30.3282890319824 30.3258686065674 30.2954998016357 -9999 -9999 -9999 -9999 -9999 -9999 -9999 -9999
30.5812606811523 30.5869617462158 30.597505569458 30.6148700714111 30.6133098602295 30.6205673217773 30.614803314209 30.6256923675537 30.6292152404785 30.6166534423828 30.6154632568359 30.6137504577637 30.6020927429199 30.6011390686035 30.5932369232178 30.5830707550049 30.5830326080322 30.5954360961914 30.587610244751 30.5731143951416 30.5700759887695 30.5675849914551 30.5647163391113 30.5620250701904 30.5547542572021 30.5559883117676 30.5567054748535 30.5543746948242 30.5491485595703 30.5518817901611 30.5328674316406 30.5016021728516 30.4910945892334 30.4833946228027 30.4718532562256 30.4634990692139 30.4591655731201 30.4551219940186 30.4488220214844 30.4410552978516 30.4337043762207 30.4281406402588 30.4092769622803 30.3764457702637 30.3641510009766 30.3453693389893 -9999 -9999 -9999 -9999 -9999 -9999 -9999 -9999 -9999 -9999 -9999
30.596155166626 30.604642868042 30.6113395690918 30.6301422119141 30.6297607421875 30.6237030029297 30.6322193145752 30.637378692627 30.6336803436279 30.6095848083496 30.6055221557617 30.5893859863281 30.5804023742676 30.5847663879395 30.5724391937256 30.5641593933105 30.5628929138184 30.5498371124268 30.5381011962891 30.5409469604492 30.5313682556152 30.5235385894775 30.5158081054688 30.5103187561035 30.5056037902832 30.514986038208 30.5142154693604 30.5150966644287 30.5173664093018 30.4902420043945 30.4705066680908 30.4797401428223 30.4751129150391 30.4679317474365 30.4499530792236 30.4316711425781 30.4286003112793 30.438512802124 30.4382915496826 30.4312553405762 30.4248161315918 30.391149520874 30.3550071716309 30.3652858734131 -9999 -9999 -9999 -9999 -9999 -9999 -9999 -9999 -9999 -9999 -9999 -9999 -9999
30.5856761932373 30.5983772277832 30.6162147521973 30.6259727478027 30.628589630127 30.6284122467041 30.630916595459 30.6322917938232 30.6209411621094 30.6138820648193 30.5861263275146 30.5777454376221 30.5728511810303 30.5609683990479 30.5548114776611 30.5518245697021 30.5418395996094 30.5348739624023 30.5274085998535 30.5123920440674 30.511833190918 30.5014953613281 30.4835262298584 30.4796028137207 30.4812240600586 30.4908294677734 30.4914855957031 30.4976177215576 30.4856204986572 30.4782524108887 30.4625034332275 30.4594173431396 30.4519939422607 30.4479427337646 30.4320964813232 30.4254875183105 30.423900604248 30.4244518280029 30.4211978912354 30.4161777496338 30.4045963287354 -9999 -9999 -9999 -9999 -9999 -9999 -9999 -9999 -9999 -9999 -9999 -9999 -9999 -9999 -9999 -9999
30.582555770874 30.5999050140381 30.6161212921143 30.6321792602539 30.6292266845703 30.6300945281982 30.631462097168 30.6276435852051 30.6234283447266 30.6062908172607 30.5964069366455 30.567512512207 30.5454883575439 30.5501003265381 30.5519752502441 30.5384521484375 30.5337009429932 30.5285358428955 30.5104331970215 30.5001945495605 30.5047931671143 30.4827880859375 30.4676570892334 30.443696975708 30.4420413970947 30.46457862854 30.4737491607666 30.4803237915039 30.4650535583496 30.4647769927979 30.4509029388428 30.4490909576416 30.4392738342285 30.4339160919189 30.4291553497314 30.41672706604 30.4217014312744 30.4179954528809 30.4140071868896 -9999 -9999 -9999 -9999 -9999 -9999 -9999 -9999 -9999 -9999 -9999 -9999 -9999 -9999 -9999 -9999 -9999 -9999
30.6084995269775 30.6272945404053 30.638240814209 30.6531276702881 30.6402606964111 30.6410980224609 30.6312313079834 30.6290473937988 30.6274452209473 30.6081085205078 30.5901775360107 30.5544242858887 30.5361480712891 30.540828704834 30.537914276123 30.5246410369873 30.5161762237549 30.5075035095215 30.5006332397461 30.4903869628906 30.481201171875 30.4568099975586 30.4408874511719 30.4144477844238 30.4124088287354 30.4371452331543 30.4462203979492 30.4522476196289 30.4398727416992 30.4405765533447 30.4273662567139 30.424596786499 30.4123306274414 30.4144325256348 30.4096221923828 30.4055824279785 -9999 -9999 -9999 -9999 -9999 -9999 -9999 -9999 -9999 -9999 -9999 -9999 -9999 -9999 -9999 -9999 -9999 -9999 -9999 -9999 -9999
30.626651763916 30.6428756713867 30.651309967041 30.6576080322266 30.6508960723877 30.6457710266113 30.6366729736328 30.6343383789062 30.6220321655273 30.6090698242188 30.5904426574707 30.5696506500244 30.5483951568604 30.5327911376953 30.528923034668 30.5240039825439 30.5104751586914 30.4972038269043 30.4980125427246 30.4717884063721 30.4698314666748 30.4517726898193 30.427640914917 30.4247627258301 30.4258079528809 30.4327831268311 30.4386825561523 30.442834854126 30.4233493804932 30.4298343658447 30.4261646270752 30.4165840148926 30.4170799255371 -9999 -9999 -9999 -9999 -9999 -9999 -9999 -9999 -9999 -9999 -9999 -9999 -9999 -9999 -9999 -9999 -9999 -9999 -9999 -9999 -9999 -9999 -9999 -9999
30.6488819122314 30.6587791442871 30.663553237915 30.6672649383545 30.6549587249756 30.6569805145264 30.6372375488281 30.63303565979 30.6336898803711 30.6042175292969 30.5880069732666 30.5811920166016 30.557487487793 30.5396156311035 30.5360145568848 30.5160274505615 30.5061912536621 30.4978370666504 30.4865283966064 30.4781970977783 30.4720935821533 30.4471321105957 30.439905166626 30.4377365112305 30.4329719543457 30.4400634765625 30.4419574737549 30.441291809082 30.4400520324707 30.4200191497803 30.4214344024658 -9999 -9999 -9999 -9999 -9999 -9999 -9999 -9999 -9999 -9999 -9999 -9999 -9999 -9999 -9999 -9999 -9999 -9999 -9999 -9999 -9999 -9999 -9999 -9999 -9999 -9999
30.6904602050781 30.6942481994629 30.6965103149414 30.6975898742676 30.6839542388916 30.6802082061768 30.6583843231201 30.6460304260254 30.6500606536865 30.6152782440186 30.6032085418701 30.5841598510742 30.5630874633789 30.5383987426758 30.5330333709717 30.5113315582275 30.4920043945312 30.4847145080566 30.4749870300293 30.4639472961426 30.4599342346191 30.4415874481201 30.4271965026855 30.4265613555908 30.4200248718262 30.426794052124 30.4265537261963 30.4201278686523 -9999 -9999 -9999 -9999 -9999 -9999 -9999 -9999 -9999 -9999 -9999 -9999 -9999 -9999 -9999 -9999 -9999 -9999 -9999 -9999 -9999 -9999 -9999 -9999 -9999 -9999 -9999 -9999 -9999
30.7062568664551 30.7139530181885 30.7095222473145 30.6998176574707 30.694221496582 30.6853923797607 30.6716804504395 30.6563186645508 30.6395130157471 30.6298141479492 30.5958271026611 30.58518409729 30.5742874145508 30.5333156585693 30.52854347229 30.5115642547607 30.4946060180664 30.4734001159668 30.47607421875 30.4680480957031 30.449556350708 30.4426498413086 30.4199447631836 30.4195499420166 30.4214839935303 30.4267272949219 -9999 -9999 -9999 -9999 -9999 -9999 -9999 -9999 -9999 -9999 -9999 -9999 -9999 -9999 -9999 -9999 -9999 -9999 -9999 -9999 -9999 -9999 -9999 -9999 -9999 -9999 -9999 -9999 -9999 -9999 -9999
30.718713760376 30.7231845855713 30.7246055603027 30.7112827301025 30.7056522369385 30.70436668396 30.6833763122559 30.6782169342041 30.6681995391846 30.6341228485107 30.6244564056396 30.6117362976074 30.5761661529541 30.5506935119629 30.5395450592041 30.517370223999 30.5074672698975 30.4916172027588 30.4676113128662 30.4579219818115 30.4505290985107 30.4331588745117 30.4283313751221 -9999 -9999 -9999 -9999 -9999 -9999 -9999 -9999 -9999 -9999 -9999 -9999 -9999 -9999 -9999 -9999 -9999 -9999 -9999 -9999 -9999 -9999 -9999 -9999 -9999 -9999 -9999 -9999 -9999 -9999 -9999 -9999 -9999 -9999
30.754487991333 30.7554569244385 30.7482242584229 30.743688583374 30.7405338287354 30.7403774261475 30.7208957672119 30.7135467529297 30.6999092102051 30.6658554077148 30.6485862731934 30.6377696990967 30.5984001159668 30.5571136474609 30.5484237670898 30.5149536132812 30.4912052154541 30.4779510498047 30.4514503479004 30.4338092803955 -9999 -9999 -9999 -9999 -9999 -9999 -9999 -9999 -9999 -9999 -9999 -9999 -9999 -9999 -9999 -9999 -9999 -9999 -9999 -9999 -9999 -9999 -9999 -9999 -9999 -9999 -9999 -9999 -9999 -9999 -9999 -9999 -9999 -9999 -9999 -9999 -9999
30.7665481567383 30.7669773101807 30.7587337493896 30.7547149658203 30.7586212158203 30.7474460601807 30.7433280944824 30.7422161102295 30.7133007049561 30.6928577423096 30.67262840271 30.6478939056396 30.6272239685059 30.5864505767822 30.5466556549072 30.5265483856201 30.5005264282227 30.4673843383789 30.4523754119873 30.4441566467285 -9999 -9999 -9999 -9999 -9999 -9999 -9999 -9999 -9999 -9999 -9999 -9999 -9999 -9999 -9999 -9999 -9999 -9999 -9999 -9999 -9999 -9999 -9999 -9999 -9999 -9999 -9999 -9999 -9999 -9999 -9999 -9999 -9999 -9999 -9999 -9999 -9999
30.772331237793 30.7681941986084 30.7701091766357 30.7656230926514 30.7675628662109 30.7662239074707 30.7502765655518 30.7450923919678 30.7422485351562 30.6985492706299 30.6903820037842 30.6929473876953 30.6340446472168 30.613525390625 30.5687656402588 30.50661277771 30.485050201416 30.4663677215576 30.4232139587402 -9999 -9999 -9999 -9999 -9999 -9999 -9999 -9999 -9999 -9999 -9999 -9999 -9999 -9999 -9999 -9999 -9999 -9999 -9999 -9999 -9999 -9999 -9999 -9999 -9999 -9999 -9999 -9999 -9999 -9999 -9999 -9999 -9999 -9999 -9999 -9999 -9999 -9999
30.7847728729248 30.7891941070557 30.7948303222656 30.7918148040771 30.7955741882324 30.7886543273926 30.781063079834 30.7906551361084 30.7756938934326 30.7417640686035 30.7321529388428 30.7447814941406 30.6846084594727 30.6191158294678 30.5700092315674 30.500638961792 30.4615688323975 30.4261131286621 -9999 -9999 -9999 -9999 -9999 -9999 -9999 -9999 -9999 -9999 -9999 -9999 -9999 -9999 -9999 -9999 -9999 -9999 -9999 -9999 -9999 -9999 -9999 -9999 -9999 -9999 -9999 -9999 -9999 -9999 -9999 -9999 -9999 -9999 -9999 -9999 -9999 -9999 -9999
30.7925224304199 30.8012447357178 30.8030433654785 30.8033981323242 30.8025798797607 30.7954521179199 30.8012084960938 30.8153495788574 30.7756443023682 30.7666397094727 30.7724075317383 30.7274780273438 30.6975421905518 30.6150321960449 30.5507659912109 30.5088329315186 30.4478816986084 -9999 -9999 -9999 -9999 -9999 -9999 -9999 -9999 -9999 -9999 -9999 -9999 -9999 -9999 -9999 -9999 -9999 -9999 -9999 -9999 -9999 -9999 -9999 -9999 -9999 -9999 -9999 -9999 -9999 -9999 -9999 -9999 -9999 -9999 -9999 -9999 -9999 -9999 -9999 -9999
30.8024444580078 30.8047714233398 30.8059406280518 30.8002738952637 30.8030872344971 30.8050155639648 30.8030033111572 30.7906303405762 30.7884216308594 30.7536544799805 30.7504539489746 30.7342834472656 30.6531734466553 30.6157932281494 30.569263458252 30.484203338623 30.4603595733643 -9999 -9999 -9999 -9999 -9999 -9999 -9999 -9999 -9999 -9999 -9999 -9999 -9999 -9999 -9999 -9999 -9999 -9999 -9999 -9999 -9999 -9999 -9999 -9999 -9999 -9999 -9999 -9999 -9999 -9999 -9999 -9999 -9999 -9999 -9999 -9999 -9999 -9999 -9999 -9999
30.8078022003174 30.8111095428467 30.8119964599609 30.8089504241943 30.8118553161621 30.8124198913574 30.8110809326172 30.7970333099365 30.7868366241455 30.7599258422852 30.7382335662842 30.7178344726562 30.6589069366455 30.6203308105469 30.5564079284668 30.4932537078857 -9999 -9999 -9999 -9999 -9999 -9999 -9999 -9999 -9999 -9999 -9999 -9999 -9999 -9999 -9999 -9999 -9999 -9999 -9999 -9999 -9999 -9999 -9999 -9999 -9999 -9999 -9999 -9999 -9999 -9999 -9999 -9999 -9999 -9999 -9999 -9999 -9999 -9999 -9999 -9999 -9999
30.8105792999268 30.8108329772949 30.805269241333 30.8117637634277 30.8270721435547 30.816312789917 30.8092861175537 30.8414192199707 30.7800712585449 30.7616481781006 30.7816753387451 30.7052345275879 30.664888381958 -9999 -9999 -9999 -9999 -9999 -9999 -9999 -9999 -9999 -9999 -9999 -9999 -9999 -9999 -9999 -9999 -9999 -9999 -9999 -9999 -9999 -9999 -9999 -9999 -9999 -9999 -9999 -9999 -9999 -9999 -9999 -9999 -9999 -9999 -9999 -9999 -9999 -9999 -9999 -9999 -9999 -9999 -9999 -9999
30.8016834259033 30.8014469146729 30.803581237793 30.8090877532959 30.8137969970703 30.8136234283447 30.8040103912354 30.7947292327881 30.7696189880371 -9999 -9999 -9999 -9999 -9999 -9999 -9999 -9999 -9999 -9999 -9999 -9999 -9999 -9999 -9999 -9999 -9999 -9999 -9999 -9999 -9999 -9999 -9999 -9999 -9999 -9999 -9999 -9999 -9999 -9999 -9999 -9999 -9999 -9999 -9999 -9999 -9999 -9999 -9999 -9999 -9999 -9999 -9999 -9999 -9999 -9999 -9999 -9999
