G_variables/Set1/RCP6_2050/Sur_tem_min.asc
NCOLS 229 
NROWS 147 
XLLCORNER -101.25 
YLLCORNER 14.3333333333333 
CELLSIZE 0.0833333333333333 
NODATA_value -9999 
[rows 78 to 103 of 147, columns 57 to 113 of 229]
22.4796352386475 22.4962024688721 22.5375518798828 22.6209125518799 22.6486835479736 22.6660804748535 22.7467803955078 22.7542743682861 22.7664108276367 22.8365650177002 22.8401546478271 22.8476524353027 22.8709316253662 22.8658714294434 22.8649711608887 22.8716602325439 22.8802375793457 22.8839435577393 22.9143409729004 22.919864654541 22.9280185699463 22.955005645752 22.969575881958 22.977144241333 22.98610496521 22.9917163848877 22.9996547698975 23.0244216918945 23.0314502716064 23.038106918335 23.0761432647705 23.0934963226318 23.0976181030273 23.1311950683594 23.1359100341797 23.1363906860352 23.1541500091553 23.1488513946533 23.1567497253418 23.1763191223145 23.1739902496338 23.1731224060059 23.1749687194824 23.177906036377 23.175106048584 23.1869068145752 23.1839752197266 23.17893409729 23.1719951629639 23.1451148986816 23.1468887329102 23.1654815673828 23.1631278991699 23.1532077789307 23.1579036712646 23.1519870758057 23.1314601898193
22.455286026001 22.4437980651855 22.461109161377 22.5392036437988 22.5717906951904 22.5963191986084 22.6916942596436 22.7041645050049 22.7481384277344 22.8140735626221 22.8254852294922 22.8444728851318 22.8815517425537 22.8835105895996 22.8789463043213 22.8758983612061 22.8678951263428 22.8737239837646 22.8932800292969 22.8887977600098 22.8967990875244 22.9217071533203 22.9309692382812 22.9252910614014 22.9531517028809 22.9667739868164 22.9721965789795 23.0030956268311 23.0305290222168 23.0392093658447 23.0789279937744 23.0923690795898 23.1175136566162 23.154670715332 23.1489276885986 23.1601676940918 23.1556339263916 23.1600608825684 23.1679630279541 23.1888217926025 23.1793003082275 23.1846466064453 23.1948184967041 23.1925048828125 23.1999206542969 23.2174091339111 23.2293338775635 23.2328433990479 23.1958026885986 23.1975116729736 23.2160015106201 23.2373447418213 23.2286624908447 23.2364406585693 23.2408828735352 23.2355766296387 23.2266387939453
22.4246501922607 22.3943862915039 22.4668560028076 22.4932346343994 22.5027885437012 22.6054725646973 22.6446266174316 22.7229518890381 22.7623748779297 22.794189453125 22.8687934875488 22.8552417755127 22.8791389465332 22.9202861785889 22.883731842041 22.874059677124 22.8727397918701 22.8704032897949 22.8761043548584 22.8717155456543 22.8879413604736 22.9014701843262 22.9272136688232 22.929594039917 22.9299411773682 22.9397163391113 22.963924407959 22.9820384979248 23.0094203948975 23.0405216217041 23.0599327087402 23.0994453430176 23.1261920928955 23.1421585083008 23.1624431610107 23.1611976623535 23.1506671905518 23.1514530181885 23.1736221313477 23.1830539703369 23.1983051300049 23.1943454742432 23.1903266906738 23.1884765625 23.2130889892578 23.2179260253906 23.2134838104248 23.2325687408447 23.2149085998535 23.2206268310547 23.2423686981201 23.240514755249 23.2567596435547 23.2648658752441 23.2663440704346 23.2780151367188 23.241626739502
22.4048938751221 22.4284267425537 22.463695526123 22.4984340667725 22.5367202758789 22.5573692321777 22.6591148376465 22.6919288635254 22.7200908660889 22.8055210113525 22.8284435272217 22.8559226989746 22.8841991424561 22.8877620697021 22.886646270752 22.8736782073975 22.8711719512939 22.8645248413086 22.8574085235596 22.8691368103027 22.8767070770264 22.883472442627 22.8967514038086 22.9012413024902 22.9225883483887 22.9282855987549 22.9319934844971 22.9809684753418 22.9908752441406 23.0018978118896 23.0660877227783 23.0920257568359 23.1030006408691 23.1527671813965 23.1487636566162 23.1529293060303 23.1660041809082 23.1669425964355 23.1720066070557 23.1921653747559 23.1921977996826 23.1887874603271 23.2110500335693 23.2035160064697 23.2083930969238 23.2418155670166 23.2271747589111 23.2318878173828 23.2499370574951 23.2544364929199 23.2495651245117 23.2786865234375 23.282096862793 23.2835254669189 23.295446395874 23.2889862060547 23.2808971405029
-9999 22.4025535583496 22.4134635925293 22.4608898162842 22.4737987518311 22.5003032684326 22.6013565063477 22.6488342285156 22.666410446167 22.7637786865234 22.8071823120117 22.8416957855225 22.8732242584229 22.8920078277588 22.8839359283447 22.8665580749512 22.8509006500244 22.8463230133057 22.8365039825439 22.8385009765625 22.8466300964355 22.8583641052246 22.8593692779541 22.8652191162109 22.8829326629639 22.8836460113525 22.9027633666992 22.9515609741211 22.9608039855957 22.9973468780518 23.0685405731201 23.0870628356934 23.1191501617432 23.1714363098145 23.1827068328857 23.1766338348389 23.1937942504883 23.1984996795654 23.1966342926025 23.2172927856445 23.222053527832 23.2225914001465 23.2374649047852 23.2510623931885 23.2562141418457 23.293285369873 23.2881641387939 23.2948932647705 23.3171520233154 23.3388233184814 23.3407649993896 23.3610954284668 23.3707656860352 23.3689994812012 23.3845901489258 23.3764057159424 23.366605758667
-9999 22.3651790618896 22.4169082641602 22.4524574279785 22.4253025054932 22.5254859924316 22.5692291259766 22.6074600219727 22.680570602417 22.7471199035645 22.8467464447021 22.847282409668 22.8660049438477 22.9231014251709 22.8758869171143 22.8542366027832 22.8039798736572 22.8298740386963 22.8268566131592 22.7990055084229 22.8407955169678 22.8460292816162 22.8294124603271 22.8623962402344 22.8593368530273 22.8190765380859 22.8936328887939 22.9211769104004 22.9224491119385 23.0011119842529 23.0377922058105 23.1017150878906 23.1341571807861 23.1563663482666 23.1928844451904 23.1937103271484 23.1873073577881 23.1936416625977 23.2126960754395 23.213415145874 23.2137870788574 23.2335720062256 23.2343196868896 23.24391746521 23.2818908691406 23.2952613830566 23.2779884338379 23.3298320770264 23.324686050415 23.355598449707 23.380313873291 23.3814640045166 23.4091911315918 23.4027538299561 23.4074363708496 23.4330043792725 23.3804893493652
-9999 22.3995418548584 22.4271221160889 22.4443740844727 22.4758491516113 22.5004539489746 22.5837383270264 22.5943012237549 22.6481552124023 22.7519073486328 22.7911720275879 22.8161602020264 22.8733367919922 22.8756542205811 22.862886428833 22.8569011688232 22.8371391296387 22.8284816741943 22.8169326782227 22.8333415985107 22.8453121185303 22.8506546020508 22.8448963165283 22.8461265563965 22.866361618042 22.8667068481445 22.8789825439453 22.9463481903076 22.9658966064453 22.9797115325928 23.0674991607666 23.0950088500977 23.121940612793 23.1839618682861 23.1815357208252 23.1786823272705 23.20973777771 23.2190227508545 23.2152652740479 23.2335319519043 23.2312183380127 23.231746673584 23.2566699981689 23.2665157318115 23.2786540985107 23.3320045471191 23.3023357391357 23.3197021484375 23.3680667877197 23.3859024047852 23.3912448883057 23.4245738983154 23.4256687164307 23.4214000701904 23.4313182830811 23.4307079315186 23.4209136962891
-9999 -9999 22.4279479980469 22.4406661987305 22.4463024139404 22.4653568267822 22.5423603057861 22.576150894165 22.5970554351807 22.7170124053955 22.7603511810303 22.7800006866455 22.8451442718506 22.8711948394775 22.8681564331055 22.8639469146729 22.8597640991211 22.8559188842773 22.8457946777344 22.8517475128174 22.8598670959473 22.8571643829346 22.8567962646484 22.8550357818604 22.8814105987549 22.8990459442139 22.9076976776123 22.9781246185303 23.0094375610352 23.0272731781006 23.1147117614746 23.137523651123 23.1699981689453 23.232458114624 23.2319927215576 23.2319221496582 23.2597045898438 23.2686557769775 23.2657737731934 23.2874889373779 23.2935047149658 23.2966690063477 23.3331146240234 23.3287830352783 23.3552074432373 23.4123611450195 23.4009819030762 23.4112987518311 23.4754791259766 23.4691848754883 23.4828205108643 23.5200138092041 23.5225639343262 23.5197277069092 23.5180644989014 23.5018291473389 23.4869766235352
-9999 -9999 22.4310932159424 22.43381690979 22.4070625305176 22.4791660308838 22.5039138793945 22.5147914886475 22.6116027832031 22.6717967987061 22.723970413208 22.7869567871094 22.8231391906738 22.9004535675049 22.8722190856934 22.860860824585 22.8629112243652 22.860897064209 22.8549156188965 22.8356552124023 22.8622131347656 22.8606204986572 22.848123550415 22.8785495758057 22.8781223297119 22.8513507843018 22.9320602416992 22.9634418487549 22.9814853668213 23.0633201599121 23.0992698669434 23.1508293151855 23.2006034851074 23.2243709564209 23.2442760467529 23.2603435516357 23.2623291015625 23.2654514312744 23.2897663116455 23.2949962615967 23.286958694458 23.3280334472656 23.3394966125488 23.3249702453613 23.3917675018311 23.4150619506836 23.4021778106689 23.4595642089844 23.4837589263916 23.5068645477295 23.5298633575439 23.5341796875 23.5695056915283 23.553560256958 23.5511379241943 23.5656299591064 23.4934387207031
-9999 -9999 22.433464050293 22.4430313110352 22.4451656341553 22.4788436889648 22.515308380127 22.5285606384277 22.5946598052979 22.6948471069336 22.7160034179688 22.7565288543701 22.8435974121094 22.8544311523438 22.8555278778076 22.8865261077881 22.8818950653076 22.8718605041504 22.8743228912354 22.8740482330322 22.869815826416 22.8811225891113 22.878101348877 22.8876094818115 22.9192276000977 22.9207134246826 22.9445972442627 23.0135440826416 23.0468940734863 23.0668830871582 23.1542987823486 23.1942367553711 23.2093505859375 23.2558269500732 23.2707233428955 23.2756080627441 23.3079166412354 23.3072738647461 23.3140869140625 23.336217880249 23.3351917266846 23.3470096588135 23.3922119140625 23.3891983032227 23.4092922210693 23.4383907318115 23.4596195220947 23.4714431762695 23.5403366088867 23.5619926452637 23.5499706268311 23.5766735076904 23.5787029266357 23.5864696502686 23.5722808837891 23.5631847381592 23.5352249145508
-9999 -9999 -9999 -9999 22.4622573852539 22.4787044525146 22.5278987884521 22.5481986999512 22.5836372375488 22.6820430755615 22.7020950317383 22.7405834197998 22.8314476013184 22.8436660766602 22.8698787689209 22.9096946716309 22.9198417663574 22.9180316925049 22.9227714538574 22.9225597381592 22.9220523834229 22.9273014068604 22.9378490447998 22.956111907959 23.0007953643799 23.0103378295898 23.0228595733643 23.0932197570801 23.1307411193848 23.1471939086914 23.2326278686523 23.2768516540527 23.2917499542236 23.339017868042 23.36594581604 23.3743515014648 23.4106750488281 23.4274215698242 23.4231185913086 23.4409523010254 23.4419803619385 23.4617595672607 23.510217666626 23.524866104126 23.5386753082275 23.5717792510986 23.586597442627 23.5966377258301 23.6594276428223 23.6621532440186 23.6543788909912 23.6623153686523 23.6527900695801 23.6443729400635 23.6254787445068 23.6021213531494 23.5944061279297
-9999 -9999 -9999 -9999 22.4183826446533 22.4935493469238 22.5362377166748 22.5116481781006 22.6115951538086 22.6481056213379 22.6761169433594 22.7642097473145 22.8070602416992 22.8649406433105 22.887357711792 22.9027709960938 22.9437141418457 22.9328899383545 22.9321384429932 22.9304656982422 22.9415969848633 22.9431629180908 22.9582633972168 22.9893951416016 23.0050735473633 23.0103397369385 23.0707187652588 23.1007995605469 23.1613349914551 23.2058238983154 23.237340927124 23.3009834289551 23.3450241088867 23.3534545898438 23.389965057373 23.4210987091064 23.4312210083008 23.4351005554199 23.4699993133545 23.4645881652832 23.4462471008301 23.5143852233887 23.5339641571045 23.5277061462402 23.5999126434326 23.5925769805908 23.6211853027344 23.662223815918 23.678430557251 23.7088813781738 23.70481300354 23.6855564117432 23.7297554016113 23.6647109985352 23.6694183349609 23.7024784088135 23.5968532562256
-9999 -9999 -9999 -9999 -9999 22.506908416748 22.5495700836182 22.5756492614746 22.62668800354 22.6891117095947 22.7049045562744 22.7540760040283 22.8428592681885 22.8664150238037 22.8771133422852 22.9305629730225 22.9356365203857 22.9327945709229 22.9573287963867 22.9583072662354 22.94215965271 22.9747009277344 22.9813442230225 22.9927711486816 23.0452575683594 23.068775177002 23.0742206573486 23.1545581817627 23.1908016204834 23.2086410522461 23.3004341125488 23.3408145904541 23.3473281860352 23.4220504760742 23.4434814453125 23.4533729553223 23.4837493896484 23.4953536987305 23.5016212463379 23.5383682250977 23.5407791137695 23.5517311096191 23.6088638305664 23.620454788208 23.6028747558594 23.6649036407471 23.67356300354 23.6985397338867 23.7254695892334 23.7278327941895 23.7383651733398 23.7162075042725 23.7220001220703 23.7083911895752 23.6591930389404 23.6451644897461 23.621509552002
-9999 -9999 -9999 -9999 -9999 -9999 22.5954208374023 22.6114330291748 22.6568775177002 22.7251224517822 22.7549381256104 22.7730617523193 22.8576793670654 22.8701343536377 22.8973274230957 22.9520416259766 22.9593029022217 22.9769992828369 23.0049457550049 23.0225028991699 23.009370803833 23.0427627563477 23.0510082244873 23.0758228302002 23.1309757232666 23.146671295166 23.1774444580078 23.2473602294922 23.2886829376221 23.3095779418945 23.4047088623047 23.4183807373047 23.4649391174316 23.5453338623047 23.5765075683594 23.5845794677734 23.6164588928223 23.6270809173584 23.6339836120605 23.6741771697998 23.6769943237305 23.6913528442383 23.7510147094727 23.7582340240479 23.7338199615479 23.7930431365967 23.798318862915 23.7938709259033 23.8113479614258 23.8140525817871 23.7906341552734 23.7612571716309 23.7324352264404 23.7202281951904 23.6644439697266 23.6463413238525 23.6298923492432
-9999 -9999 -9999 -9999 -9999 -9999 22.6157302856445 22.6568183898926 22.6908988952637 22.7505645751953 22.7676868438721 22.8152008056641 22.8412647247314 22.9066543579102 22.9245872497559 22.9434947967529 22.9964065551758 22.9955711364746 23.0028781890869 23.0209655761719 23.0357818603516 23.0517349243164 23.0686187744141 23.1136684417725 23.1340465545654 23.1626396179199 23.2264747619629 23.2490234375 23.2956638336182 23.3714275360107 23.411247253418 23.459997177124 23.5277271270752 23.5663051605225 23.6429042816162 23.6387424468994 23.6335124969482 23.6978664398193 23.6975517272949 23.7095279693604 23.742208480835 23.7600345611572 23.7862377166748 23.8539028167725 23.8044948577881 23.8246803283691 23.9341659545898 23.8434677124023 23.835880279541 23.9183673858643 23.8109569549561 23.7784004211426 23.757833480835 23.7156620025635 23.6881866455078 23.6304454803467 23.617036819458
-9999 -9999 -9999 -9999 -9999 -9999 -9999 -9999 22.7078380584717 22.7580509185791 22.7744426727295 22.8213481903076 22.8682861328125 22.8811092376709 22.9062061309814 22.9673748016357 22.9769096374512 22.9758625030518 23.0248794555664 23.0308494567871 23.0353012084961 23.0852699279785 23.0973110198975 23.1177368164062 23.1799640655518 23.1935234069824 23.2286586761475 23.319356918335 23.3298816680908 23.372594833374 23.4765167236328 23.500602722168 23.537446975708 23.6322822570801 23.6403579711914 23.6483764648438 23.6891841888428 23.6953048706055 23.7131958007812 23.7573566436768 23.7630157470703 23.7776107788086 23.8156394958496 23.7976512908936 23.8143882751465 23.8362045288086 23.8596744537354 23.846061706543 23.8230457305908 23.8321647644043 23.8132305145264 23.7592716217041 23.7500057220459 23.7328109741211 23.6821918487549 23.6581249237061 23.6425666809082
-9999 -9999 -9999 -9999 -9999 -9999 -9999 22.7058620452881 22.7214908599854 -9999 22.7818202972412 22.8386688232422 22.8683185577393 22.8967399597168 22.920108795166 22.9635276794434 22.9969024658203 23.0113258361816 23.0415687561035 23.0837745666504 23.1007957458496 23.1482181549072 23.1665306091309 23.1824569702148 23.2447471618652 23.2605304718018 23.294469833374 23.3868389129639 23.4065818786621 23.454216003418 23.5682315826416 23.5956783294678 23.6335754394531 23.719425201416 23.7355403900146 23.7452335357666 23.7848358154297 23.7996368408203 23.798189163208 23.8438377380371 23.8558826446533 23.856876373291 23.8865852355957 23.8751850128174 23.8668575286865 23.879056930542 23.8582763671875 23.8385791778564 23.8322467803955 23.808162689209 23.7939472198486 23.7531223297119 23.7368659973145 23.7328777313232 23.6903610229492 23.6774826049805 23.6690464019775
-9999 -9999 -9999 -9999 -9999 -9999 -9999 -9999 -9999 -9999 -9999 -9999 -9999 -9999 -9999 -9999 23.0166854858398 23.0200977325439 23.0575408935547 23.0978679656982 23.1312808990479 23.1507358551025 23.2123870849609 23.2180328369141 23.2390594482422 23.2964248657227 23.345064163208 23.3834609985352 23.4464664459229 23.5183773040771 23.566276550293 23.6914005279541 23.6897163391113 23.7211666107178 23.8389701843262 23.7981586456299 23.7977294921875 23.8669757843018 23.8400955200195 23.8463306427002 23.8960857391357 23.8768177032471 23.8918724060059 23.9386196136475 23.8745822906494 23.8760223388672 23.8525447845459 23.8476085662842 23.8226432800293 -9999 -9999 -9999 -9999 23.7113609313965 23.7138385772705 23.6665134429932 23.6717433929443
-9999 -9999 -9999 -9999 -9999 -9999 -9999 -9999 -9999 -9999 -9999 -9999 -9999 -9999 -9999 -9999 -9999 23.0739212036133 23.0801658630371 23.1084632873535 23.1428508758545 23.1794948577881 23.1937789916992 23.1939907073975 23.2530746459961 23.2768630981445 23.3178901672363 23.4183349609375 23.4318180084229 23.4845848083496 23.6015682220459 23.6468658447266 23.659688949585 23.751672744751 23.7867546081543 23.781831741333 23.8144264221191 23.8210983276367 23.8288097381592 23.853178024292 23.8597469329834 23.8806285858154 23.8794898986816 23.8717460632324 23.8778324127197 -9999 -9999 -9999 -9999 -9999 -9999 -9999 -9999 23.7241439819336 23.712366104126 23.6904830932617 23.6835269927979
-9999 -9999 -9999 -9999 -9999 -9999 -9999 -9999 -9999 -9999 -9999 -9999 -9999 -9999 -9999 -9999 -9999 -9999 -9999 -9999 23.1822128295898 23.2162914276123 23.2355670928955 23.2247371673584 23.2781867980957 23.3194904327393 23.3534908294678 23.4563980102539 23.485746383667 23.5170650482178 23.6285839080811 23.6562690734863 23.6958332061768 23.7554187774658 23.781759262085 23.795524597168 23.8176116943359 23.8184204101562 23.840259552002 23.8617630004883 23.8718662261963 23.8761196136475 23.8706283569336 23.8690853118896 -9999 -9999 -9999 -9999 -9999 -9999 -9999 -9999 -9999 -9999 -9999 23.7035388946533 23.7086639404297
-9999 -9999 -9999 -9999 -9999 -9999 -9999 -9999 -9999 -9999 -9999 -9999 -9999 -9999 -9999 -9999 -9999 -9999 -9999 -9999 -9999 23.2486209869385 23.2309341430664 23.2671546936035 23.2806034088135 23.2821273803711 23.385570526123 23.4120082855225 23.4589023590088 23.5496101379395 23.5923671722412 23.6851463317871 23.6930408477783 23.7538757324219 23.8048553466797 23.7970962524414 -9999 -9999 -9999 -9999 23.8808555603027 -9999 -9999 -9999 -9999 -9999 -9999 -9999 -9999 -9999 -9999 -9999 -9999 -9999 -9999 -9999 -9999
-9999 -9999 -9999 -9999 -9999 -9999 -9999 -9999 -9999 -9999 -9999 -9999 -9999 -9999 -9999 -9999 -9999 -9999 -9999 -9999 -9999 -9999 23.2720203399658 23.294319152832 23.3280220031738 23.3533535003662 23.364896774292 23.4493389129639 23.4982242584229 23.5270557403564 23.5853004455566 23.6489009857178 23.6960945129395 23.7147903442383 23.7623901367188 -9999 -9999 -9999 -9999 -9999 -9999 -9999 -9999 -9999 -9999 -9999 -9999 -9999 -9999 -9999 -9999 -9999 -9999 -9999 -9999 -9999 -9999
-9999 -9999 -9999 -9999 -9999 -9999 -9999 -9999 -9999 -9999 -9999 -9999 -9999 -9999 -9999 -9999 -9999 -9999 -9999 -9999 -9999 -9999 -9999 23.3357982635498 23.3520698547363 23.3793315887451 23.4003562927246 23.4653949737549 23.5056915283203 23.5405445098877 -9999 23.6471080780029 -9999 -9999 -9999 -9999 -9999 -9999 -9999 -9999 -9999 -9999 -9999 -9999 -9999 -9999 -9999 -9999 -9999 -9999 -9999 -9999 -9999 -9999 -9999 -9999 -9999
-9999 -9999 -9999 -9999 -9999 -9999 -9999 -9999 -9999 -9999 -9999 -9999 -9999 -9999 -9999 -9999 -9999 -9999 -9999 -9999 -9999 -9999 -9999 -9999 23.3697490692139 23.3965816497803 -9999 -9999 -9999 -9999 -9999 -9999 -9999 -9999 -9999 -9999 -9999 -9999 -9999 -9999 -9999 -9999 -9999 -9999 -9999 -9999 -9999 -9999 -9999 -9999 -9999 -9999 -9999 -9999 -9999 -9999 -9999
-9999 -9999 -9999 -9999 -9999 -9999 -9999 -9999 -9999 -9999 -9999 -9999 -9999 -9999 -9999 -9999 -9999 -9999 -9999 -9999 -9999 -9999 -9999 -9999 -9999 -9999 -9999 -9999 -9999 -9999 -9999 -9999 -9999 -9999 -9999 -9999 -9999 -9999 -9999 -9999 -9999 -9999 -9999 -9999 -9999 -9999 -9999 -9999 -9999 -9999 -9999 -9999 -9999 -9999 -9999 -9999 -9999
-9999 -9999 -9999 -9999 -9999 -9999 -9999 -9999 -9999 -9999 -9999 -9999 -9999 -9999 -9999 -9999 -9999 -9999 -9999 -9999 -9999 -9999 -9999 -9999 -9999 -9999 -9999 -9999 -9999 -9999 -9999 -9999 -9999 -9999 -9999 -9999 -9999 -9999 -9999 -9999 -9999 -9999 -9999 -9999 -9999 -9999 -9999 -9999 -9999 -9999 -9999 -9999 -9999 -9999 -9999 -9999 -9999
