G_variables/Set1/RCP6_2050/Sur_sal_min.asc
NCOLS 229 
NROWS 147 
XLLCORNER -101.25 
YLLCORNER 14.3333333333333 
CELLSIZE 0.0833333333333333 
NODATA_value -9999 
[rows 52 to 77 of 147, columns 114 to 170 of 229]
35.740795135498 35.8571968078613 35.9105491638184 35.9697303771973 36.0685348510742 36.1182899475098 36.1657485961914 36.2149047851562 36.233829498291 36.2466926574707 36.2509651184082 36.2503662109375 36.2433967590332 36.2327919006348 36.2249374389648 36.2100677490234 36.2037620544434 36.2029190063477 36.1950378417969 36.1771354675293 36.175121307373 36.1681175231934 36.1603240966797 36.1588859558105 36.1511688232422 36.1366920471191 36.1340522766113 36.1318893432617 36.1176300048828 36.1179389953613 36.1145286560059 36.1065444946289 36.1081161499023 36.1020927429199 36.0789375305176 36.0610046386719 36.0451507568359 36.0255012512207 36.0091896057129 36.0066757202148 35.9885520935059 35.9736328125 35.9592514038086 35.9400367736816 35.9203071594238 35.9161949157715 35.9162406921387 35.9182739257812 35.9196739196777 35.9180679321289 35.9202079772949 35.9262809753418 35.9114418029785 35.9055786132812 35.9008369445801 35.8744659423828 35.8658866882324
35.7171211242676 35.8113174438477 35.918041229248 35.9407234191895 36.0309257507324 36.1250534057617 36.1492500305176 36.1951599121094 36.2452964782715 36.2503356933594 36.2565116882324 36.2629928588867 36.2568092346191 36.2471656799316 36.2348022460938 36.2236633300781 36.2134704589844 36.2057075500488 36.198787689209 36.1878929138184 36.1752014160156 36.1715316772461 36.1631126403809 36.1532821655273 36.140697479248 36.1345062255859 36.123104095459 36.1193695068359 36.1175231933594 36.1073532104492 36.106803894043 36.1010475158691 36.0893020629883 36.0885543823242 36.066463470459 36.0423431396484 36.0339241027832 36.0146331787109 35.9883155822754 35.9823837280273 35.9761848449707 35.9528160095215 35.9433975219727 35.9330368041992 35.9120635986328 35.913215637207 35.9138374328613 35.902286529541 35.9037399291992 35.9093894958496 35.8984375 35.8999366760254 35.9059906005859 35.8929824829102 35.8908576965332 35.8836364746094 35.8669929504395
35.7530632019043 35.8345108032227 35.9111862182617 35.9712600708008 36.0677947998047 36.1421318054199 36.1909523010254 36.242301940918 36.2678146362305 36.2748908996582 36.277530670166 36.2750701904297 36.2674026489258 36.2529602050781 36.2481269836426 36.228687286377 36.2100143432617 36.2018890380859 36.1957588195801 36.1744728088379 36.1678886413574 36.1603012084961 36.1415023803711 36.1291465759277 36.1206665039062 36.1048240661621 36.1059265136719 36.099781036377 36.0826530456543 36.0870780944824 36.0842247009277 36.0685806274414 36.0655975341797 36.0615768432617 36.0308990478516 36.0205078125 36.0059089660645 35.9730834960938 35.9613227844238 35.9482650756836 35.9218292236328 35.9222450256348 35.9116439819336 35.8966598510742 35.8951416015625 35.8940505981445 35.8815269470215 35.879093170166 35.8768005371094 35.872013092041 35.8730049133301 35.8709945678711 35.8717460632324 35.874885559082 35.8716621398926 35.8577766418457 35.8594932556152
35.7660903930664 35.842845916748 35.9261436462402 35.983772277832 36.074649810791 36.1590423583984 36.1955223083496 36.2456321716309 36.2763900756836 36.2800369262695 36.2811431884766 36.2767753601074 36.2685508728027 36.2515449523926 36.2479438781738 36.2287330627441 36.2061157226562 36.1989860534668 36.1853790283203 36.1686668395996 36.1588821411133 36.1475677490234 36.1291656494141 36.1200218200684 36.1029052734375 36.0942268371582 36.0867233276367 36.080638885498 36.0714645385742 36.0649337768555 36.0598373413086 36.0522804260254 36.0445861816406 36.031322479248 36.0165061950684 35.997859954834 35.9815292358398 35.9592704772949 35.9367065429688 35.9221458435059 35.9055290222168 35.9005928039551 35.8960151672363 35.8897666931152 35.8868827819824 35.8833885192871 35.8777694702148 35.8656005859375 35.870231628418 35.8685188293457 35.857364654541 35.8527526855469 35.8628997802734 35.8544654846191 35.8544807434082 35.847957611084 35.8410453796387
35.7740859985352 35.8662796020508 35.9668235778809 35.9918060302734 36.0825042724609 36.1690063476562 36.1856117248535 36.2307243347168 36.2700576782227 36.2704734802246 36.2727546691895 36.2679862976074 36.2637786865234 36.2552833557129 36.2362747192383 36.2201881408691 36.2098197937012 36.1815147399902 36.1737403869629 36.1594657897949 36.1344299316406 36.1222457885742 36.1123123168945 36.0868721008301 36.0817832946777 36.0767440795898 36.052906036377 36.0476188659668 36.046085357666 36.0276870727539 36.0280838012695 36.0264549255371 35.9974632263184 35.994758605957 35.9822044372559 35.9490051269531 35.9444694519043 35.9295463562012 35.8934631347656 35.8893165588379 35.8853149414062 35.8610305786133 35.8702507019043 35.8770141601562 35.8609886169434 35.8599700927734 35.8590774536133 35.8514785766602 35.8504295349121 35.8495178222656 35.8329887390137 35.8415985107422 35.8403282165527 35.8253555297852 35.8241348266602 35.8289222717285 35.8208885192871
35.7880096435547 35.8605194091797 35.9653930664062 36.0118141174316 36.0976295471191 36.177173614502 36.2193870544434 36.2483901977539 36.2593612670898 36.2741165161133 36.2642478942871 36.2550201416016 36.2496109008789 36.2294387817383 36.2215805053711 36.2007217407227 36.1682777404785 36.1580657958984 36.1473236083984 36.1099243164062 36.1047592163086 36.0888824462891 36.0541343688965 36.0437507629395 36.0354461669922 36.0084114074707 36.0081062316895 36.0026206970215 35.9829750061035 35.9867210388184 35.9811248779297 35.967586517334 35.960132598877 35.9532775878906 35.9287261962891 35.9095077514648 35.8939552307129 35.8907203674316 35.8687057495117 35.8666610717773 35.8509216308594 35.8420867919922 35.8423805236816 35.8532409667969 35.848274230957 35.8496284484863 35.8398590087891 35.8406639099121 35.8408470153809 35.8270111083984 35.8193130493164 35.8286018371582 35.8171501159668 35.8070755004883 35.8059768676758 35.8088188171387 35.8044242858887
35.7872200012207 35.8589897155762 35.9482460021973 36.0135078430176 36.1008644104004 36.1820526123047 36.218189239502 36.2491798400879 36.2621917724609 36.2547302246094 36.2478332519531 36.2433395385742 36.2331237792969 36.2130661010742 36.1984634399414 36.1805038452148 36.1585884094238 36.137092590332 36.1197814941406 36.0943489074707 36.0771141052246 36.0564422607422 36.0339889526367 36.0159721374512 35.9981918334961 35.9857978820801 35.9696350097656 35.9688377380371 35.9637069702148 35.9520416259766 35.9500007629395 35.9488220214844 35.9293518066406 35.926155090332 35.9151802062988 35.8755073547363 35.871711730957 35.8803291320801 35.856803894043 35.846061706543 35.8459892272949 35.8380165100098 35.8477821350098 35.8393898010254 35.8479537963867 35.8478775024414 35.8415870666504 35.8378143310547 35.8374938964844 35.8227615356445 35.8156814575195 35.81298828125 35.808349609375 35.7982559204102 35.8078689575195 35.8044319152832 35.7945899963379
35.7409515380859 35.8541679382324 35.9600601196289 35.9871940612793 36.0909729003906 36.1734962463379 36.1903533935547 36.2297554016113 36.2457237243652 36.2398262023926 36.2301445007324 36.2106018066406 36.205451965332 36.1927337646484 36.1607398986816 36.1460800170898 36.131965637207 36.096061706543 36.0843505859375 36.0599098205566 36.0210189819336 36.0093040466309 35.9945182800293 35.9584159851074 35.9503517150879 35.9399833679199 35.9121513366699 35.9139823913574 35.9217300415039 35.902286529541 35.9001922607422 35.895637512207 35.8796882629395 35.8787384033203 35.8672180175781 35.8651428222656 35.8631057739258 35.843318939209 35.857551574707 35.8477897644043 35.839427947998 35.8545951843262 35.8413772583008 35.8428916931152 35.8531875610352 35.8404808044434 35.8434906005859 35.8420562744141 35.8272895812988 35.8253898620605 35.8219146728516 35.8055534362793 35.8036193847656 35.8057289123535 35.795280456543 35.7947731018066 35.7975578308105
35.6971549987793 35.8076515197754 35.9275588989258 35.9879722595215 36.095386505127 36.1771774291992 36.2179794311523 36.244068145752 36.2418899536133 36.2361335754395 36.2173461914062 36.1982345581055 36.1777114868164 36.1552047729492 36.1285438537598 36.1109428405762 36.0823020935059 36.0550155639648 36.0374336242676 36.0163154602051 35.9862899780273 35.9686660766602 35.9454727172852 35.9156265258789 35.9086723327637 35.8949928283691 35.8778343200684 35.8797302246094 35.8739280700684 35.8712043762207 35.8641128540039 35.8532485961914 35.8488121032715 35.8488998413086 35.8491134643555 35.8306427001953 35.8427658081055 35.8372230529785 35.8382949829102 35.8371276855469 35.8473777770996 35.8463363647461 -9999 -9999 35.8447456359863 35.8450584411621 35.844783782959 35.845027923584 35.8283767700195 35.8267860412598 35.8251037597656 35.8072052001953 35.8061752319336 35.8100090026855 35.7867851257324 35.7737236022949 35.7774963378906
35.6849212646484 35.7974510192871 35.9034538269043 35.9819602966309 36.0923652648926 36.1701202392578 36.2090606689453 36.2456893920898 36.2442283630371 36.2353591918945 36.2192230224609 36.1877098083496 36.1591300964355 36.1412620544434 36.1114845275879 36.0906524658203 36.0704154968262 36.0316429138184 36.0162239074707 35.9991798400879 35.9561500549316 35.9485969543457 35.9306106567383 35.9047546386719 35.8914642333984 35.8856925964355 35.8755073547363 35.8692092895508 35.8591918945312 35.8568305969238 35.8528213500977 35.8392906188965 35.8321151733398 35.8324394226074 35.8354339599609 35.8212203979492 35.8256645202637 35.832950592041 -9999 -9999 -9999 -9999 -9999 -9999 -9999 -9999 -9999 -9999 -9999 -9999 35.8266334533691 35.8103179931641 35.8102989196777 35.797721862793 35.778076171875 35.7743186950684 -9999
35.6355247497559 35.7740020751953 35.9042510986328 35.9385833740234 36.0528984069824 36.1456832885742 36.1661109924316 36.2086181640625 36.2381134033203 36.2330169677734 36.1993789672852 36.1669044494629 36.1433258056641 36.1141777038574 36.0796890258789 36.0707130432129 36.0430564880371 36.0117111206055 35.9926147460938 35.9608764648438 35.9371566772461 35.9303359985352 35.9097518920898 35.9202117919922 35.9095611572266 35.8847579956055 35.8849868774414 35.8578453063965 35.8584861755371 35.8538703918457 35.8395576477051 35.8321113586426 35.820255279541 35.8200187683105 35.8151016235352 -9999 -9999 -9999 -9999 -9999 -9999 -9999 -9999 -9999 -9999 -9999 -9999 -9999 -9999 -9999 -9999 -9999 -9999 -9999 -9999 -9999 -9999
35.6186408996582 35.7433166503906 35.8735160827637 35.9516372680664 36.0662307739258 36.148868560791 36.1893424987793 36.2280693054199 36.2355613708496 36.2286033630371 36.196403503418 36.1582374572754 36.1273040771484 36.0939140319824 36.0639953613281 36.0402679443359 36.0271339416504 35.9988250732422 35.9804344177246 35.9543800354004 35.9315567016602 35.9307861328125 35.918815612793 35.9176940917969 35.9016914367676 35.8899955749512 35.8767433166504 35.8593978881836 -9999 -9999 -9999 -9999 -9999 -9999 -9999 -9999 -9999 -9999 -9999 -9999 -9999 -9999 -9999 -9999 -9999 -9999 -9999 -9999 -9999 -9999 -9999 -9999 -9999 -9999 -9999 -9999 -9999
35.6076126098633 35.735481262207 35.8595733642578 35.9400596618652 36.0605239868164 36.1399688720703 36.1869354248047 36.2210464477539 36.2170257568359 36.2107963562012 36.1886444091797 36.1481285095215 36.1140060424805 36.0875625610352 36.0534858703613 36.041072845459 36.0238075256348 35.9986763000488 35.9835739135742 35.971981048584 35.9512634277344 35.9453773498535 35.9304962158203 -9999 -9999 -9999 -9999 -9999 -9999 -9999 -9999 -9999 -9999 -9999 -9999 -9999 -9999 -9999 -9999 -9999 -9999 -9999 -9999 -9999 -9999 -9999 -9999 -9999 -9999 -9999 -9999 -9999 -9999 -9999 -9999 -9999 -9999
35.5477981567383 35.7211647033691 35.8613662719727 35.8993110656738 36.0177955627441 36.1168022155762 36.1375770568848 36.1737022399902 36.1956405639648 36.1914939880371 36.1677627563477 36.1282577514648 36.107852935791 36.0762100219727 36.0364952087402 36.0245361328125 36.0239028930664 36.0120964050293 35.9901924133301 35.9814796447754 35.9741020202637 -9999 -9999 -9999 -9999 -9999 -9999 -9999 -9999 -9999 -9999 -9999 -9999 -9999 -9999 -9999 -9999 -9999 -9999 -9999 -9999 -9999 -9999 -9999 -9999 -9999 -9999 -9999 -9999 -9999 -9999 -9999 -9999 -9999 -9999 -9999 -9999
35.531177520752 35.6806221008301 35.835132598877 35.9286041259766 36.024112701416 36.1080665588379 36.1479759216309 36.1760635375977 36.1893615722656 36.1826400756836 36.1569709777832 36.1183242797852 36.0906219482422 36.0451011657715 36.0245704650879 36.0143775939941 36.0106201171875 35.9988059997559 -9999 -9999 -9999 -9999 -9999 -9999 -9999 -9999 -9999 -9999 -9999 -9999 -9999 -9999 -9999 -9999 -9999 -9999 -9999 -9999 -9999 -9999 -9999 -9999 -9999 -9999 -9999 -9999 -9999 -9999 -9999 -9999 -9999 -9999 -9999 -9999 -9999 -9999 -9999
35.510311126709 35.6664772033691 35.8086853027344 35.9108619689941 36.0207099914551 36.0936851501465 36.1318016052246 36.1648178100586 36.1709747314453 36.1672019958496 36.1377983093262 36.1042213439941 36.0735626220703 36.0372886657715 36.0180740356445 36.0014266967773 35.9958572387695 -9999 -9999 -9999 -9999 -9999 -9999 -9999 -9999 -9999 -9999 -9999 -9999 -9999 -9999 -9999 -9999 -9999 -9999 -9999 -9999 -9999 -9999 -9999 -9999 -9999 -9999 -9999 -9999 -9999 -9999 -9999 -9999 -9999 -9999 -9999 -9999 -9999 -9999 -9999 -9999
35.3887786865234 35.6159400939941 35.787654876709 35.8344535827637 35.9692230224609 36.0541496276855 36.0724945068359 36.1150283813477 36.1323432922363 36.1282653808594 36.1061744689941 36.0621185302734 36.047981262207 36.0301132202148 35.9767951965332 35.9668350219727 35.9810028076172 -9999 -9999 -9999 -9999 -9999 -9999 -9999 -9999 -9999 -9999 -9999 -9999 -9999 -9999 -9999 -9999 -9999 -9999 -9999 -9999 -9999 -9999 -9999 -9999 -9999 -9999 -9999 -9999 -9999 -9999 -9999 -9999 -9999 -9999 -9999 -9999 -9999 -9999 -9999 -9999
35.3269538879395 35.5333442687988 35.7409973144531 35.8285293579102 35.9383697509766 36.0248413085938 36.0588798522949 36.0900726318359 36.1120300292969 36.1058044433594 36.0712089538574 36.0373229980469 36.0112953186035 35.9628067016602 35.9402046203613 35.9231300354004 35.9231872558594 -9999 -9999 -9999 -9999 -9999 -9999 -9999 -9999 -9999 -9999 -9999 -9999 -9999 -9999 -9999 -9999 -9999 -9999 -9999 -9999 -9999 -9999 -9999 -9999 -9999 -9999 -9999 -9999 -9999 -9999 -9999 -9999 -9999 -9999 -9999 -9999 -9999 -9999 -9999 -9999
35.2807426452637 35.5035552978516 35.6677513122559 35.7912483215332 35.9185676574707 35.9912185668945 36.0370407104492 36.0772895812988 36.0830268859863 36.0716972351074 36.061107635498 36.0157661437988 35.9855079650879 35.950080871582 35.921070098877 35.9129867553711 -9999 -9999 -9999 -9999 -9999 -9999 -9999 -9999 -9999 -9999 -9999 -9999 -9999 -9999 -9999 -9999 -9999 -9999 -9999 -9999 -9999 -9999 -9999 -9999 -9999 -9999 -9999 -9999 -9999 -9999 -9999 -9999 -9999 -9999 -9999 -9999 -9999 -9999 -9999 -9999 35.5749473571777
35.1127052307129 35.3917808532715 35.6008186340332 35.6611366271973 35.8304595947266 35.93701171875 35.9601058959961 36.017578125 36.0314025878906 36.0316696166992 36.0176200866699 35.9714660644531 35.9513816833496 35.9186210632324 35.8640556335449 35.8537712097168 -9999 -9999 -9999 -9999 -9999 -9999 -9999 -9999 -9999 -9999 -9999 -9999 -9999 -9999 -9999 -9999 -9999 -9999 -9999 -9999 -9999 -9999 -9999 -9999 -9999 -9999 -9999 -9999 -9999 -9999 -9999 -9999 -9999 -9999 -9999 -9999 -9999 -9999 -9999 35.5518913269043 35.5631103515625
35.0177841186523 35.2585258483887 35.5237655639648 35.6383171081543 35.7565078735352 35.8741226196289 35.9182968139648 35.974723815918 36.0163269042969 36.015697479248 35.9876174926758 35.9424629211426 35.9030265808105 35.8456382751465 35.8115310668945 -9999 -9999 -9999 -9999 -9999 -9999 -9999 -9999 -9999 -9999 -9999 -9999 -9999 -9999 -9999 -9999 -9999 -9999 -9999 -9999 -9999 -9999 -9999 -9999 -9999 -9999 -9999 -9999 -9999 -9999 -9999 -9999 -9999 -9999 -9999 -9999 -9999 -9999 -9999 35.5135650634766 35.5301284790039 35.5434837341309
34.935848236084 35.2131462097168 35.433967590332 35.5806312561035 35.7252655029297 35.8087997436523 35.8893127441406 35.9597854614258 35.9815483093262 36.0020446777344 35.9673652648926 35.9177894592285 35.8813934326172 35.8319396972656 35.7997093200684 35.7872695922852 -9999 -9999 -9999 -9999 -9999 -9999 -9999 -9999 -9999 -9999 -9999 -9999 -9999 -9999 -9999 -9999 -9999 -9999 -9999 -9999 -9999 -9999 -9999 -9999 -9999 -9999 -9999 -9999 -9999 -9999 -9999 -9999 -9999 -9999 -9999 -9999 -9999 35.4955825805664 35.4978828430176 35.5238380432129 35.5375175476074
34.7673645019531 35.0626983642578 35.3055877685547 35.3770599365234 35.589282989502 35.7359962463379 35.7675819396973 35.8736610412598 35.921947479248 35.9148406982422 35.917423248291 35.8687171936035 35.8477821350098 35.8137588500977 35.7492523193359 -9999 -9999 -9999 -9999 -9999 -9999 -9999 -9999 -9999 -9999 -9999 -9999 -9999 -9999 -9999 -9999 -9999 -9999 -9999 -9999 -9999 -9999 -9999 -9999 -9999 -9999 -9999 -9999 -9999 -9999 -9999 -9999 -9999 -9999 -9999 -9999 -9999 -9999 35.4879112243652 35.4924697875977 35.4946937561035 35.5025939941406
34.6468658447266 34.8745384216309 35.1550483703613 35.2948799133301 35.4655532836914 35.6299362182617 35.684986114502 35.7826194763184 35.8795585632324 35.8772659301758 35.8737831115723 35.8447036743164 35.8156623840332 35.7476806640625 35.7023506164551 -9999 -9999 -9999 -9999 -9999 -9999 -9999 -9999 -9999 -9999 -9999 -9999 -9999 -9999 -9999 -9999 -9999 -9999 -9999 -9999 -9999 -9999 -9999 -9999 -9999 -9999 -9999 -9999 -9999 -9999 -9999 -9999 -9999 -9999 -9999 -9999 35.4770202636719 35.4751892089844 35.4697952270508 35.4721870422363 35.4642295837402 35.4803276062012
34.5296516418457 34.8196754455566 35.0505332946777 35.2133674621582 35.4131011962891 35.5198516845703 35.6328468322754 35.7499961853027 35.7983627319336 35.8447189331055 35.8520164489746 35.808967590332 35.7754135131836 35.7223854064941 35.6795654296875 -9999 -9999 -9999 -9999 -9999 -9999 -9999 -9999 -9999 -9999 -9999 -9999 -9999 -9999 -9999 -9999 -9999 -9999 -9999 -9999 -9999 -9999 -9999 -9999 -9999 -9999 -9999 -9999 -9999 -9999 -9999 -9999 -9999 -9999 -9999 -9999 35.4764556884766 35.4746589660645 35.4710845947266 35.4767036437988 35.4735145568848 35.4687385559082
34.3927116394043 34.6718826293945 34.9079818725586 34.9898414611816 35.2391319274902 35.423267364502 35.4769668579102 35.627368927002 35.7074851989746 35.7272033691406 35.7662658691406 35.7478866577148 35.7242965698242 35.6957702636719 35.676570892334 -9999 -9999 -9999 -9999 -9999 -9999 -9999 -9999 -9999 -9999 -9999 -9999 -9999 -9999 -9999 -9999 -9999 -9999 -9999 -9999 -9999 -9999 -9999 -9999 -9999 -9999 -9999 -9999 -9999 -9999 -9999 -9999 -9999 -9999 -9999 -9999 35.4765434265137 35.4756546020508 35.4852180480957 35.4830856323242 35.4719276428223 35.4696044921875
