G_variables/Set1/RCP6_2050/Sur_sal_min.asc
NCOLS 229 
NROWS 147 
XLLCORNER -101.25 
YLLCORNER 14.3333333333333 
CELLSIZE 0.0833333333333333 
NODATA_value -9999 
[rows 104 to 129 of 147, columns 171 to 227 of 229]
35.3516235351562 35.3333358764648 35.3258781433105 35.3222923278809 35.301643371582 35.298023223877 35.2885398864746 35.2789840698242 35.2669792175293 35.2591171264648 35.246021270752 35.2310066223145 35.2302131652832 35.2358322143555 35.235725402832 35.2362289428711 35.2320213317871 35.2268753051758 35.2187767028809 35.2230758666992 35.2160415649414 35.2162170410156 35.221435546875 35.2202529907227 35.2182388305664 35.2165832519531 35.204776763916 35.204647064209 35.205982208252 35.2049865722656 35.2001991271973 35.1998481750488 35.203426361084 35.2046241760254 35.2027587890625 35.1982231140137 35.1955223083496 35.1756820678711 35.1517639160156 35.1408042907715 35.1076049804688 35.0768775939941 35.0692291259766 35.0495948791504 35.034553527832 35.0325393676758 35.035514831543 35.0198631286621 35.0186805725098 35.0153961181641 34.996711730957 34.9943542480469 34.9896850585938 34.9671325683594 34.9588928222656 34.9501762390137 -9999
35.3578796386719 35.3375091552734 35.3319091796875 35.3296051025391 35.3165550231934 35.3133239746094 35.3041305541992 35.294864654541 35.2753753662109 35.2665481567383 35.2498054504395 35.2337226867676 35.2332649230957 35.2242622375488 35.2239036560059 35.2242546081543 35.2036590576172 35.2043418884277 35.2006988525391 35.1876335144043 35.1855316162109 35.1854629516602 35.192138671875 35.2027397155762 35.2013359069824 35.1976585388184 35.1914291381836 35.1915588378906 35.1958236694336 35.1989517211914 35.1942710876465 35.1977996826172 35.2044486999512 35.203010559082 35.2044219970703 35.2103004455566 35.2021369934082 35.1788597106934 35.1684837341309 35.1481704711914 35.1063766479492 35.0784301757812 35.0684242248535 35.0411911010742 35.0236358642578 35.0206985473633 35.016429901123 35.0042839050293 35.0036506652832 34.9957618713379 34.9751319885254 34.9680862426758 34.9816703796387 34.9627685546875 34.946403503418 34.9488830566406 34.9248847961426
35.3516502380371 35.3369331359863 35.3380355834961 35.3347663879395 35.3170852661133 35.3148956298828 35.3101806640625 35.2959823608398 35.288215637207 35.2692985534668 35.2546424865723 35.2455139160156 35.230281829834 35.2234802246094 35.2208671569824 35.2057723999023 35.1956672668457 35.189640045166 35.1830825805664 35.1785354614258 35.1719131469727 35.1722373962402 35.1838531494141 35.1840286254883 35.1896667480469 35.1944236755371 35.1882019042969 35.1926879882812 35.1956672668457 35.1939582824707 35.1936225891113 35.2002487182617 35.201831817627 35.1953430175781 35.1978149414062 35.203197479248 35.1927680969238 35.1764183044434 35.1630897521973 35.1500854492188 35.106201171875 35.0791358947754 35.0647735595703 35.0403785705566 35.024356842041 35.0134239196777 35.0059127807617 34.9934959411621 34.9883613586426 34.9945983886719 34.9682502746582 34.9673347473145 34.9790344238281 34.9547157287598 34.951099395752 34.9534034729004 34.9353294372559
35.3695983886719 35.3525314331055 35.3423843383789 35.3379058837891 35.3169860839844 35.3165588378906 35.3133430480957 35.3048362731934 35.2931022644043 35.2855529785156 35.2710075378418 35.2463569641113 35.2316513061523 35.2173118591309 35.1956825256348 35.1890182495117 35.1798629760742 35.1581192016602 35.1559028625488 35.1568717956543 35.1525802612305 35.1541557312012 35.1720886230469 35.1752853393555 35.1723213195801 35.1816291809082 35.1856536865234 35.1870498657227 35.1948890686035 35.192813873291 35.1915893554688 35.199291229248 35.1952323913574 35.1954231262207 35.1950035095215 35.1804580688477 35.1781005859375 35.1671867370605 35.1418228149414 35.1326789855957 35.1072769165039 35.070140838623 35.0611343383789 35.0439186096191 35.0157737731934 35.0124473571777 35.0003395080566 34.9849472045898 34.979320526123 34.9782257080078 34.9682769775391 34.9676094055176 34.9658355712891 34.9599838256836 34.9612998962402 34.9530906677246 34.9518661499023
35.3714256286621 35.3571739196777 35.3417816162109 35.3404083251953 35.3223533630371 35.3204536437988 35.3179550170898 35.3059043884277 35.2969512939453 35.2868728637695 35.2626457214355 35.2417106628418 35.2240371704102 35.1941375732422 35.1702880859375 35.1617126464844 35.1444435119629 35.1323165893555 35.1198959350586 35.1222953796387 35.1301002502441 35.1318588256836 35.1472244262695 35.1651496887207 35.1641502380371 35.1726493835449 35.1814651489258 35.1840629577637 35.1842842102051 35.1903762817383 35.1897659301758 35.1808319091797 35.1842842102051 35.186450958252 35.1694259643555 35.1581993103027 35.1542053222656 35.1332855224609 35.1219635009766 35.1028289794922 35.0807456970215 35.0592803955078 35.0375061035156 35.0260925292969 35.011962890625 35.0026588439941 35.0009613037109 34.9884796142578 34.9784393310547 34.9943084716797 34.9862670898438 34.9783172607422 34.9927177429199 34.983757019043 -9999 -9999 -9999
35.3764266967773 35.3606605529785 35.3523406982422 35.3402938842773 35.3226509094238 35.3219795227051 35.3159675598145 35.3054847717285 35.2963409423828 35.2815895080566 35.2621650695801 35.2403106689453 35.2131767272949 35.1904678344727 35.160888671875 35.1464653015137 35.1372489929199 35.1173782348633 35.1088409423828 35.1155204772949 35.1150245666504 35.1252479553223 35.1438102722168 35.1566848754883 35.1592750549316 35.1718406677246 35.178783416748 35.1775360107422 35.1819801330566 35.1848411560059 35.1823654174805 35.1768951416016 35.1757354736328 35.1696929931641 35.1627578735352 35.1453247070312 35.135986328125 35.1219673156738 35.0936737060547 35.0925407409668 35.075252532959 35.0445022583008 35.0368118286133 35.0257720947266 35.0075187683105 35.007755279541 35.0030784606934 34.9902534484863 34.988697052002 34.9991989135742 34.9916114807129 34.9947509765625 -9999 -9999 -9999 -9999 -9999
35.3898811340332 35.3756446838379 35.3591957092285 35.3528594970703 35.3244209289551 35.3167037963867 35.311580657959 35.2966728210449 35.2780685424805 35.2722358703613 35.2495231628418 35.2190551757812 35.2095680236816 35.1845703125 35.154182434082 35.1445732116699 35.1330223083496 35.1055068969727 35.1006202697754 35.1026382446289 35.109375 35.1135482788086 35.1321334838867 35.1489562988281 35.150634765625 35.1646690368652 35.1683158874512 35.1695213317871 35.174430847168 35.1671409606934 35.1660919189453 35.1688804626465 35.1574058532715 35.1547164916992 35.1482315063477 35.1258163452148 35.1130409240723 35.0977668762207 35.0731620788574 35.0671577453613 35.0515060424805 35.0368041992188 35.0264091491699 35.0180931091309 35.0078010559082 35.0068473815918 35.0090637207031 35.0063514709473 35.006175994873 -9999 -9999 -9999 -9999 -9999 -9999 -9999 -9999
35.4025077819824 35.3883895874023 35.3669776916504 35.3579406738281 35.3406715393066 35.325138092041 35.3143119812012 35.2978858947754 35.2740211486816 35.2641372680664 35.2452583312988 35.2135009765625 35.1953735351562 35.1770248413086 35.1489906311035 35.1324577331543 35.1266975402832 35.0999412536621 35.0944328308105 35.1034965515137 35.106517791748 35.1139717102051 35.1377143859863 35.1454200744629 35.1565170288086 35.159481048584 35.1536636352539 35.1580772399902 35.1488037109375 35.1410865783691 35.1386680603027 35.1412200927734 35.140380859375 35.1338844299316 35.1332397460938 35.1123924255371 35.0952491760254 35.0881042480469 35.0669708251953 35.0532493591309 35.0494003295898 35.0309944152832 35.0215034484863 35.0273094177246 35.0215301513672 35.0153923034668 -9999 -9999 -9999 -9999 -9999 -9999 -9999 -9999 -9999 -9999 -9999
35.4148139953613 35.3940124511719 35.3751525878906 35.3598861694336 35.3469924926758 35.3274917602539 35.3136024475098 35.3058319091797 35.2812042236328 35.2612686157227 35.2448387145996 35.2120399475098 35.1971282958984 35.1785430908203 35.1449890136719 35.1356048583984 35.1265525817871 35.1112442016602 35.1044731140137 35.1061515808105 35.1118774414062 35.1179962158203 35.139476776123 35.154125213623 35.1480712890625 35.1491203308105 35.1473808288574 35.1411972045898 35.1440734863281 35.1396942138672 35.1369514465332 35.1362724304199 35.1211318969727 35.1196784973145 35.1291427612305 35.1078262329102 35.1025924682617 35.0905380249023 35.0653343200684 35.0575752258301 35.0510711669922 35.0413360595703 35.0367240905762 35.0318717956543 -9999 -9999 -9999 -9999 -9999 -9999 -9999 -9999 -9999 -9999 -9999 -9999 -9999
35.4120750427246 35.4035949707031 35.3884353637695 35.3805160522461 35.3558006286621 35.3336944580078 35.3253898620605 35.2975273132324 35.2770118713379 35.2679977416992 35.2358055114746 35.2135124206543 35.2046508789062 35.1761245727539 35.1573333740234 35.1502685546875 35.1369018554688 35.1338157653809 35.1210556030273 35.1257019042969 35.1355094909668 35.1377334594727 35.1425247192383 35.146183013916 35.1459274291992 35.140495300293 35.1416931152344 35.1405639648438 35.1309928894043 35.1275100708008 35.1250610351562 35.1226043701172 35.1097526550293 35.1100387573242 35.1098518371582 35.1110076904297 35.1080055236816 35.091236114502 35.0787658691406 35.0731544494629 35.0500450134277 -9999 -9999 -9999 -9999 -9999 -9999 -9999 -9999 -9999 -9999 -9999 -9999 -9999 -9999 -9999 -9999
35.4178314208984 35.4029426574707 35.4024085998535 35.3881607055664 35.3621711730957 35.3474235534668 35.336612701416 35.3147277832031 35.2916870117188 35.2760238647461 35.2640762329102 35.2358245849609 35.2169418334961 35.2024345397949 35.1780433654785 35.1648445129395 35.1512908935547 35.1458892822266 35.137523651123 35.1455497741699 35.1515846252441 35.1617012023926 35.1649475097656 35.1542091369629 35.1571998596191 35.1313323974609 35.1194190979004 35.1169281005859 35.0894432067871 35.1060371398926 35.0984497070312 35.0838317871094 35.1017570495605 35.1004791259766 35.1006546020508 35.1245002746582 35.1167221069336 35.112247467041 35.1002006530762 -9999 -9999 -9999 -9999 -9999 -9999 -9999 -9999 -9999 -9999 -9999 -9999 -9999 -9999 -9999 -9999 -9999 -9999
35.4130744934082 35.4010696411133 35.3958358764648 35.3904151916504 35.3691177368164 35.3537139892578 35.3456001281738 35.3200912475586 35.2964477539062 35.2885208129883 35.2696113586426 35.2444038391113 35.2319641113281 35.2098045349121 35.1935081481934 35.171932220459 35.1541290283203 35.1554107666016 35.1523590087891 35.1526031494141 35.1621589660645 35.161548614502 35.1626052856445 35.1615371704102 35.1382102966309 35.1246376037598 35.1136741638184 35.0892601013184 35.0741233825684 35.0810165405273 35.079231262207 35.0729675292969 35.0775032043457 35.0985336303711 35.0977592468262 35.1144142150879 -9999 -9999 -9999 -9999 -9999 -9999 -9999 -9999 -9999 -9999 -9999 -9999 -9999 -9999 -9999 -9999 -9999 -9999 -9999 -9999 -9999
35.3865280151367 35.3879776000977 35.3840560913086 35.3785743713379 35.367244720459 35.3551788330078 35.3474502563477 35.3303184509277 35.3118324279785 35.3051986694336 35.2843055725098 35.2661819458008 35.2567596435547 35.2323722839355 35.2097930908203 35.2006416320801 35.177001953125 35.1738891601562 35.1697235107422 35.1735801696777 35.1689109802246 35.1731414794922 35.1685981750488 35.1471290588379 35.1366996765137 35.1118850708008 35.0745544433594 35.0660972595215 35.053092956543 35.0333633422852 35.0334854125977 35.0440292358398 35.0535507202148 -9999 -9999 -9999 -9999 -9999 -9999 -9999 -9999 -9999 -9999 -9999 -9999 -9999 -9999 -9999 -9999 -9999 -9999 -9999 -9999 -9999 -9999 -9999 -9999
35.3730049133301 35.3733901977539 35.3682823181152 35.3618850708008 35.3549423217773 35.3530464172363 35.338005065918 35.3265991210938 35.3263320922852 35.310489654541 35.2883911132812 35.2844123840332 35.2718200683594 35.2434844970703 35.2280082702637 35.2165031433105 35.1852111816406 35.1698799133301 35.1612358093262 35.1478424072266 35.1632499694824 35.1707382202148 35.1371383666992 35.1365165710449 35.1211471557617 35.0663108825684 35.0328025817871 35.0193862915039 34.985767364502 34.9654121398926 34.9676246643066 -9999 -9999 -9999 -9999 -9999 -9999 -9999 -9999 -9999 -9999 -9999 -9999 -9999 -9999 -9999 -9999 -9999 -9999 -9999 -9999 -9999 -9999 -9999 -9999 -9999 -9999
35.3615951538086 35.3667869567871 35.3593063354492 35.3530082702637 35.3501968383789 35.3428344726562 35.3365173339844 35.3252334594727 35.3224945068359 35.3125190734863 35.2890472412109 35.2850227355957 35.2785682678223 35.246208190918 35.2328758239746 35.2192611694336 35.1827011108398 35.1723976135254 35.1454391479492 35.1427536010742 35.1576957702637 35.1390419006348 35.1245651245117 35.1119766235352 35.1015739440918 35.051944732666 35.0008163452148 34.9868202209473 -9999 -9999 -9999 -9999 -9999 -9999 -9999 -9999 -9999 -9999 -9999 -9999 -9999 -9999 -9999 -9999 -9999 -9999 -9999 -9999 -9999 -9999 -9999 -9999 -9999 -9999 -9999 -9999 -9999
35.3421440124512 35.3499603271484 35.3439712524414 35.3410758972168 35.3377380371094 35.3282279968262 35.3230667114258 35.320873260498 35.3080902099609 35.3003845214844 35.2907524108887 35.2785530090332 35.2748260498047 35.254207611084 35.2293930053711 35.2160987854004 35.2038879394531 35.1629028320312 35.1500129699707 35.1364860534668 35.1045341491699 35.092456817627 35.0756912231445 35.0519714355469 35.0397796630859 35.0166473388672 -9999 -9999 -9999 -9999 -9999 -9999 -9999 -9999 -9999 -9999 -9999 -9999 -9999 -9999 -9999 -9999 -9999 -9999 -9999 -9999 -9999 -9999 -9999 -9999 -9999 -9999 -9999 -9999 -9999 -9999 -9999
35.3207359313965 35.3127861022949 35.3289985656738 35.3289680480957 35.3263549804688 35.3214530944824 35.3173294067383 35.3149261474609 35.298828125 35.2865867614746 35.2800216674805 35.2674217224121 35.2577362060547 35.2364730834961 35.2283782958984 35.2048645019531 35.1672592163086 35.140567779541 35.1284141540527 35.0883979797363 35.0477828979492 35.0421676635742 35.0327606201172 -9999 -9999 -9999 -9999 -9999 -9999 -9999 -9999 -9999 -9999 -9999 -9999 -9999 -9999 -9999 -9999 -9999 -9999 -9999 -9999 -9999 -9999 -9999 -9999 -9999 -9999 -9999 -9999 -9999 -9999 -9999 -9999 -9999 -9999
35.3022766113281 35.3005218505859 35.3043441772461 35.3251876831055 35.3241806030273 35.3133010864258 35.3134307861328 35.3138465881348 35.2940902709961 35.2830505371094 35.2775573730469 35.2577819824219 35.2403678894043 35.2300300598145 35.2136917114258 35.1920166015625 35.1613159179688 35.1285781860352 35.1077575683594 35.0800857543945 -9999 -9999 -9999 -9999 -9999 -9999 -9999 -9999 -9999 -9999 -9999 -9999 -9999 -9999 -9999 -9999 -9999 -9999 -9999 -9999 -9999 -9999 -9999 -9999 -9999 -9999 -9999 -9999 -9999 -9999 -9999 -9999 -9999 -9999 -9999 -9999 -9999
35.2071380615234 35.2630043029785 35.286205291748 35.2932281494141 35.3180847167969 35.3146286010742 35.3107566833496 35.302318572998 35.2912292480469 35.2797241210938 35.264232635498 35.2418518066406 35.2342376708984 35.2146072387695 35.1761169433594 35.1653137207031 35.132755279541 35.1021308898926 35.0863914489746 35.0592155456543 -9999 -9999 -9999 -9999 -9999 -9999 -9999 -9999 -9999 -9999 -9999 -9999 -9999 -9999 -9999 -9999 -9999 -9999 -9999 -9999 -9999 -9999 -9999 -9999 -9999 -9999 -9999 -9999 -9999 -9999 -9999 -9999 -9999 -9999 -9999 -9999 -9999
35.1179122924805 35.1778717041016 35.2562294006348 35.2626686096191 35.2844200134277 35.3167839050293 35.3085403442383 35.293830871582 35.2946701049805 35.2800979614258 35.2629280090332 35.2414665222168 35.2328948974609 35.213809967041 35.1623268127441 35.1474952697754 35.1493377685547 35.1052894592285 35.0760879516602 -9999 -9999 -9999 -9999 -9999 -9999 -9999 -9999 -9999 -9999 -9999 -9999 -9999 -9999 -9999 -9999 -9999 -9999 -9999 -9999 -9999 -9999 -9999 -9999 -9999 -9999 -9999 -9999 -9999 -9999 -9999 -9999 -9999 -9999 -9999 -9999 -9999 -9999
35.0765037536621 35.1520233154297 35.1975479125977 35.2465591430664 35.2753639221191 35.2893104553223 35.2986717224121 35.2903366088867 35.2794227600098 35.2804527282715 35.2620544433594 35.2393226623535 35.2338256835938 35.2158088684082 35.1649475097656 35.1575050354004 35.1536293029785 35.1129455566406 -9999 -9999 -9999 -9999 -9999 -9999 -9999 -9999 -9999 -9999 -9999 -9999 -9999 -9999 -9999 -9999 -9999 -9999 -9999 -9999 -9999 -9999 -9999 -9999 -9999 -9999 -9999 -9999 -9999 -9999 -9999 -9999 -9999 -9999 -9999 -9999 -9999 -9999 -9999
34.9726295471191 35.0763854980469 35.1427726745605 35.1669883728027 35.2272338867188 35.2553939819336 35.2539482116699 35.265193939209 35.2668876647949 35.2637252807617 35.2540397644043 35.2452125549316 35.2362747192383 35.2133941650391 35.1955642700195 35.1878128051758 35.1616744995117 -9999 -9999 -9999 -9999 -9999 -9999 -9999 -9999 -9999 -9999 -9999 -9999 -9999 -9999 -9999 -9999 -9999 -9999 -9999 -9999 -9999 -9999 -9999 -9999 -9999 -9999 -9999 -9999 -9999 -9999 -9999 -9999 -9999 -9999 -9999 -9999 -9999 -9999 -9999 -9999
34.9135093688965 35.0059814453125 35.0865707397461 35.1219291687012 35.1714553833008 35.2115592956543 35.2135276794434 35.2350425720215 35.2530822753906 35.2552185058594 35.2554473876953 35.2482261657715 35.2455062866211 35.2373466491699 35.2199745178223 35.2157402038574 35.1838912963867 -9999 -9999 -9999 -9999 -9999 -9999 -9999 -9999 -9999 -9999 -9999 -9999 -9999 -9999 -9999 -9999 -9999 -9999 -9999 -9999 -9999 -9999 -9999 -9999 -9999 -9999 -9999 -9999 -9999 -9999 -9999 -9999 -9999 -9999 -9999 -9999 -9999 -9999 -9999 -9999
34.877857208252 34.9888343811035 35.0466346740723 35.0881080627441 35.1557083129883 35.175464630127 35.1768836975098 35.2241096496582 35.2334671020508 35.2323455810547 35.2553443908691 35.2497062683105 35.2447929382324 35.2417678833008 35.2260665893555 35.2221832275391 -9999 -9999 -9999 -9999 -9999 -9999 -9999 -9999 -9999 -9999 -9999 -9999 -9999 -9999 -9999 -9999 -9999 -9999 -9999 -9999 -9999 -9999 -9999 -9999 -9999 -9999 -9999 -9999 -9999 -9999 -9999 -9999 -9999 -9999 -9999 -9999 -9999 -9999 -9999 -9999 -9999
34.8857688903809 34.9250411987305 34.9965667724609 35.0200004577637 35.0854721069336 35.1464462280273 35.1442985534668 35.1492156982422 35.2210006713867 35.2211303710938 35.2279319763184 35.2530174255371 35.2410278320312 -9999 -9999 -9999 -9999 -9999 -9999 -9999 -9999 -9999 -9999 -9999 -9999 -9999 -9999 -9999 -9999 -9999 -9999 -9999 -9999 -9999 -9999 -9999 -9999 -9999 -9999 -9999 -9999 -9999 -9999 -9999 -9999 -9999 -9999 -9999 -9999 -9999 -9999 -9999 -9999 -9999 -9999 -9999 -9999
34.8618774414062 34.9060707092285 34.978931427002 34.9961471557617 35.0244407653809 35.0809936523438 35.1111946105957 35.1300926208496 35.1694717407227 -9999 -9999 -9999 -9999 -9999 -9999 -9999 -9999 -9999 -9999 -9999 -9999 -9999 -9999 -9999 -9999 -9999 -9999 -9999 -9999 -9999 -9999 -9999 -9999 -9999 -9999 -9999 -9999 -9999 -9999 -9999 -9999 -9999 -9999 -9999 -9999 -9999 -9999 -9999 -9999 -9999 -9999 -9999 -9999 -9999 -9999 -9999 -9999
