G_variables/Set1/RCP6_2050/Sur_sal_min.asc
NCOLS 229 
NROWS 147 
XLLCORNER -101.25 
YLLCORNER 14.3333333333333 
CELLSIZE 0.0833333333333333 
NODATA_value -9999 
[rows 26 to 51 of 147, columns 57 to 113 of 229]
-9999 -9999 -9999 -9999 -9999 -9999 -9999 -9999 -9999 -9999 -9999 -9999 -9999 -9999 -9999 -9999 -9999 -9999 -9999 -9999 -9999 -9999 -9999 -9999 -9999 -9999 -9999 -9999 -9999 35.7910804748535 35.7917671203613 35.7940292358398 35.8119239807129 35.8172149658203 35.8315963745117 35.8527755737305 35.8492774963379 35.8581123352051 35.877326965332 35.8813858032227 35.8835792541504 35.9026756286621 35.9067192077637 35.8918952941895 35.8906211853027 35.8855934143066 35.8430557250977 35.8100357055664 35.8002510070801 35.7535972595215 35.7264976501465 35.7195167541504 35.7010383605957 35.7034149169922 35.705451965332 35.7094078063965 35.7386054992676
-9999 -9999 -9999 -9999 -9999 -9999 -9999 -9999 -9999 -9999 -9999 -9999 -9999 -9999 -9999 -9999 -9999 -9999 -9999 -9999 -9999 -9999 -9999 -9999 -9999 -9999 -9999 -9999 35.7915725708008 35.7993965148926 35.7994918823242 35.8155288696289 35.8414497375488 35.8482856750488 35.868049621582 35.8843078613281 35.8901672363281 35.8876724243164 35.8925933837891 35.9008750915527 35.9042167663574 35.9192733764648 35.9269828796387 35.9412269592285 35.9401741027832 35.9235382080078 35.9012031555176 35.8647956848145 35.8369483947754 35.7958679199219 35.7618675231934 35.7477912902832 35.7384414672852 35.7318305969238 35.7384834289551 35.7542419433594 35.761417388916
-9999 -9999 -9999 -9999 -9999 -9999 -9999 -9999 -9999 -9999 -9999 -9999 -9999 -9999 -9999 -9999 -9999 -9999 -9999 -9999 -9999 -9999 -9999 -9999 -9999 -9999 -9999 -9999 35.7948608398438 35.808277130127 35.8204078674316 35.8247299194336 35.8487281799316 35.8660202026367 35.8784332275391 35.9033470153809 35.8958282470703 35.8920478820801 35.9055786132812 35.9089775085449 35.9097099304199 35.9302825927734 35.9464378356934 35.951847076416 35.9541130065918 35.9469146728516 35.9115867614746 35.8797607421875 35.8626594543457 35.8090133666992 35.7859344482422 35.7715721130371 35.7512092590332 35.7578620910645 35.7643089294434 35.7672691345215 35.7853698730469
-9999 -9999 -9999 -9999 -9999 -9999 -9999 -9999 -9999 -9999 -9999 -9999 -9999 -9999 -9999 -9999 -9999 -9999 -9999 -9999 -9999 -9999 -9999 -9999 -9999 -9999 -9999 35.7837753295898 35.8021926879883 35.8266143798828 35.8332748413086 35.8522796630859 35.8699684143066 35.876033782959 35.8967056274414 35.9064292907715 35.9085807800293 35.9068260192871 35.9092025756836 35.9092063903809 35.9252700805664 35.9567642211914 35.9649238586426 35.9624481201172 35.9612884521484 35.9520111083984 35.9300193786621 35.9090118408203 35.8960876464844 35.8549041748047 35.8239364624023 35.8181953430176 35.7984313964844 35.8055152893066 35.8092765808105 35.8123092651367 35.844596862793
-9999 -9999 -9999 -9999 -9999 -9999 -9999 -9999 -9999 -9999 -9999 -9999 -9999 -9999 -9999 -9999 -9999 -9999 -9999 -9999 -9999 -9999 -9999 -9999 -9999 -9999 -9999 35.7754135131836 35.8030471801758 35.8165283203125 35.8280487060547 35.8643760681152 35.8814315795898 35.8965377807617 35.9007720947266 35.9021224975586 35.9085922241211 35.8862533569336 35.8931465148926 35.8897094726562 35.9044380187988 35.9480895996094 35.9593505859375 35.973762512207 35.9836082458496 35.9819450378418 35.9691200256348 35.9370536804199 35.9097442626953 35.8859596252441 35.8563423156738 35.8371276855469 35.8405952453613 35.8400993347168 35.8435173034668 35.8713569641113 35.8869094848633
35.1987495422363 35.2537078857422 35.289119720459 35.3420715332031 -9999 -9999 -9999 -9999 -9999 -9999 -9999 -9999 -9999 -9999 -9999 -9999 -9999 -9999 -9999 -9999 -9999 -9999 -9999 -9999 -9999 -9999 35.7742767333984 35.7861633300781 35.8038215637207 35.8156967163086 35.8327980041504 35.8672256469727 35.8933067321777 35.8853759765625 35.8984375 35.9041137695312 35.893497467041 35.8790245056152 35.8769035339355 35.8840866088867 35.8982696533203 35.9287185668945 35.9544486999512 35.969108581543 35.9773597717285 35.9915885925293 35.9731826782227 35.9440116882324 35.9313354492188 35.894775390625 35.8720779418945 35.8673439025879 35.853889465332 35.864372253418 35.878059387207 35.8859710693359 35.919017791748
35.0813331604004 35.170093536377 35.2207069396973 35.2506523132324 35.3502731323242 35.4094314575195 35.430492401123 35.4944229125977 35.5425033569336 -9999 -9999 -9999 -9999 -9999 -9999 -9999 -9999 -9999 -9999 -9999 -9999 -9999 -9999 -9999 -9999 -9999 35.7953414916992 35.8001251220703 35.823486328125 35.8483543395996 35.8569641113281 35.8801765441895 35.8790817260742 35.8855018615723 35.8770446777344 35.8721694946289 35.8672904968262 35.8662071228027 35.8643989562988 35.8674125671387 35.8966255187988 35.9185562133789 35.9302024841309 35.9554252624512 35.9766273498535 35.9814872741699 35.9732131958008 35.9593620300293 35.951416015625 35.9250373840332 35.9180145263672 35.9122276306152 35.9051132202148 35.9230651855469 35.9287872314453 35.9451179504395 35.9778938293457
35.0693511962891 35.2389869689941 35.2282409667969 35.268383026123 35.4067649841309 35.4068489074707 35.4519577026367 35.567310333252 35.5746040344238 35.6021957397461 35.7005996704102 35.7030830383301 35.7435073852539 -9999 -9999 -9999 -9999 -9999 -9999 -9999 -9999 -9999 -9999 -9999 -9999 35.8154754638672 35.8146514892578 35.8241577148438 35.8462905883789 35.8660659790039 35.8774375915527 35.8723182678223 35.8737907409668 35.8839225769043 35.850643157959 35.8323211669922 35.8270454406738 35.8143615722656 35.8218841552734 35.8286895751953 35.8584098815918 35.8979644775391 35.9244918823242 35.966682434082 35.9896774291992 35.9906196594238 35.9944839477539 35.9800262451172 35.9623146057129 35.9577407836914 35.951343536377 35.9426612854004 35.9614753723145 35.9724426269531 35.9871063232422 36.0173835754395 36.0249366760254
35.1324691772461 35.2649459838867 35.2792816162109 35.3086547851562 35.4206466674805 35.4497222900391 35.4910507202148 35.5810585021973 35.6154174804688 35.6401481628418 35.7017288208008 35.7498397827148 35.7642250061035 35.7897300720215 35.8044128417969 35.7981796264648 35.7923583984375 35.7896385192871 -9999 -9999 -9999 -9999 -9999 -9999 -9999 35.8215103149414 35.8379936218262 35.8360443115234 35.8531112670898 35.8871459960938 35.8655014038086 35.8688735961914 35.8746681213379 35.8593788146973 35.8330955505371 35.8119735717773 35.8077774047852 35.8000793457031 35.8006134033203 35.821834564209 35.855770111084 35.8870506286621 35.9217491149902 35.9640426635742 35.9884185791016 35.9934883117676 35.9909896850586 35.9800643920898 35.9836006164551 35.962215423584 35.9647254943848 35.9812202453613 35.9800491333008 36.001049041748 36.0225028991699 36.0346908569336 36.0622329711914
35.2586517333984 35.2975273132324 35.4204978942871 35.4421310424805 35.4490585327148 35.5666084289551 35.5981292724609 35.6138343811035 35.703197479248 35.7256813049316 35.7280464172363 35.7727012634277 35.7902679443359 35.7923049926758 35.8160171508789 35.816089630127 35.7901840209961 35.8016815185547 35.8109321594238 35.8004875183105 35.8134002685547 35.8148422241211 35.8144645690918 -9999 -9999 35.8419799804688 35.8545341491699 35.8568458557129 35.8599090576172 35.8617553710938 35.8702239990234 35.8502349853516 35.8325271606445 35.8242683410645 35.8080177307129 35.7901840209961 35.7841529846191 35.7903175354004 35.7938652038574 35.8032302856445 35.8472366333008 35.8872261047363 35.907787322998 35.9493026733398 35.980598449707 35.9860382080078 35.9854049682617 36.0017890930176 36.0040702819824 36.0008773803711 36.0185165405273 36.0239868164062 36.0395431518555 36.0685958862305 36.0777397155762 36.0822296142578 36.1047630310059
35.4944114685059 35.5264778137207 35.5825309753418 35.6270790100098 35.6316223144531 35.6868324279785 35.7422256469727 35.7549133300781 35.804515838623 35.8466453552246 35.8286590576172 35.8333892822266 35.8617820739746 35.8259773254395 35.8327445983887 35.8350372314453 35.8116035461426 35.8208427429199 35.8260955810547 35.8200302124023 35.8399887084961 35.8408241271973 35.8490905761719 35.8761177062988 35.8857612609863 35.8760299682617 35.8762817382812 35.8874015808105 35.8676719665527 35.8509063720703 35.8665161132812 35.8450355529785 35.8054161071777 35.7893943786621 35.7769775390625 35.7591705322266 35.7458534240723 35.7521209716797 35.7695617675781 35.7846336364746 35.8352165222168 35.8811645507812 35.9159393310547 35.9630432128906 35.9862632751465 35.999324798584 36.0186462402344 36.0115432739258 36.0075836181641 36.0279502868652 36.0486717224121 36.0535736083984 36.0785255432129 36.1107597351074 36.125919342041 36.1370544433594 36.1471405029297
35.5797958374023 35.5702438354492 35.677791595459 35.6958656311035 35.6544761657715 35.7519111633301 35.7703590393066 35.7606201171875 35.8637657165527 35.8679618835449 35.8456993103027 35.8729782104492 35.8717422485352 35.8322715759277 35.832332611084 35.8364639282227 35.8053665161133 35.8177909851074 35.8198928833008 35.8060150146484 35.8436737060547 35.8570175170898 35.8567543029785 35.8905830383301 35.8954963684082 35.8819694519043 35.8926391601562 35.8835868835449 35.8716430664062 35.8579711914062 35.8442306518555 35.8323936462402 35.7983055114746 35.7798957824707 35.7669525146484 35.7391166687012 35.7360992431641 35.745792388916 35.7605438232422 35.7875099182129 35.8400077819824 35.8852081298828 35.9195747375488 35.9670448303223 35.9936790466309 36.0136070251465 36.0200881958008 36.0178451538086 36.0278358459473 36.0388107299805 36.0691223144531 36.0817794799805 36.0982360839844 36.1384315490723 36.1448249816895 36.1469039916992 36.1653366088867
35.6083374023438 35.6660804748535 35.7367668151855 35.749870300293 35.7798805236816 35.8086090087891 35.8201141357422 35.8386878967285 35.859058380127 35.8841247558594 35.8779296875 35.8688926696777 35.8807907104492 35.8615379333496 35.8340606689453 35.8397674560547 35.8258094787598 35.8165473937988 35.8177070617676 35.8289108276367 35.8395042419434 35.8643569946289 35.886043548584 35.8942680358887 35.8998336791992 35.8978996276855 35.8864784240723 35.8870429992676 35.8666534423828 35.8443565368652 35.8363075256348 35.8083114624023 35.7724227905273 35.7740592956543 35.7485160827637 35.7328567504883 35.7310905456543 35.7469673156738 35.7761383056641 35.7908172607422 35.8450965881348 35.8976821899414 35.9148445129395 35.9538764953613 35.9954452514648 36.0048828125 36.0219650268555 36.0423164367676 36.0456733703613 36.0672798156738 36.0943489074707 36.1025772094727 36.1272773742676 36.1578636169434 36.1577949523926 36.1659355163574 36.1791114807129
35.6698150634766 35.7180938720703 35.7475738525391 35.7688636779785 35.7820701599121 35.8069190979004 35.8300514221191 35.844295501709 35.859432220459 35.8869209289551 35.8781204223633 35.8636589050293 35.8596801757812 35.8350067138672 35.817741394043 35.8178215026855 35.7943992614746 35.7980422973633 35.799991607666 35.8004264831543 35.8242378234863 35.8492469787598 35.8674163818359 35.8898315429688 35.8990097045898 35.8803176879883 35.870361328125 35.8660354614258 35.8472061157227 35.8473014831543 35.8294410705566 35.7924957275391 35.7663841247559 35.7589302062988 35.7203712463379 35.706844329834 35.7059593200684 35.710563659668 35.7563819885254 35.783935546875 35.8327903747559 35.8995513916016 35.9341087341309 35.9459571838379 35.9810562133789 35.9988822937012 35.9854469299316 36.0271835327148 36.0367622375488 36.0307388305664 36.0810775756836 36.1011657714844 36.1268005371094 36.1675796508789 36.1749725341797 36.1867332458496 36.1878128051758
35.6720275878906 35.7183570861816 35.7533912658691 35.7667198181152 35.784122467041 35.8183326721191 35.8338241577148 35.8474578857422 35.8607597351074 35.8558235168457 35.8723220825195 35.8536643981934 35.8466110229492 35.8275527954102 35.8142967224121 35.8051300048828 35.7910575866699 35.7978172302246 35.7984161376953 35.798957824707 35.8108253479004 35.8214721679688 35.8595542907715 35.8762969970703 35.8785743713379 35.8705406188965 35.8606224060059 35.8544273376465 35.8405914306641 35.8336639404297 35.8237419128418 35.7886581420898 35.7579345703125 35.7339706420898 35.7134971618652 35.6973533630371 35.695140838623 35.7042427062988 35.7438621520996 35.7767066955566 35.8290824890137 35.8966827392578 35.9161949157715 35.9349670410156 35.9696464538574 35.968879699707 35.9720306396484 36.0000534057617 36.0184555053711 36.0217323303223 36.0584716796875 36.0980339050293 36.1225700378418 36.1581687927246 36.1869888305664 36.1940116882324 36.1931228637695
35.6606140136719 35.7037658691406 35.7488441467285 35.758602142334 35.7815475463867 35.8092956542969 35.8200073242188 35.8370704650879 35.8427200317383 35.8338394165039 35.8316497802734 35.8081703186035 35.8185577392578 35.8020210266113 35.7937202453613 35.7912330627441 35.7862663269043 35.7789916992188 35.779369354248 35.7914924621582 35.7940864562988 35.7976379394531 35.8171463012695 35.8200340270996 35.8360252380371 35.8379783630371 35.8334617614746 35.8317413330078 35.8206672668457 35.8007926940918 35.7953681945801 35.770320892334 35.7314796447754 35.7185363769531 35.6999588012695 35.6763343811035 35.6852912902832 35.7154731750488 35.740535736084 35.7576141357422 35.8219413757324 35.8576202392578 35.8701515197754 35.904972076416 35.910343170166 35.9121017456055 35.9365196228027 35.9417533874512 35.9542999267578 36.0038261413574 36.0354156494141 36.0526123046875 36.1142234802246 36.1534156799316 36.165828704834 36.1930732727051 36.2038421630859
35.6941108703613 35.7147979736328 35.7294158935547 35.7440338134766 35.754222869873 35.7750587463379 35.7895126342773 35.814624786377 35.830436706543 35.8382530212402 35.8229064941406 35.7920341491699 35.7945137023926 35.7635841369629 35.7408447265625 35.7462844848633 35.7472648620605 35.7480392456055 35.747631072998 35.7484855651855 35.7593650817871 35.7733688354492 35.7746734619141 35.78759765625 35.8058929443359 35.7638053894043 35.7658233642578 35.7667808532715 35.7460899353027 35.7683868408203 35.757438659668 35.7226676940918 35.7072296142578 35.6831207275391 35.6457901000977 35.6367874145508 35.6450119018555 35.6411170959473 35.6813774108887 35.7185554504395 35.7630004882812 35.8202095031738 35.8497467041016 35.8283882141113 35.8223495483398 35.8286170959473 35.8151588439941 35.8469696044922 35.8656158447266 35.8863677978516 35.9615631103516 35.9888229370117 36.0380477905273 36.1317672729492 36.1499176025391 36.1622314453125 36.200267791748
35.6656036376953 35.6905746459961 35.7036666870117 35.7291069030762 35.7394905090332 35.7532653808594 35.772346496582 35.7990379333496 35.8105354309082 35.8211631774902 35.8124923706055 35.7814064025879 35.7787322998047 35.7524757385254 35.7240715026855 35.7301216125488 35.734001159668 35.7275733947754 35.7280769348145 35.7355117797852 35.7439498901367 35.7378005981445 35.7588882446289 35.7670402526855 35.7593765258789 35.7391815185547 35.7219734191895 35.7241744995117 35.7187385559082 35.7225341796875 35.7329292297363 35.7083930969238 35.6761627197266 35.6661071777344 35.6348457336426 35.6169128417969 35.6182174682617 35.6273498535156 35.6564331054688 35.6852607727051 35.7457885742188 35.7894401550293 35.7989120483398 35.8106575012207 35.7836952209473 35.7700729370117 35.7854270935059 35.789680480957 35.814395904541 35.858715057373 35.9054183959961 35.9479293823242 36.015453338623 36.0850868225098 36.132640838623 36.1491928100586 36.1695213317871
35.6339988708496 35.6609115600586 35.6831207275391 35.6905364990234 35.7082786560059 35.7241058349609 35.7457313537598 35.7644958496094 35.7744255065918 35.7764205932617 35.7799949645996 35.7587471008301 35.7645988464355 35.7368621826172 35.7135887145996 35.7089500427246 35.7099571228027 35.6992454528809 35.7023468017578 35.7122535705566 35.6999053955078 35.6993255615234 35.7118721008301 35.6813011169434 35.6901512145996 35.680793762207 35.6458854675293 35.6434173583984 35.6520080566406 35.6374435424805 35.6403961181641 35.6492767333984 35.6228866577148 35.6157417297363 35.6245422363281 35.5914764404297 35.5995025634766 35.6214790344238 35.6277351379395 35.6421699523926 35.6903419494629 35.7067565917969 35.7119827270508 35.7291984558105 35.7102470397949 35.7053146362305 35.7267303466797 35.721435546875 35.7364730834961 35.8084983825684 35.8422088623047 35.8638877868652 35.9513969421387 36.0124778747559 36.0337791442871 36.1019592285156 36.1436576843262
35.6384773254395 35.6560287475586 35.6597366333008 35.6672439575195 35.6752052307129 35.6956901550293 35.7193870544434 35.7507133483887 35.7752571105957 35.7771415710449 35.767520904541 35.7548217773438 35.7501373291016 35.726188659668 35.6981086730957 35.6862182617188 35.6796569824219 35.6749572753906 35.678638458252 35.6733436584473 35.6719970703125 35.6781997680664 35.6473007202148 35.6204528808594 35.627197265625 35.5876960754395 35.5551528930664 35.5463485717773 35.5520133972168 35.5672798156738 35.5670852661133 35.5680198669434 35.5846252441406 35.5676574707031 35.5355834960938 35.5457534790039 35.5541648864746 35.535701751709 35.5585632324219 35.587890625 35.6213455200195 35.6629447937012 35.6742057800293 35.6451187133789 35.6279220581055 35.6196594238281 35.6005859375 35.6317710876465 35.6578178405762 35.6832809448242 35.7395401000977 35.7863159179688 35.8361396789551 35.9114418029785 35.9506225585938 36.0212516784668 36.1038551330566
35.617603302002 35.6396865844727 35.6425247192383 35.6440773010254 35.6561164855957 35.6714935302734 35.6971397399902 35.7303237915039 35.7464256286621 35.755241394043 35.7455177307129 35.7143783569336 35.7363815307617 35.7034034729004 35.6753616333008 35.6568832397461 35.6550216674805 35.6490097045898 35.6493492126465 35.6533203125 35.6477890014648 35.6310577392578 35.6149635314941 35.5680198669434 35.5698661804199 35.5519485473633 35.5014038085938 35.4850540161133 35.5147132873535 35.513484954834 35.5159454345703 35.5356597900391 35.5287322998047 35.5305595397949 35.5149688720703 35.4893074035645 35.5047950744629 35.5081825256348 35.5198936462402 35.5331039428711 35.5889434814453 35.614070892334 35.6269569396973 35.6209869384766 35.5811347961426 35.5724639892578 35.5762939453125 35.5798530578613 35.6011657714844 35.6536636352539 35.6833343505859 35.7175827026367 35.7982711791992 35.847583770752 35.9079551696777 35.9952278137207 36.047492980957
35.5851097106934 35.6160202026367 35.6270599365234 35.6309471130371 35.6444511413574 35.6630363464355 35.679817199707 35.7040596008301 35.7190818786621 35.7248649597168 35.7186393737793 35.6965599060059 35.7075424194336 35.7047805786133 35.6650505065918 35.6685981750488 35.650505065918 35.6322822570801 35.6348114013672 35.6229057312012 35.6003341674805 35.5940399169922 35.5622901916504 35.5180549621582 35.5145149230957 35.5122375488281 35.4706115722656 35.4658546447754 35.4677047729492 35.4473304748535 35.4552421569824 35.4596557617188 35.4582328796387 35.4568824768066 35.4676094055176 35.4502372741699 35.4523391723633 35.4942970275879 35.4871368408203 35.495433807373 35.5247116088867 35.5277976989746 35.5414085388184 35.5448455810547 35.5244522094727 35.5189361572266 35.5342636108398 35.523120880127 35.5317993164062 35.5976257324219 35.6239814758301 35.639949798584 35.7280502319336 35.7899627685547 35.8230285644531 35.9229202270508 36.0015563964844
35.5901489257812 35.5997200012207 35.5916938781738 35.5966987609863 35.5978164672852 35.6095924377441 35.6294860839844 35.6885375976562 35.7183113098145 35.7261047363281 35.7091865539551 35.6942749023438 35.6928062438965 35.641544342041 35.6462364196777 35.6366081237793 35.5931587219238 35.5817184448242 35.5795097351074 35.5694313049316 35.5714950561523 35.5595283508301 35.5186157226562 35.4924163818359 35.4722366333008 35.4466896057129 35.4506340026855 35.441535949707 35.4242248535156 35.3926544189453 35.4026947021484 35.4034996032715 35.3921699523926 35.3921585083008 35.3751258850098 35.390064239502 35.3873405456543 35.3575782775879 35.4083824157715 35.4275703430176 35.4186935424805 35.4632186889648 35.467700958252 35.4514045715332 35.4522323608398 35.4404716491699 35.422492980957 35.4510726928711 35.4695091247559 35.4919128417969 35.5498046875 35.5843086242676 35.6203269958496 35.6960067749023 35.7490577697754 35.8209381103516 35.932243347168
35.5755386352539 35.5830459594727 35.5762672424316 35.5732536315918 35.5778427124023 35.5941581726074 35.6133003234863 35.6522254943848 35.6945610046387 35.7094879150391 35.7042541503906 35.6853065490723 35.6742210388184 35.6338729858398 35.6082954406738 35.5914306640625 35.5645561218262 35.5527381896973 35.5436820983887 35.5341339111328 35.5231590270996 35.5308418273926 35.5038795471191 35.4615020751953 35.4609298706055 35.4380035400391 35.4152488708496 35.4197883605957 35.4102783203125 35.3867034912109 35.3658599853516 35.3721160888672 35.3551292419434 35.3388519287109 35.3505058288574 35.3459510803223 35.331859588623 35.330020904541 35.3421745300293 35.3621101379395 35.3871307373047 35.4041595458984 35.4190864562988 35.4118041992188 35.3839645385742 35.3976898193359 35.4020156860352 35.4112510681152 35.4280281066895 35.4713516235352 35.5037422180176 35.5352630615234 35.5969390869141 35.6537895202637 35.6958770751953 35.7876319885254 35.8727569580078
35.5473365783691 35.5517349243164 35.5677299499512 35.5680809020996 35.5783309936523 35.5853271484375 35.5969505310059 35.6282730102539 35.6550979614258 35.6625289916992 35.6687088012695 35.639045715332 35.6447677612305 35.6124038696289 35.5695457458496 35.5542373657227 35.5308151245117 35.492919921875 35.4884262084961 35.4855842590332 35.4605941772461 35.4594078063965 35.4657669067383 35.4350547790527 35.4385604858398 35.4268951416016 35.4145965576172 35.4105262756348 35.3972244262695 35.3677825927734 35.3637008666992 35.3423500061035 35.2994537353516 35.292911529541 35.2935943603516 35.2569007873535 35.2562294006348 35.2718963623047 35.2636451721191 35.2692565917969 35.3036308288574 35.2965354919434 35.3015785217285 35.336612701416 35.3254432678223 35.3280334472656 35.3671340942383 35.3638534545898 35.3723449707031 35.427921295166 35.454662322998 35.4682807922363 35.5483779907227 35.5910873413086 35.6137847900391 35.7224006652832 35.7945365905762
35.5711364746094 35.5603446960449 35.5458183288574 35.5453071594238 35.5424919128418 35.554271697998 35.5744743347168 35.6062660217285 35.6317977905273 35.6525611877441 35.627067565918 35.5964965820312 35.5920867919922 35.5260467529297 35.504524230957 35.4769706726074 35.4296722412109 35.4103736877441 35.4064102172852 35.4057502746582 35.4155426025391 35.4060668945312 35.4155044555664 35.410774230957 35.4039039611816 35.3941650390625 35.4014205932617 35.389949798584 35.3688316345215 35.3618621826172 35.347972869873 35.3084907531738 35.2666053771973 35.2607231140137 35.2254447937012 35.1709861755371 35.171459197998 35.1524276733398 35.1473274230957 35.1574211120605 35.1789360046387 35.2085227966309 35.2130928039551 35.2318382263184 35.2599830627441 35.2575912475586 35.271541595459 35.3045120239258 35.3217926025391 35.3542594909668 35.3974723815918 35.4274482727051 35.4789619445801 35.5127410888672 35.558277130127 35.6480827331543 35.7072486877441
