G_variables/Set1/RCP6_2050/Sur_tem_max.asc
NCOLS 229 
NROWS 147 
XLLCORNER -101.25 
YLLCORNER 14.3333333333333 
CELLSIZE 0.0833333333333333 
NODATA_value -9999 
[rows 0 to 25 of 147, columns 114 to 170 of 229]
-9999 -9999 -9999 -9999 -9999 -9999 -9999 -9999 -9999 -9999 -9999 -9999 -9999 -9999 -9999 -9999 -9999 -9999 -9999 -9999 -9999 -9999 -9999 -9999 -9999 -9999 -9999 -9999 -9999 -9999 -9999 -9999 -9999 -9999 -9999 -9999 -9999 -9999 -9999 -9999 -9999 -9999 -9999 -9999 -9999 -9999 -9999 -9999 -9999 -9999 -9999 -9999 -9999 -9999 -9999 -9999 -9999
-9999 -9999 -9999 -9999 -9999 -9999 -9999 -9999 -9999 -9999 -9999 -9999 -9999 -9999 -9999 -9999 -9999 -9999 -9999 -9999 -9999 -9999 -9999 -9999 -9999 -9999 -9999 -9999 -9999 -9999 -9999 -9999 -9999 -9999 -9999 -9999 -9999 -9999 -9999 -9999 -9999 -9999 -9999 -9999 -9999 -9999 -9999 -9999 -9999 -9999 -9999 -9999 -9999 -9999 -9999 -9999 -9999
-9999 -9999 -9999 -9999 -9999 -9999 -9999 -9999 -9999 -9999 -9999 -9999 -9999 -9999 -9999 -9999 -9999 -9999 -9999 -9999 -9999 -9999 -9999 -9999 -9999 -9999 -9999 -9999 -9999 -9999 -9999 -9999 -9999 -9999 -9999 -9999 -9999 -9999 -9999 -9999 -9999 -9999 -9999 -9999 -9999 -9999 -9999 -9999 -9999 -9999 -9999 -9999 -9999 -9999 -9999 -9999 31.1756267547607
-9999 -9999 -9999 -9999 -9999 -9999 -9999 -9999 -9999 -9999 -9999 -9999 -9999 -9999 -9999 -9999 -9999 -9999 -9999 -9999 -9999 -9999 -9999 -9999 -9999 -9999 -9999 -9999 -9999 -9999 -9999 -9999 -9999 -9999 -9999 -9999 -9999 -9999 -9999 -9999 -9999 -9999 -9999 -9999 -9999 -9999 -9999 -9999 -9999 -9999 -9999 -9999 -9999 -9999 31.1593532562256 31.1559219360352 31.1611595153809
-9999 -9999 -9999 -9999 -9999 -9999 -9999 -9999 -9999 -9999 -9999 -9999 -9999 -9999 -9999 -9999 -9999 -9999 -9999 -9999 -9999 -9999 -9999 -9999 -9999 -9999 -9999 -9999 -9999 -9999 -9999 -9999 -9999 -9999 -9999 -9999 -9999 -9999 -9999 -9999 -9999 -9999 -9999 -9999 -9999 -9999 -9999 -9999 -9999 -9999 -9999 -9999 -9999 31.1462898254395 31.1431789398193 31.1383323669434 31.139554977417
-9999 -9999 -9999 -9999 -9999 -9999 -9999 -9999 -9999 -9999 -9999 -9999 -9999 -9999 -9999 -9999 -9999 -9999 -9999 -9999 -9999 -9999 -9999 -9999 -9999 -9999 -9999 -9999 -9999 -9999 -9999 -9999 -9999 -9999 -9999 -9999 -9999 -9999 -9999 -9999 -9999 -9999 -9999 -9999 -9999 -9999 -9999 -9999 -9999 -9999 -9999 31.1407165527344 31.1293144226074 31.1392822265625 31.1348266601562 31.1260585784912 31.113302230835
-9999 -9999 -9999 -9999 -9999 -9999 -9999 -9999 -9999 -9999 -9999 -9999 -9999 -9999 -9999 -9999 -9999 -9999 -9999 -9999 -9999 -9999 -9999 -9999 -9999 -9999 -9999 -9999 -9999 -9999 -9999 -9999 -9999 -9999 -9999 -9999 -9999 -9999 -9999 -9999 -9999 -9999 -9999 -9999 -9999 -9999 -9999 -9999 -9999 -9999 31.1437854766846 31.1387271881104 31.1339015960693 31.1383018493652 31.130126953125 31.119535446167 31.0906753540039
-9999 -9999 -9999 -9999 -9999 -9999 -9999 -9999 -9999 -9999 -9999 -9999 -9999 -9999 -9999 -9999 -9999 -9999 -9999 -9999 -9999 -9999 -9999 -9999 -9999 -9999 -9999 -9999 -9999 -9999 -9999 -9999 -9999 -9999 -9999 -9999 -9999 -9999 -9999 -9999 -9999 -9999 -9999 -9999 -9999 -9999 -9999 -9999 31.1503448486328 31.150915145874 31.1526908874512 31.1462287902832 31.1463851928711 31.1424579620361 31.1356887817383 31.1317558288574 31.1220169067383
-9999 -9999 -9999 -9999 -9999 -9999 -9999 -9999 -9999 -9999 -9999 -9999 -9999 -9999 -9999 -9999 -9999 -9999 -9999 -9999 -9999 -9999 -9999 -9999 -9999 -9999 -9999 -9999 -9999 -9999 -9999 -9999 -9999 -9999 -9999 -9999 -9999 -9999 -9999 -9999 -9999 -9999 -9999 -9999 -9999 -9999 -9999 31.1527767181396 31.1597385406494 31.1583061218262 31.1563262939453 31.1514663696289 31.1365814208984 31.1473960876465 31.1426620483398 31.1154651641846 31.1379451751709
-9999 -9999 -9999 -9999 -9999 -9999 -9999 -9999 -9999 -9999 -9999 -9999 -9999 -9999 -9999 -9999 -9999 -9999 -9999 -9999 -9999 -9999 -9999 -9999 -9999 -9999 -9999 -9999 -9999 -9999 -9999 -9999 -9999 -9999 -9999 -9999 -9999 -9999 -9999 -9999 -9999 -9999 -9999 31.1689682006836 31.1676769256592 31.1633434295654 31.1628589630127 31.1707897186279 31.1686668395996 31.1704578399658 31.1677188873291 31.1630706787109 31.159725189209 31.1577548980713 31.1557159423828 31.1530170440674 31.163013458252
31.1002235412598 31.101131439209 31.1007843017578 31.1104125976562 31.1125259399414 31.1154918670654 -9999 -9999 -9999 -9999 -9999 -9999 -9999 -9999 -9999 -9999 -9999 -9999 -9999 -9999 -9999 -9999 -9999 -9999 -9999 -9999 -9999 -9999 -9999 -9999 -9999 -9999 -9999 -9999 -9999 -9999 -9999 -9999 -9999 31.1631183624268 31.1718769073486 31.1730213165283 31.1845817565918 31.187032699585 31.1854820251465 31.192081451416 31.1913242340088 31.1901054382324 31.1899566650391 31.1854038238525 31.1856021881104 31.1854572296143 31.1886672973633 31.1863021850586 31.1878643035889 31.1953964233398 31.1951885223389
31.1149559020996 31.119026184082 31.1104774475098 31.1162166595459 31.1268787384033 31.1293125152588 31.1416778564453 31.1590805053711 31.1413078308105 31.1436176300049 31.1557292938232 31.1394729614258 31.1333160400391 31.129243850708 -9999 -9999 -9999 -9999 -9999 -9999 -9999 -9999 -9999 -9999 -9999 -9999 -9999 -9999 -9999 -9999 -9999 -9999 -9999 -9999 -9999 -9999 31.1203689575195 31.1427421569824 31.1556205749512 31.1640548706055 31.1940422058105 31.1893081665039 31.1915817260742 31.2040233612061 31.1947650909424 31.2036056518555 31.204496383667 31.1997661590576 31.1963768005371 31.1864433288574 31.1938800811768 31.1982574462891 31.2149524688721 31.2032794952393 31.2113170623779 31.2207679748535 31.2112712860107
31.118200302124 31.1195106506348 31.1231803894043 31.1231784820557 31.1379203796387 31.146053314209 31.1549205780029 31.159273147583 31.1598091125488 31.1523551940918 31.1546077728271 31.150463104248 31.1398773193359 31.1326770782471 31.1305389404297 31.1238899230957 31.119255065918 -9999 31.1128978729248 31.1136283874512 31.1125068664551 31.1169452667236 31.1173858642578 31.1173915863037 31.1067428588867 31.1025619506836 31.1036262512207 31.0912132263184 31.0974178314209 31.0970115661621 31.10036277771 31.1011371612549 31.1037464141846 31.1130313873291 31.1187076568604 31.1235694885254 31.1485214233398 31.1647052764893 31.1629047393799 31.1828899383545 31.189624786377 31.1946048736572 31.2059745788574 31.2057991027832 31.2050514221191 31.2060260772705 31.2031078338623 31.2002449035645 31.2014446258545 31.1973724365234 31.2076892852783 31.2045059204102 31.2161655426025 31.2244510650635 31.2284297943115 31.2283611297607 31.2267627716064
31.1239376068115 31.1311225891113 31.1348934173584 31.1372528076172 31.1390953063965 31.1423416137695 31.1517772674561 31.1519298553467 31.1560916900635 31.1577930450439 31.1510639190674 31.150182723999 31.1412105560303 31.1485061645508 31.1424160003662 31.1288356781006 31.1261043548584 31.1266002655029 31.1233749389648 31.125545501709 31.1359558105469 31.1344203948975 31.1370029449463 31.1345348358154 31.1234741210938 31.1220664978027 31.1189403533936 31.108247756958 31.1046562194824 31.1042613983154 31.1037521362305 31.1056537628174 31.108003616333 31.1186771392822 31.1252689361572 31.1299285888672 31.1599521636963 31.1708126068115 31.1784534454346 31.1993579864502 31.2087306976318 31.2091579437256 31.2217693328857 31.2229099273682 31.2248935699463 31.227481842041 31.2261867523193 31.2247009277344 31.222770690918 31.2266788482666 31.22487449646 31.2362060546875 31.2462615966797 31.253396987915 31.2574653625488 31.2508449554443 31.2510299682617
31.1229267120361 31.1399459838867 31.132495880127 31.1280097961426 31.1326808929443 31.143856048584 31.1495990753174 31.1616706848145 31.1641387939453 31.1672344207764 31.1728458404541 31.1573467254639 31.1575412750244 31.1582946777344 31.1443500518799 31.1403484344482 31.1313209533691 31.1342964172363 31.1401424407959 31.1515274047852 31.1433601379395 31.1466674804688 31.1665306091309 31.1433429718018 31.1378326416016 31.1399707794189 31.12522315979 31.1187057495117 31.1094875335693 31.1172695159912 31.1133842468262 31.1063289642334 31.1197547912598 31.1225910186768 31.1251182556152 31.1432228088379 31.1533508300781 31.1683139801025 31.1887283325195 31.1974105834961 31.218469619751 31.2225723266602 31.2283725738525 31.2430438995361 31.2425708770752 31.2422733306885 31.247631072998 31.2397308349609 31.2350425720215 31.2236862182617 31.2328643798828 31.2464561462402 31.2660083770752 31.2551097869873 31.2546615600586 31.2614517211914 31.2524814605713
31.1185703277588 31.1263828277588 31.1293315887451 31.1316032409668 31.1307621002197 31.1342697143555 31.1462364196777 31.1464786529541 31.1517772674561 31.1538047790527 31.1527481079102 31.1669883728027 31.1537189483643 31.1468944549561 31.1432495117188 31.1369857788086 31.1361522674561 31.1347389221191 31.1419486999512 31.1437358856201 31.1435508728027 31.146203994751 31.1479759216309 31.1453227996826 31.1382637023926 31.1440181732178 31.1388607025146 31.1275215148926 31.1246089935303 31.1233406066895 31.1222133636475 31.1224040985107 31.125150680542 31.13596534729 31.1434955596924 31.148796081543 31.1644630432129 31.1729888916016 31.1861248016357 31.2066841125488 31.2190093994141 31.2241134643555 31.2425727844238 31.2535572052002 31.2552394866943 31.2536506652832 31.2514514923096 31.245267868042 31.2417621612549 31.2402439117432 31.2403011322021 31.250940322876 31.2536678314209 31.2527103424072 31.2565460205078 31.2561340332031 31.2558555603027
31.115686416626 31.1229801177979 31.1260280609131 31.128978729248 31.1275157928467 31.1300029754639 31.1423435211182 31.1449356079102 31.1492691040039 31.1529445648193 31.1537017822266 31.1530532836914 31.1403961181641 31.1345882415771 31.1293277740479 31.1266841888428 31.1249713897705 31.1258659362793 31.1336688995361 31.1398582458496 31.1422500610352 31.1435832977295 31.1488170623779 31.1499404907227 31.1429595947266 31.1477870941162 31.1452178955078 31.1349792480469 31.1327457427979 31.1308212280273 31.1297206878662 31.1328754425049 31.1343517303467 31.1472492218018 31.1523780822754 31.1574478149414 31.173318862915 31.1806316375732 31.1892356872559 31.2094879150391 31.224967956543 31.2323665618896 31.251916885376 31.2595691680908 31.263204574585 31.2651920318604 31.2619152069092 31.255708694458 31.249340057373 31.2458801269531 31.2414836883545 31.2475242614746 31.2496852874756 31.2504730224609 31.2555294036865 31.2572498321533 31.2610130310059
31.1165523529053 31.1250801086426 31.1307888031006 31.1310443878174 31.1267757415771 31.1440753936768 31.147087097168 31.1529369354248 31.1608104705811 31.1605377197266 31.1713199615479 31.1577529907227 31.1516628265381 31.141773223877 31.1277961730957 31.1291313171387 31.1198863983154 31.1315822601318 31.134407043457 31.141170501709 31.1381187438965 31.1411094665527 31.1559829711914 31.1470775604248 31.1533107757568 31.1583518981934 31.148136138916 31.144323348999 31.1386947631836 31.1366710662842 31.1364459991455 31.1362972259521 31.1430130004883 31.1479778289795 31.1577320098877 31.1703090667725 31.1797885894775 31.1866645812988 31.2015323638916 31.2094879150391 31.2396278381348 31.2462863922119 31.2553291320801 31.2735290527344 31.2769451141357 31.2779140472412 31.2805328369141 31.2612724304199 31.2513160705566 31.2527446746826 31.2462825775146 31.2459373474121 31.2403774261475 31.2506103515625 31.2563095092773 31.2819747924805 31.2585964202881
31.1218566894531 31.1277561187744 31.1330757141113 31.1398181915283 31.1421165466309 31.1458301544189 31.1488990783691 31.1546058654785 31.1616191864014 31.1616344451904 31.1635189056396 31.1590099334717 31.1530780792236 31.1479110717773 31.1420135498047 31.1318073272705 31.1294441223145 31.1336917877197 31.1342239379883 31.139533996582 31.1404991149902 31.1458930969238 31.1544456481934 31.1562004089355 31.1544437408447 31.1563491821289 31.1539783477783 31.1507701873779 31.1467838287354 31.1415920257568 31.1430969238281 31.1448001861572 31.1426486968994 31.1547050476074 31.1607875823975 31.1684284210205 31.1870670318604 31.2002544403076 31.2055988311768 31.2303791046143 31.2372932434082 31.242057800293 31.2583541870117 31.2654304504395 31.2747058868408 31.2756977081299 31.2669506072998 31.2556552886963 31.2466163635254 31.2421741485596 31.2375679016113 31.2372245788574 31.2389888763428 31.2458591461182 31.2564754486084 31.2617855072021 31.254280090332
31.1321029663086 31.1354122161865 31.1374034881592 31.1428184509277 31.140625 31.14306640625 31.148157119751 31.1512069702148 31.1569805145264 31.1642971038818 31.1613464355469 31.160062789917 31.1551494598389 31.1506881713867 31.1462631225586 31.1314449310303 31.1281890869141 31.1272964477539 31.1333122253418 31.1347522735596 31.1388149261475 31.1502380371094 31.1545333862305 31.1572589874268 31.1617660522461 31.1582431793213 31.1569194793701 31.153226852417 31.1499404907227 31.1468772888184 31.1463832855225 31.1487789154053 31.1508731842041 31.1584129333496 31.171537399292 31.1752223968506 31.1868934631348 31.2003498077393 31.2084903717041 31.2238540649414 31.230884552002 31.2358741760254 31.2430629730225 31.2509422302246 31.2561302185059 31.2545833587646 31.2495307922363 31.2417659759521 31.2338256835938 31.2278575897217 31.2228488922119 31.220724105835 31.2199821472168 31.2221126556396 31.2451992034912 31.2478523254395 31.252571105957
31.14430809021 31.1511287689209 31.1521797180176 31.1488761901855 31.1362476348877 31.1472301483154 31.1482372283936 31.1411399841309 31.1578845977783 31.1633758544922 31.1697769165039 31.1637668609619 31.1617412567139 31.1607284545898 31.1507701873779 31.1394824981689 31.127233505249 31.1310367584229 31.1381130218506 31.1289978027344 31.1406669616699 31.1528968811035 31.1584205627441 31.1591835021973 31.1629848480225 31.1627330780029 31.1607685089111 31.1570568084717 31.1423225402832 31.1526947021484 31.1525630950928 31.1573429107666 31.158519744873 31.1660385131836 31.1802940368652 31.1793689727783 31.191068649292 31.2091865539551 31.2101631164551 31.2130432128906 31.2316646575928 31.2253875732422 31.2267971038818 31.2451057434082 31.2322063446045 31.2451171875 31.2470016479492 31.2340049743652 31.2278213500977 31.227596282959 31.2241592407227 31.2196178436279 31.2056999206543 31.2273693084717 31.2412948608398 31.264253616333 31.2566413879395
31.1591682434082 31.1605892181396 31.1606616973877 31.162317276001 31.1519660949707 31.1527252197266 31.1530628204346 31.156608581543 31.1605262756348 31.1702919006348 31.1733131408691 31.1754913330078 31.1647510528564 31.1617393493652 31.1578330993652 31.1406688690186 31.1378364562988 31.1460933685303 31.1409111022949 31.1422462463379 31.1442375183105 31.1578388214111 31.1642360687256 31.1635208129883 31.167308807373 31.1696662902832 31.1637744903564 31.1611003875732 31.1586151123047 31.1574058532715 31.1579036712646 31.1593971252441 31.1590023040771 31.1679019927979 31.1778526306152 31.1821746826172 31.1912040710449 31.1955299377441 31.2038135528564 31.2093200683594 31.2139129638672 31.218355178833 31.2270431518555 31.230131149292 31.2214622497559 31.2194423675537 31.2156620025635 31.207389831543 31.2056751251221 31.2010116577148 31.1978092193604 31.1965351104736 31.211404800415 31.2156848907471 31.2303600311279 31.2373542785645 31.2465686798096
31.1739387512207 31.1728801727295 31.1736755371094 31.1756839752197 31.1747665405273 31.165563583374 31.1578807830811 31.1593017578125 31.1674499511719 31.1697692871094 31.1741199493408 31.173957824707 31.1719799041748 31.1717185974121 31.1694755554199 31.1523475646973 31.1491870880127 31.1506404876709 31.1465339660645 31.1423606872559 31.1492099761963 31.1642227172852 31.1701316833496 31.1755619049072 31.1854038238525 31.1870517730713 31.1835021972656 31.1718349456787 31.1669483184814 31.1643924713135 31.1624183654785 31.16135597229 31.1719779968262 31.1769943237305 31.1756649017334 31.1742420196533 31.1908874511719 31.187141418457 31.1859798431396 31.1933860778809 31.1985931396484 31.2035083770752 31.2088146209717 31.2096652984619 31.2126159667969 31.2055053710938 31.2016048431396 31.196439743042 31.1951637268066 31.1915473937988 31.1872138977051 31.1837425231934 31.1852951049805 31.1843776702881 31.1903514862061 31.1938552856445 31.2009925842285
31.1831169128418 31.1912040710449 31.1874599456787 31.1817874908447 31.1848812103271 31.1804523468018 31.1659755706787 31.164722442627 31.1756935119629 31.1775207519531 31.1868896484375 31.1810684204102 31.181095123291 31.188102722168 31.1796474456787 31.1738014221191 31.1580848693848 31.1575679779053 31.1551609039307 31.142204284668 31.1583309173584 31.1728935241699 31.1781005859375 31.1947231292725 31.1957416534424 31.2036380767822 31.1944713592529 31.1914558410645 31.1744136810303 31.1786479949951 31.1759452819824 31.1622695922852 31.1772804260254 31.1800079345703 31.1655330657959 31.1764259338379 31.1862659454346 31.1895999908447 31.190242767334 31.195629119873 31.2025241851807 31.2036361694336 31.1998291015625 31.2073307037354 31.2050876617432 31.1959362030029 31.203254699707 31.197847366333 31.191967010498 31.1951713562012 31.1896018981934 31.1829795837402 31.1800975799561 31.1823139190674 31.1825656890869 31.1753826141357 31.1973400115967
31.2017345428467 31.207202911377 31.2067165374756 31.2045249938965 31.2016372680664 31.2006702423096 31.1936893463135 31.1941585540771 31.1970863342285 31.1966705322266 31.1989192962646 31.1991748809814 31.1968898773193 31.1891059875488 31.1871776580811 31.1810054779053 31.1780052185059 31.1657009124756 31.1659355163574 31.1669483184814 31.1724281311035 31.1884422302246 31.201150894165 31.203857421875 31.2075462341309 31.2114696502686 31.2067527770996 31.1997394561768 31.195219039917 31.1928386688232 31.1851291656494 31.1833190917969 31.1867256164551 31.184741973877 31.1851081848145 31.1808528900146 31.1848278045654 31.190336227417 31.1947975158691 31.1955318450928 31.1996955871582 31.1939792633057 31.1976013183594 31.2000007629395 31.1995906829834 31.2017383575439 31.1994476318359 31.1969623565674 31.1938896179199 31.1907634735107 31.1879043579102 31.189323425293 31.187479019165 31.1818599700928 31.1909656524658 31.1909217834473 31.2037448883057
31.2120094299316 31.2125778198242 31.2140846252441 31.2125511169434 31.2162837982178 31.2128238677979 31.2047500610352 31.1965713500977 31.2008590698242 31.1977119445801 31.1931247711182 31.1934127807617 31.1958312988281 31.1936893463135 31.1934967041016 31.1891613006592 31.1902523040771 31.1904544830322 31.1829166412354 31.1901836395264 31.1999454498291 31.2296504974365 31.2337455749512 31.2344055175781 31.2433776855469 31.2397422790527 31.2347602844238 31.2271518707275 31.2226943969727 31.2065296173096 31.1986198425293 31.1969165802002 31.1964683532715 31.1911811828613 31.1876258850098 31.1829051971436 31.1846752166748 31.1771869659424 31.1725158691406 31.1721954345703 31.1729965209961 31.1735687255859 31.1708717346191 31.1754188537598 31.1795082092285 31.1835289001465 31.1809501647949 31.1799850463867 31.180492401123 31.1772956848145 31.1719875335693 31.1728229522705 31.1692085266113 31.1735496520996 31.1706600189209 31.1688785552979 31.1755619049072
