G_variables/Set1/RCP6_2050/Sur_tem_min.asc
NCOLS 229 
NROWS 147 
XLLCORNER -101.25 
YLLCORNER 14.3333333333333 
CELLSIZE 0.0833333333333333 
NODATA_value -9999 
[rows 104 to 129 of 147, columns 171 to 227 of 229]
26.6871337890625 26.6922588348389 26.686695098877 26.6860198974609 26.7180061340332 26.7259311676025 26.7515029907227 26.7620429992676 26.7696361541748 26.7734355926514 26.7769584655762 26.7848873138428 26.7869567871094 26.789924621582 26.8009357452393 26.808126449585 26.8347969055176 26.8478355407715 26.8627986907959 26.8761405944824 26.8854236602783 26.8977165222168 26.9143657684326 26.9473762512207 26.9533843994141 26.9390773773193 26.9442691802979 26.9458332061768 26.9678478240967 26.9758453369141 26.9750995635986 26.9897880554199 27.0035152435303 27.0150508880615 27.0389232635498 27.0510501861572 27.055269241333 27.0582885742188 27.0414028167725 27.0375461578369 27.0535945892334 27.0416889190674 27.0372714996338 27.0398788452148 27.0404853820801 27.0491161346436 27.0707092285156 27.0922698974609 27.0961875915527 27.0879707336426 27.0715065002441 27.065013885498 27.0662517547607 27.0593242645264 27.05344581604 27.0610961914062 -9999
26.7004566192627 26.6889343261719 26.6834602355957 26.6924915313721 26.7288131713867 26.7350788116455 26.7505035400391 26.7574825286865 26.77174949646 26.7775287628174 26.7799224853516 26.7840366363525 26.7884826660156 26.7943897247314 26.8007316589355 26.8144226074219 26.8334617614746 26.8419818878174 26.8676738739014 26.8819217681885 26.8910655975342 26.9087066650391 26.9269046783447 26.9584655761719 26.9711532592773 26.9511833190918 26.948787689209 26.9582710266113 26.9623489379883 26.9694557189941 26.9897575378418 26.9980640411377 27.0041484832764 27.0226020812988 27.0361061096191 27.0557174682617 27.0643424987793 27.0492172241211 27.0423336029053 27.0397071838379 27.0397338867188 27.0360298156738 27.0430240631104 27.0446910858154 27.0397319793701 27.0530109405518 27.0711212158203 27.0966205596924 27.1086616516113 27.0864887237549 27.0731468200684 27.0743160247803 27.0691757202148 27.0656623840332 27.0711441040039 27.0675716400146 27.0548324584961
26.6702270507812 26.6794834136963 26.6770286560059 26.7071666717529 26.7257690429688 26.7349395751953 26.7515106201172 26.7632217407227 26.7743396759033 26.7795238494873 26.783540725708 26.7927780151367 26.7987728118896 26.8080501556396 26.8137340545654 26.8341617584229 26.8486061096191 26.8588676452637 26.8867130279541 26.8992595672607 26.9064598083496 26.9266319274902 26.940486907959 26.9550037384033 26.96728515625 26.9643974304199 26.9600868225098 26.9645214080811 26.9765605926514 26.9796409606934 26.9996910095215 27.0038108825684 27.0109157562256 27.0213642120361 27.0340213775635 27.0417442321777 27.0493927001953 27.0424995422363 27.0361137390137 27.0327625274658 27.0318431854248 27.0307636260986 27.0379810333252 27.0410633087158 27.0421466827393 27.0479202270508 27.0600929260254 27.0711498260498 27.0828380584717 27.07887840271 27.075325012207 27.0842475891113 27.0790405273438 27.076810836792 27.0835819244385 27.0862045288086 27.0831508636475
26.6633358001709 26.7021389007568 26.692663192749 26.6995429992676 26.7298221588135 26.7457790374756 26.7555103302002 26.783805847168 26.7762832641602 26.7788124084473 26.7897472381592 26.7956352233887 26.8075160980225 26.8206958770752 26.8252906799316 26.8348197937012 26.8472671508789 26.8782539367676 26.8825416564941 26.9059295654297 26.9094886779785 26.9203071594238 26.9383106231689 26.944953918457 26.9471759796143 26.9515342712402 26.9559268951416 26.9593544006348 26.9738159179688 26.9866542816162 26.997142791748 27.0153141021729 27.0146293640137 27.0196952819824 27.0360469818115 27.0371646881104 27.0330867767334 27.0369129180908 27.0295333862305 27.0267524719238 27.0280666351318 27.0316352844238 27.0373249053955 27.0343189239502 27.0409908294678 27.0465927124023 27.0532512664795 27.0656566619873 27.069787979126 27.0817604064941 27.0797443389893 27.079797744751 27.0874118804932 27.0849647521973 27.0863399505615 27.093578338623 27.0918273925781
26.653434753418 26.6632957458496 26.6693840026855 26.6906108856201 26.7032718658447 26.7245941162109 26.7525157928467 26.7563343048096 26.764705657959 26.7752571105957 26.7802143096924 26.7880363464355 26.8065071105957 26.813627243042 26.8213748931885 26.8352851867676 26.8440170288086 26.8596668243408 26.8855094909668 26.8969459533691 26.902868270874 26.9179592132568 26.9261302947998 26.9313354492188 26.939395904541 26.9414024353027 26.946870803833 26.9567852020264 26.9605121612549 26.9716987609863 26.9932594299316 27.0047302246094 27.0067749023438 27.0137195587158 27.0243797302246 27.0263824462891 27.0226879119873 27.0226020812988 27.0208492279053 27.0207767486572 27.0198917388916 27.0283317565918 27.0242404937744 27.0288829803467 27.0315074920654 27.0412845611572 27.0467185974121 27.0505542755127 27.0634746551514 27.0694313049316 27.069299697876 27.0821704864502 27.0821590423584 27.086986541748 -9999 -9999 -9999
26.6153144836426 26.6252098083496 26.6368236541748 26.6598434448242 26.6758327484131 26.6982593536377 26.7265930175781 26.7290191650391 26.7412300109863 26.7539672851562 26.7602291107178 26.7711963653564 26.7915096282959 26.7997035980225 26.810920715332 26.8254013061523 26.8336887359619 26.8507671356201 26.875129699707 26.8919486999512 26.8964004516602 26.9094657897949 26.9194278717041 26.9225692749023 26.9304962158203 26.935863494873 26.9385986328125 26.9483814239502 26.9543323516846 26.9609756469727 26.9808673858643 26.992208480835 26.9936637878418 26.9993457794189 27.0069847106934 27.008171081543 27.0037326812744 27.0046424865723 27.003734588623 27.001859664917 27.0013198852539 27.0116634368896 27.0082969665527 27.0149669647217 27.016809463501 27.026159286499 27.0282440185547 27.0348529815674 27.0478706359863 27.0528202056885 27.0578784942627 27.0727939605713 -9999 -9999 -9999 -9999 -9999
26.5852699279785 26.6076221466064 26.6244449615479 26.636697769165 26.6645450592041 26.6799354553223 26.6963062286377 26.7282676696777 26.7348003387451 26.7452392578125 26.7638912200928 26.7687873840332 26.7754306793213 26.8041324615479 26.7995319366455 26.8095741271973 26.8380737304688 26.8382701873779 26.8622970581055 26.8975830078125 26.8921794891357 26.8992385864258 26.9246234893799 26.9150562286377 26.9179782867432 26.9406318664551 26.9334182739258 26.9380645751953 26.9564933776855 26.9548778533936 26.9622669219971 26.9856700897217 26.9816818237305 26.9834938049316 26.9942436218262 26.9945487976074 27.0052146911621 27.0064926147461 27.0073890686035 27.0077934265137 27.0072154998779 26.9925937652588 27.0027542114258 27.0094528198242 27.0135688781738 27.0159168243408 27.017993927002 27.0308074951172 27.0419120788574 -9999 -9999 -9999 -9999 -9999 -9999 -9999 -9999
26.5709609985352 26.5817050933838 26.5964870452881 26.6216125488281 26.6356182098389 26.6554698944092 26.682918548584 26.7069110870361 26.7124710083008 26.7311534881592 26.7375679016113 26.7458209991455 26.761043548584 26.7711067199707 26.775806427002 26.7963752746582 26.807544708252 26.818380355835 26.8493385314941 26.8647766113281 26.8693885803223 26.8841400146484 26.8887825012207 26.8914527893066 26.9006252288818 26.9099502563477 26.91330909729 26.9236736297607 26.9329071044922 26.9391822814941 26.953727722168 26.9677562713623 26.9678001403809 26.9735126495361 26.9803810119629 26.9838428497314 26.9950656890869 26.9960117340088 26.9974040985107 26.9997673034668 27.0006351470947 26.9853897094727 26.9973220825195 27.0015716552734 27.0028095245361 27.0120677947998 -9999 -9999 -9999 -9999 -9999 -9999 -9999 -9999 -9999 -9999 -9999
26.519998550415 26.5397777557373 26.5512371063232 26.5759143829346 26.5910778045654 26.606273651123 26.6370277404785 26.660083770752 26.6686382293701 26.6880035400391 26.6924800872803 26.6991214752197 26.7177200317383 26.7282943725586 26.7404823303223 26.7604084014893 26.7679309844971 26.7794227600098 26.8072547912598 26.8241729736328 26.8311614990234 26.8457984924316 26.8513278961182 26.851598739624 26.8667068481445 26.871898651123 26.8797359466553 26.8916759490967 26.8984260559082 26.9044666290283 26.9269065856934 26.9380912780762 26.9413738250732 26.9486770629883 26.9581737518311 26.9638004302979 26.9666385650635 26.9720516204834 26.9760036468506 26.9789733886719 26.9801845550537 26.9850521087646 26.9842376708984 26.9833297729492 -9999 -9999 -9999 -9999 -9999 -9999 -9999 -9999 -9999 -9999 -9999 -9999 -9999
26.4873046875 26.5093841552734 26.5290241241455 26.5441741943359 26.5779857635498 26.5910663604736 26.6150054931641 26.6216697692871 26.6480045318604 26.6547813415527 26.6610336303711 26.6814765930176 26.6912784576416 26.7036380767822 26.722785949707 26.733118057251 26.7436180114746 26.7636413574219 26.7830715179443 26.7933807373047 26.8140106201172 26.8187217712402 26.8313827514648 26.8341236114502 26.8383274078369 26.8510189056396 26.862735748291 26.8728580474854 26.8783416748047 26.8915424346924 26.9101467132568 26.9212799072266 26.935998916626 26.9414196014404 26.9537754058838 26.9529266357422 26.9545269012451 26.9616012573242 26.9641704559326 26.9662742614746 26.9740962982178 -9999 -9999 -9999 -9999 -9999 -9999 -9999 -9999 -9999 -9999 -9999 -9999 -9999 -9999 -9999 -9999
26.4601497650146 26.4856052398682 26.508960723877 26.5332202911377 26.5614318847656 26.5717601776123 26.6006488800049 26.6099090576172 26.6276569366455 26.6423110961914 26.6475486755371 26.6542320251465 26.6716537475586 26.684383392334 26.7010593414307 26.7211627960205 26.7295513153076 26.7414512634277 26.7704544067383 26.7774753570557 26.7902069091797 26.8040618896484 26.8028793334961 26.7981338500977 26.8104629516602 26.8297863006592 26.8411235809326 26.8578472137451 26.8650798797607 26.8724765777588 26.8984298706055 26.9056148529053 26.9196338653564 26.9300880432129 26.9329471588135 26.9322757720947 26.9404716491699 26.9494132995605 26.9531421661377 -9999 -9999 -9999 -9999 -9999 -9999 -9999 -9999 -9999 -9999 -9999 -9999 -9999 -9999 -9999 -9999 -9999 -9999
26.4247131347656 26.4540061950684 26.4721565246582 26.4957580566406 26.510404586792 26.5234851837158 26.5495834350586 26.5584373474121 26.5895824432373 26.6044540405273 26.6096057891846 26.6138553619385 26.6312847137451 26.6451072692871 26.6584320068359 26.680154800415 26.6894836425781 26.7001190185547 26.7204551696777 26.7242259979248 26.7464008331299 26.7606105804443 26.757022857666 26.7495975494385 26.7626132965088 26.786413192749 26.8001804351807 26.817699432373 26.8313312530518 26.8387393951416 26.8560619354248 26.8627815246582 26.8820152282715 26.8937644958496 26.897180557251 26.8995056152344 -9999 -9999 -9999 -9999 -9999 -9999 -9999 -9999 -9999 -9999 -9999 -9999 -9999 -9999 -9999 -9999 -9999 -9999 -9999 -9999 -9999
26.4307537078857 26.4508686065674 26.4678592681885 26.4805355072021 26.493631362915 26.5148048400879 26.533109664917 26.5392665863037 26.5791931152344 26.5860500335693 26.594310760498 26.6068153381348 26.6183662414551 26.6314067840576 26.6487617492676 26.6597480773926 26.6743583679199 26.6908531188965 26.7007904052734 26.7065620422363 26.7369289398193 26.7424259185791 26.7483406066895 26.7519454956055 26.7574310302734 26.7717437744141 26.7875900268555 26.7990989685059 26.8174743652344 26.825553894043 26.8246555328369 26.8448143005371 26.8546390533447 -9999 -9999 -9999 -9999 -9999 -9999 -9999 -9999 -9999 -9999 -9999 -9999 -9999 -9999 -9999 -9999 -9999 -9999 -9999 -9999 -9999 -9999 -9999 -9999
26.4370441436768 26.4505634307861 26.4599914550781 26.4759120941162 26.4889183044434 26.5021209716797 26.5286712646484 26.5345973968506 26.5630912780762 26.5811710357666 26.5862350463867 26.5933742523193 26.6120147705078 26.6264877319336 26.6358203887939 26.6519813537598 26.6603984832764 26.673620223999 26.6909942626953 26.6964931488037 26.7203273773193 26.7346210479736 26.7388515472412 26.7402267456055 26.7535572052002 26.7600402832031 26.7693309783936 26.7796077728271 26.7904090881348 26.7961082458496 26.8108558654785 -9999 -9999 -9999 -9999 -9999 -9999 -9999 -9999 -9999 -9999 -9999 -9999 -9999 -9999 -9999 -9999 -9999 -9999 -9999 -9999 -9999 -9999 -9999 -9999 -9999 -9999
26.4207458496094 26.4300346374512 26.4374885559082 26.4514102935791 26.4627475738525 26.4750175476074 26.5021457672119 26.5112571716309 26.5376453399658 26.5549564361572 26.5551357269287 26.5594711303711 26.5870819091797 26.6001281738281 26.6084251403809 26.6229858398438 26.6304664611816 26.6393051147461 26.6548309326172 26.661642074585 26.6819725036621 26.6958637237549 26.7013092041016 26.7032108306885 26.7127475738525 26.7145328521729 26.7158870697021 26.7334613800049 -9999 -9999 -9999 -9999 -9999 -9999 -9999 -9999 -9999 -9999 -9999 -9999 -9999 -9999 -9999 -9999 -9999 -9999 -9999 -9999 -9999 -9999 -9999 -9999 -9999 -9999 -9999 -9999 -9999
26.4179077148438 26.4211940765381 26.4371681213379 26.4449481964111 26.4478549957275 26.4718265533447 26.4918174743652 26.5003662109375 26.5188217163086 26.5455551147461 26.5540771484375 26.5633029937744 26.5747718811035 26.5916862487793 26.6062355041504 26.6136798858643 26.619815826416 26.6307716369629 26.6388187408447 26.6430034637451 26.6574630737305 26.6798610687256 26.6878509521484 26.6923217773438 26.6899299621582 26.6970195770264 -9999 -9999 -9999 -9999 -9999 -9999 -9999 -9999 -9999 -9999 -9999 -9999 -9999 -9999 -9999 -9999 -9999 -9999 -9999 -9999 -9999 -9999 -9999 -9999 -9999 -9999 -9999 -9999 -9999 -9999 -9999
26.4216022491455 26.4277267456055 26.4340724945068 26.4465427398682 26.4551887512207 26.4648952484131 26.4914608001709 26.5003662109375 26.5106506347656 26.5496196746826 26.5544166564941 26.5631694793701 26.5780429840088 26.5904197692871 26.5951862335205 26.6073112487793 26.611083984375 26.6193161010742 26.6417903900146 26.6473178863525 26.6500225067139 26.65354347229 26.6558876037598 -9999 -9999 -9999 -9999 -9999 -9999 -9999 -9999 -9999 -9999 -9999 -9999 -9999 -9999 -9999 -9999 -9999 -9999 -9999 -9999 -9999 -9999 -9999 -9999 -9999 -9999 -9999 -9999 -9999 -9999 -9999 -9999 -9999 -9999
26.4164810180664 26.4202060699463 26.4241352081299 26.4369430541992 26.4441528320312 26.4540824890137 26.4801654815674 26.4927082061768 26.5026092529297 26.5219898223877 26.5494155883789 26.556489944458 26.5703639984131 26.5792064666748 26.5823287963867 26.5914974212646 26.5913219451904 26.595609664917 26.6179962158203 26.6163177490234 -9999 -9999 -9999 -9999 -9999 -9999 -9999 -9999 -9999 -9999 -9999 -9999 -9999 -9999 -9999 -9999 -9999 -9999 -9999 -9999 -9999 -9999 -9999 -9999 -9999 -9999 -9999 -9999 -9999 -9999 -9999 -9999 -9999 -9999 -9999 -9999 -9999
26.420955657959 26.419189453125 26.428150177002 26.4328422546387 26.4346714019775 26.4552097320557 26.474573135376 26.4890747070312 26.5051155090332 26.5194492340088 26.546817779541 26.5636749267578 26.5707969665527 26.5750923156738 26.5829181671143 26.5853900909424 26.5799179077148 26.5894222259521 26.6046447753906 26.5954990386963 -9999 -9999 -9999 -9999 -9999 -9999 -9999 -9999 -9999 -9999 -9999 -9999 -9999 -9999 -9999 -9999 -9999 -9999 -9999 -9999 -9999 -9999 -9999 -9999 -9999 -9999 -9999 -9999 -9999 -9999 -9999 -9999 -9999 -9999 -9999 -9999 -9999
26.4350891113281 26.4322452545166 26.4301242828369 26.437894821167 26.4409255981445 26.4521350860596 26.4773941040039 26.4929103851318 26.5030879974365 26.5292091369629 26.5455150604248 26.5712509155273 26.5835876464844 26.5820083618164 26.5847835540771 26.5866508483887 26.585750579834 26.5861053466797 26.5967121124268 -9999 -9999 -9999 -9999 -9999 -9999 -9999 -9999 -9999 -9999 -9999 -9999 -9999 -9999 -9999 -9999 -9999 -9999 -9999 -9999 -9999 -9999 -9999 -9999 -9999 -9999 -9999 -9999 -9999 -9999 -9999 -9999 -9999 -9999 -9999 -9999 -9999 -9999
26.455493927002 26.4402046203613 26.4352893829346 26.4415874481201 26.4433269500732 26.4521293640137 26.4676952362061 26.4899349212646 26.5075340270996 26.532564163208 26.5513687133789 26.5773639678955 26.5962238311768 26.5859661102295 26.5832118988037 26.583589553833 26.5804786682129 26.5713005065918 -9999 -9999 -9999 -9999 -9999 -9999 -9999 -9999 -9999 -9999 -9999 -9999 -9999 -9999 -9999 -9999 -9999 -9999 -9999 -9999 -9999 -9999 -9999 -9999 -9999 -9999 -9999 -9999 -9999 -9999 -9999 -9999 -9999 -9999 -9999 -9999 -9999 -9999 -9999
26.4509773254395 26.4344902038574 26.4409275054932 26.4402866363525 26.4372272491455 26.4549732208252 26.4647617340088 26.4743900299072 26.5128803253174 26.5292701721191 26.549201965332 26.5747451782227 26.5897922515869 26.5889453887939 26.5865230560303 26.568790435791 26.5675144195557 -9999 -9999 -9999 -9999 -9999 -9999 -9999 -9999 -9999 -9999 -9999 -9999 -9999 -9999 -9999 -9999 -9999 -9999 -9999 -9999 -9999 -9999 -9999 -9999 -9999 -9999 -9999 -9999 -9999 -9999 -9999 -9999 -9999 -9999 -9999 -9999 -9999 -9999 -9999 -9999
26.4430770874023 26.4401931762695 26.4419097900391 26.4455528259277 26.447904586792 26.4568710327148 26.4736270904541 26.487865447998 26.502628326416 26.5330085754395 26.5449523925781 26.5586490631104 26.5694522857666 26.5715503692627 26.5724430084229 26.5680027008057 26.5673408508301 -9999 -9999 -9999 -9999 -9999 -9999 -9999 -9999 -9999 -9999 -9999 -9999 -9999 -9999 -9999 -9999 -9999 -9999 -9999 -9999 -9999 -9999 -9999 -9999 -9999 -9999 -9999 -9999 -9999 -9999 -9999 -9999 -9999 -9999 -9999 -9999 -9999 -9999 -9999 -9999
26.4459495544434 26.444917678833 26.4507598876953 26.4530372619629 26.4538173675537 26.4623126983643 26.4769630432129 26.4920654296875 26.5019950866699 26.5324745178223 26.5444374084473 26.5515308380127 26.5639591217041 26.5643501281738 26.5686111450195 26.5699653625488 -9999 -9999 -9999 -9999 -9999 -9999 -9999 -9999 -9999 -9999 -9999 -9999 -9999 -9999 -9999 -9999 -9999 -9999 -9999 -9999 -9999 -9999 -9999 -9999 -9999 -9999 -9999 -9999 -9999 -9999 -9999 -9999 -9999 -9999 -9999 -9999 -9999 -9999 -9999 -9999 -9999
26.4440746307373 26.4509162902832 26.4500370025635 26.4539279937744 26.4610710144043 26.4654502868652 26.479585647583 26.4999752044678 26.5044078826904 26.5150451660156 26.5510635375977 26.5482006072998 26.5559921264648 -9999 -9999 -9999 -9999 -9999 -9999 -9999 -9999 -9999 -9999 -9999 -9999 -9999 -9999 -9999 -9999 -9999 -9999 -9999 -9999 -9999 -9999 -9999 -9999 -9999 -9999 -9999 -9999 -9999 -9999 -9999 -9999 -9999 -9999 -9999 -9999 -9999 -9999 -9999 -9999 -9999 -9999 -9999 -9999
26.444263458252 26.4474487304688 26.451774597168 26.4554309844971 26.4583015441895 26.4663581848145 26.4817028045654 26.491268157959 26.5010318756104 -9999 -9999 -9999 -9999 -9999 -9999 -9999 -9999 -9999 -9999 -9999 -9999 -9999 -9999 -9999 -9999 -9999 -9999 -9999 -9999 -9999 -9999 -9999 -9999 -9999 -9999 -9999 -9999 -9999 -9999 -9999 -9999 -9999 -9999 -9999 -9999 -9999 -9999 -9999 -9999 -9999 -9999 -9999 -9999 -9999 -9999 -9999 -9999
