G_variables/Set1/RCP6_2050/Sur_tem_max.asc
NCOLS 229 
NROWS 147 
XLLCORNER -101.25 
YLLCORNER 14.3333333333333 
CELLSIZE 0.0833333333333333 
NODATA_value -9999 
[rows 26 to 51 of 147, columns 57 to 113 of 229]
-9999 -9999 -9999 -9999 -9999 -9999 -9999 -9999 -9999 -9999 -9999 -9999 -9999 -9999 -9999 -9999 -9999 -9999 -9999 -9999 -9999 -9999 -9999 -9999 -9999 -9999 -9999 -9999 -9999 31.1267108917236 31.1244773864746 31.1242828369141 31.1236305236816 31.1343421936035 31.1349945068359 31.1423816680908 31.1520195007324 31.1568412780762 31.150749206543 31.1533279418945 31.1517333984375 31.1468639373779 31.1423435211182 31.1289730072021 31.1331653594971 31.1389751434326 31.135648727417 31.1478309631348 31.1505107879639 31.1598415374756 31.1720008850098 31.170166015625 31.1840076446533 31.2035713195801 31.2122268676758 31.2196464538574 31.2202529907227
-9999 -9999 -9999 -9999 -9999 -9999 -9999 -9999 -9999 -9999 -9999 -9999 -9999 -9999 -9999 -9999 -9999 -9999 -9999 -9999 -9999 -9999 -9999 -9999 -9999 -9999 -9999 -9999 31.1312484741211 31.1234531402588 31.1328525543213 31.1315898895264 31.1205444335938 31.1447582244873 31.145393371582 31.1463241577148 31.162971496582 31.1644515991211 31.1607322692871 31.1586132049561 31.1583881378174 31.1549816131592 31.1413898468018 31.141056060791 31.1395397186279 31.1392040252686 31.1447467803955 31.1495552062988 31.15354347229 31.1612682342529 31.1709289550781 31.1911163330078 31.2015075683594 31.2094192504883 31.2242889404297 31.2228736877441 31.2208518981934
-9999 -9999 -9999 -9999 -9999 -9999 -9999 -9999 -9999 -9999 -9999 -9999 -9999 -9999 -9999 -9999 -9999 -9999 -9999 -9999 -9999 -9999 -9999 -9999 -9999 -9999 -9999 -9999 31.1222953796387 31.134593963623 31.1364402770996 31.137336730957 31.133617401123 31.1455078125 31.1624927520752 31.1663246154785 31.1796703338623 31.1841373443604 31.1844387054443 31.175220489502 31.1695098876953 31.1625080108643 31.1529312133789 31.1492729187012 31.1468334197998 31.145788192749 31.1481246948242 31.1439342498779 31.1549205780029 31.1618938446045 31.1716804504395 31.190502166748 31.2046012878418 31.2265071868896 31.2334117889404 31.2244567871094 31.2212181091309
-9999 -9999 -9999 -9999 -9999 -9999 -9999 -9999 -9999 -9999 -9999 -9999 -9999 -9999 -9999 -9999 -9999 -9999 -9999 -9999 -9999 -9999 -9999 -9999 -9999 -9999 -9999 31.1080780029297 31.0847606658936 31.1300773620605 31.1397953033447 31.1306133270264 31.1488265991211 31.1593189239502 31.2025604248047 31.1821689605713 31.1931972503662 31.2200603485107 31.1919784545898 31.1837291717529 31.1913681030273 31.1599750518799 31.1528568267822 31.1600074768066 31.1546955108643 31.1487731933594 31.138334274292 31.1459865570068 31.1545505523682 31.1557006835938 31.1770172119141 31.1905288696289 31.2067756652832 31.2434768676758 31.2420310974121 31.2187347412109 31.2188396453857
-9999 -9999 -9999 -9999 -9999 -9999 -9999 -9999 -9999 -9999 -9999 -9999 -9999 -9999 -9999 -9999 -9999 -9999 -9999 -9999 -9999 -9999 -9999 -9999 -9999 -9999 -9999 31.1080474853516 31.1160907745361 31.1179332733154 31.1430912017822 31.143949508667 31.1474514007568 31.1897048950195 31.1966533660889 31.1875514984131 31.2061634063721 31.2057685852051 31.2008209228516 31.1935138702393 31.1868190765381 31.1740074157715 31.1621074676514 31.1627769470215 31.1608505249023 31.1548938751221 31.155387878418 31.159236907959 31.1648979187012 31.1752891540527 31.1741218566895 31.1886672973633 31.2039909362793 31.2154350280762 31.2121543884277 31.2064876556396 31.2140140533447
30.8077182769775 30.8091602325439 30.8202209472656 30.8528347015381 -9999 -9999 -9999 -9999 -9999 -9999 -9999 -9999 -9999 -9999 -9999 -9999 -9999 -9999 -9999 -9999 -9999 -9999 -9999 -9999 -9999 -9999 31.0803470611572 31.1121234893799 31.1108341217041 31.1206378936768 31.1495819091797 31.1554889678955 31.1586475372314 31.2005214691162 31.2047271728516 31.1949119567871 31.2105293273926 31.2103881835938 31.2057495117188 31.1984596252441 31.1957492828369 31.1912002563477 31.1720333099365 31.1685199737549 31.1629695892334 31.1531105041504 31.1534595489502 31.152624130249 31.153018951416 31.1558647155762 31.1508808135986 31.1654300689697 31.173059463501 31.1782245635986 31.1882457733154 31.1917705535889 31.1962547302246
30.8082256317139 30.8150405883789 30.8358345031738 30.8457202911377 30.8796653747559 30.8795833587646 30.8911113739014 30.92258644104 30.9158897399902 -9999 -9999 -9999 -9999 -9999 -9999 -9999 -9999 -9999 -9999 -9999 -9999 -9999 -9999 -9999 -9999 -9999 31.091760635376 31.1046257019043 31.1211032867432 31.1323909759521 31.1427745819092 31.1620998382568 31.1769771575928 31.1965808868408 31.2222652435303 31.2143058776855 31.2108764648438 31.2317562103271 31.2102489471436 31.2052383422852 31.2147636413574 31.1921997070312 31.1851215362549 31.1836700439453 31.1597309112549 31.160364151001 31.1536388397217 31.1513042449951 31.153148651123 31.1450958251953 31.1600399017334 31.1560592651367 31.1662864685059 31.1754055023193 31.1839847564697 31.1983299255371 31.1941967010498
30.8054180145264 30.8115768432617 30.8175411224365 30.8462867736816 30.8561820983887 30.873779296875 30.8898944854736 30.9043292999268 30.9088478088379 30.918493270874 30.9340324401855 30.9353160858154 30.9389610290527 -9999 -9999 -9999 -9999 -9999 -9999 -9999 -9999 -9999 -9999 -9999 -9999 31.084888458252 31.0950298309326 31.1228981018066 31.1284523010254 31.1320457458496 31.1611576080322 31.1651611328125 31.1776332855225 31.193208694458 31.2144870758057 31.2097797393799 31.2179012298584 31.2228622436523 31.2138385772705 31.2027225494385 31.2047367095947 31.1968669891357 31.1782245635986 31.1765041351318 31.1624565124512 31.1485481262207 31.1512241363525 31.1512393951416 31.1489448547363 31.1520462036133 31.1514205932617 31.1524524688721 31.1577434539795 31.1615371704102 31.1802177429199 31.1830806732178 31.1873455047607
30.8158626556396 30.8087882995605 30.8117008209229 30.8382759094238 30.8477611541748 30.8588924407959 30.8750267028809 30.8855304718018 30.8911151885986 30.9080696105957 30.9120140075684 30.9250316619873 30.9315853118896 30.9292945861816 30.9386577606201 30.9484252929688 30.9516868591309 30.9596729278564 -9999 -9999 -9999 -9999 -9999 -9999 -9999 31.1006813049316 31.1123390197754 31.1392040252686 31.1456718444824 31.1487159729004 31.1689491271973 31.1720638275146 31.171573638916 31.178394317627 31.180248260498 31.1895217895508 31.1961421966553 31.1977195739746 31.1957454681396 31.1765155792236 31.1779880523682 31.1747627258301 31.1593933105469 31.1565055847168 31.1551132202148 31.1405944824219 31.1399021148682 31.1454086303711 31.1435604095459 31.1423320770264 31.1433429718018 31.1494083404541 31.1507511138916 31.1525344848633 31.1683731079102 31.1700801849365 31.171558380127
30.7963371276855 30.7911128997803 30.8096256256104 30.8207340240479 30.8338756561279 30.8550357818604 30.8637638092041 30.8825092315674 30.890811920166 30.9007625579834 30.9137115478516 30.9277019500732 30.9345817565918 30.9196681976318 30.9412631988525 30.9471397399902 30.9424247741699 30.9714374542236 30.9828414916992 30.9894714355469 31.0136737823486 31.0274295806885 31.0507888793945 -9999 -9999 31.1247673034668 31.1293239593506 31.1388339996338 31.1646423339844 31.1609783172607 31.1692943572998 31.1808967590332 31.1681098937988 31.1700839996338 31.1851291656494 31.1780223846436 31.1932525634766 31.197437286377 31.1859951019287 31.1762351989746 31.1737957000732 31.1633625030518 31.1576499938965 31.1471328735352 31.1433620452881 31.141975402832 31.131778717041 31.1346130371094 31.1313209533691 31.129430770874 31.140754699707 31.1438617706299 31.1382713317871 31.1562786102295 31.1638069152832 31.1595325469971 31.1654644012451
30.8044948577881 30.8064937591553 30.8120307922363 30.8241348266602 30.8304347991943 30.843921661377 30.8620357513428 30.8732643127441 30.8798427581787 30.90305519104 30.9140510559082 30.9214916229248 30.9399719238281 30.9432048797607 30.9416542053223 30.9615879058838 30.9628410339355 30.9700374603271 30.9990310668945 31.0038585662842 31.012300491333 31.0441360473633 31.0664119720459 31.0738868713379 31.101131439209 31.1093292236328 31.1251239776611 31.1450748443604 31.1521091461182 31.1605548858643 31.1708126068115 31.1760597229004 31.1646118164062 31.1627769470215 31.1733722686768 31.1723003387451 31.1800022125244 31.1799697875977 31.1778182983398 31.1702346801758 31.1701850891113 31.1623821258545 31.1528491973877 31.1463165283203 31.1454277038574 31.1403541564941 31.1389656066895 31.1319007873535 31.1333827972412 31.1361389160156 31.1401309967041 31.1460857391357 31.1494789123535 31.1556396484375 31.1585006713867 31.1604804992676 31.1643123626709
30.8073329925537 30.8067665100098 30.8095817565918 30.8224124908447 30.8222389221191 30.833568572998 30.8517532348633 30.8586654663086 30.8676567077637 30.8924808502197 30.9042797088623 30.915735244751 30.938404083252 30.9447059631348 30.9574642181396 30.9680709838867 30.9762802124023 30.9868774414062 31.0116176605225 31.0255661010742 31.0271759033203 31.0662670135498 31.073335647583 31.082950592041 31.1103630065918 31.1171875 31.121301651001 31.1456413269043 31.1481819152832 31.1474285125732 31.1542911529541 31.1547908782959 31.1463756561279 31.1395874023438 31.13844871521 31.137414932251 31.1447849273682 31.1434783935547 31.1461601257324 31.1375179290771 31.1363258361816 31.1401557922363 31.1332302093506 31.1328964233398 31.1358852386475 31.1344833374023 31.1400871276855 31.1255168914795 31.1280841827393 31.1316661834717 31.1367168426514 31.1442432403564 31.1498279571533 31.1525058746338 31.1607666015625 31.1601104736328 31.1618804931641
30.8003997802734 30.808629989624 30.8101844787598 30.8125476837158 30.8059577941895 30.8333377838135 30.8437423706055 30.8500576019287 30.8743438720703 30.8873596191406 30.8987598419189 30.9159927368164 30.9352226257324 30.9571704864502 30.9667053222656 30.9725761413574 30.9872970581055 31.0022048950195 31.0113906860352 31.0281162261963 31.0462207794189 31.0586585998535 31.0806159973145 31.0919132232666 31.1069717407227 31.1357307434082 31.1269607543945 31.1370964050293 31.1589660644531 31.1474418640137 31.1462078094482 31.1436653137207 31.1327171325684 31.1373977661133 31.1202373504639 31.1254005432129 31.1367988586426 31.1324195861816 31.1362972259521 31.1320705413818 31.1264190673828 31.1313304901123 31.131311416626 31.1282844543457 31.1284561157227 31.1377468109131 31.1317806243896 31.134033203125 31.1283664703369 31.1236362457275 31.138542175293 31.1488590240479 31.1565608978271 31.1585941314697 31.1633720397949 31.1623649597168 31.161865234375
30.8026084899902 30.7979431152344 30.8030624389648 30.8145694732666 30.8160514831543 30.8240070343018 30.8456592559814 30.8572559356689 30.8722457885742 30.896915435791 30.9051895141602 30.914514541626 30.9432392120361 30.9575977325439 30.9635772705078 30.9851665496826 30.9910449981689 31.0030574798584 31.029613494873 31.0387020111084 31.041841506958 31.0693912506104 31.0824394226074 31.0892601013184 31.1108894348145 31.1164798736572 31.1277885437012 31.1370658874512 31.1394290924072 31.143087387085 31.1384296417236 31.1280193328857 31.128942489624 31.1292171478271 31.1289176940918 31.1241474151611 31.1324882507324 31.1360969543457 31.1377391815186 31.1348724365234 31.1387557983398 31.1339664459229 31.1344413757324 31.1333808898926 31.1348152160645 31.1414222717285 31.1407356262207 31.1364517211914 31.1453704833984 31.139404296875 31.1448135375977 31.1590671539307 31.1659355163574 31.1738319396973 31.1765518188477 31.1746463775635 31.17041015625
30.7914180755615 30.7913551330566 30.7952098846436 30.8036251068115 30.813009262085 30.8143844604492 30.8379344940186 30.8651866912842 30.8787479400635 30.9013004302979 30.908618927002 30.918004989624 30.9445667266846 30.9554634094238 30.9639320373535 30.9905338287354 31.00315284729 31.0168266296387 31.0431480407715 31.0405406951904 31.0437660217285 31.0652084350586 31.0739841461182 31.0800895690918 31.098876953125 31.1022968292236 31.1082973480225 31.1132621765137 31.1140422821045 31.1151962280273 31.1097946166992 31.098876953125 31.0994720458984 31.0919380187988 31.1019229888916 31.0996341705322 31.1115856170654 31.1133918762207 31.1154727935791 31.118350982666 31.1200332641602 31.123104095459 31.1236820220947 31.1241817474365 31.1244888305664 31.1295928955078 31.1359767913818 31.1347885131836 31.1450805664062 31.1507549285889 31.1549472808838 31.1736354827881 31.182107925415 31.1939029693604 31.1953506469727 31.1842212677002 31.1714134216309
30.772762298584 30.7754306793213 30.7938747406006 30.800895690918 30.8222103118896 30.8250179290771 30.8393115997314 30.8754501342773 30.8934726715088 30.8993606567383 30.913064956665 30.9302349090576 30.9372081756592 30.9552116394043 30.9735889434814 30.9864559173584 31.006685256958 31.0210838317871 31.0321216583252 31.0465106964111 31.0494289398193 31.0557384490967 31.0848217010498 31.0807590484619 31.0861473083496 31.0994510650635 31.1017684936523 31.1024799346924 31.1064319610596 31.1031227111816 31.1002826690674 31.0802040100098 31.0865783691406 31.0860347747803 31.0785083770752 31.0873012542725 31.097957611084 31.0923385620117 31.1149311065674 31.1184597015381 31.110200881958 31.1198902130127 31.1197834014893 31.1157760620117 31.1231575012207 31.1278629302979 31.1373462677002 31.1343154907227 31.1421184539795 31.1535301208496 31.1680545806885 31.1785507202148 31.1924571990967 31.1989402770996 31.1992530822754 31.1916160583496 31.1802768707275
30.7746391296387 30.7785224914551 30.7841510772705 30.8055801391602 30.8146953582764 30.8232479095459 30.8515949249268 30.8686923980713 30.878490447998 30.9035625457764 30.9082527160645 30.9197254180908 30.9407196044922 30.9528255462646 30.9630107879639 30.9861602783203 30.9990673065186 31.0062255859375 31.0293750762939 31.0321750640869 31.0395088195801 31.0578460693359 31.0675487518311 31.0694408416748 31.0782260894775 31.0868110656738 31.0883636474609 31.0947036743164 31.0966758728027 31.0965881347656 31.0946235656738 31.0851898193359 31.0842723846436 31.0889225006104 31.0859546661377 31.0880699157715 31.0971164703369 31.1048526763916 31.1162719726562 31.1252708435059 31.1180782318115 31.1173248291016 31.1204929351807 31.1202163696289 31.1213207244873 31.1337871551514 31.1306400299072 31.134033203125 31.1489315032959 31.1548404693604 31.1649208068848 31.1837730407715 31.1938095092773 31.2008304595947 31.2007827758789 31.193115234375 31.1834278106689
30.7465839385986 30.7516632080078 30.7633209228516 30.799072265625 30.8094882965088 30.8204917907715 30.8495388031006 30.8604335784912 30.8730010986328 30.8956108093262 30.907039642334 30.9143848419189 30.9356727600098 30.9513626098633 30.9573974609375 30.9794406890869 30.9862976074219 30.9958820343018 31.0175647735596 31.0214920043945 31.0258693695068 31.0435962677002 31.0465049743652 31.0492057800293 31.0578804016113 31.0588626861572 31.060962677002 31.0668029785156 31.068187713623 31.0702743530273 31.0705165863037 31.0671520233154 31.0699558258057 31.0767250061035 31.0713977813721 31.0756912231445 31.0852394104004 31.0942764282227 31.1111869812012 31.1170272827148 31.1096248626709 31.1051464080811 31.108081817627 31.1090297698975 31.1119556427002 31.1247692108154 31.1222705841064 31.1301021575928 31.1459159851074 31.1540985107422 31.1632709503174 31.1830978393555 31.1955947875977 31.2079277038574 31.2074909210205 31.1929225921631 31.1815891265869
30.7331295013428 30.7445907592773 30.7648677825928 30.7767295837402 30.788553237915 30.8151359558105 30.8317928314209 30.8623867034912 30.8653621673584 30.8732318878174 30.9096927642822 30.9176464080811 30.9278030395508 30.9427452087402 30.9453926086426 30.9558486938477 30.9721126556396 30.9831714630127 30.9960384368896 31.0096473693848 31.0156879425049 31.020040512085 31.0434303283691 31.0445899963379 31.0495204925537 31.0498828887939 31.062650680542 31.0622253417969 31.0521221160889 31.0654697418213 31.0700263977051 31.0618572235107 31.0688610076904 31.0730419158936 31.0738315582275 31.0736103057861 31.0816841125488 31.0870609283447 31.0909595489502 31.0918312072754 31.0884571075439 31.0891799926758 31.0967922210693 31.0974540710449 31.1037006378174 31.1102409362793 31.1260166168213 31.1343860626221 31.1442165374756 31.1529960632324 31.1620807647705 31.1756992340088 31.199426651001 31.205286026001 31.2066974639893 31.1940650939941 31.1785011291504
30.7339458465576 30.7401885986328 30.7512607574463 30.7773113250732 30.7857322692871 30.8034381866455 30.8335456848145 30.8461570739746 30.8524990081787 30.8787231445312 30.8870487213135 30.9099807739258 30.9336528778076 30.9285583496094 30.9340362548828 30.9548168182373 30.9602699279785 30.9699268341064 30.9927196502686 30.9970703125 31.0051040649414 31.0145397186279 31.0170230865479 31.0393352508545 31.0446491241455 31.052360534668 31.0559196472168 31.0579795837402 31.0571727752686 31.0597438812256 31.066858291626 31.0608501434326 31.0647163391113 31.0697269439697 31.0639896392822 31.0686817169189 31.0762100219727 31.0793590545654 31.0818023681641 31.0834007263184 31.0835647583008 31.082311630249 31.0939331054688 31.0934467315674 31.0974044799805 31.1090812683105 31.1134052276611 31.1262722015381 31.1438999176025 31.1471347808838 31.1564922332764 31.1706485748291 31.1786422729492 31.1857318878174 31.1872291564941 31.180061340332 31.1722946166992
30.7268753051758 30.7360687255859 30.740213394165 30.7691497802734 30.7817344665527 30.7940158843994 30.8091487884521 30.8175754547119 30.8336486816406 30.8603782653809 30.866361618042 30.8774642944336 30.8958892822266 30.9005146026611 30.910530090332 30.9311962127686 30.9366989135742 30.9430027008057 30.9806709289551 30.9840984344482 30.9886302947998 30.99782371521 30.9968204498291 31.0028514862061 31.0202789306641 31.0260696411133 31.0272426605225 31.0323009490967 31.0344524383545 31.040491104126 31.0548095703125 31.0507068634033 31.0529155731201 31.057523727417 31.0603179931641 31.0506858825684 31.0628452301025 31.0650234222412 31.0663948059082 31.0671806335449 31.0676670074463 31.067533493042 31.0696506500244 31.0704326629639 31.0726203918457 31.0842132568359 31.0882549285889 31.0936431884766 31.1261005401611 31.1331615447998 31.1367416381836 31.1492862701416 31.1548404693604 31.1555404663086 31.1583976745605 31.1557388305664 31.1478290557861
30.7151908874512 30.7248306274414 30.7436370849609 30.7556648254395 30.7730884552002 30.7966575622559 30.7963581085205 30.8196239471436 30.8353824615479 30.8484420776367 30.8617191314697 30.879545211792 30.8834629058838 30.8941307067871 30.9109039306641 30.9203090667725 30.9398288726807 30.9471912384033 30.9673461914062 30.9816646575928 30.9834022521973 30.9875888824463 30.9985599517822 30.9964294433594 31.0070762634277 31.0129356384277 31.021915435791 31.0273284912109 31.030481338501 31.0396041870117 31.051887512207 31.0468139648438 31.0515613555908 31.05588722229 31.0634422302246 31.0536270141602 31.060432434082 31.0589752197266 31.0589504241943 31.0585346221924 31.0611248016357 31.0625171661377 31.0613136291504 31.0588512420654 31.0686950683594 31.0762424468994 31.0841178894043 31.0908470153809 31.1025733947754 31.1382160186768 31.1305160522461 31.1395568847656 31.153751373291 31.1410846710205 31.1444816589355 31.154634475708 31.1350364685059
30.7146129608154 30.7213363647461 30.7330341339111 30.7586498260498 30.7665214538574 30.7754306793213 30.804557800293 30.8135452270508 30.822193145752 30.850414276123 30.8586463928223 30.8654727935791 30.8837108612061 30.8903503417969 30.8989925384521 30.9159984588623 30.9300212860107 30.9361133575439 30.9500598907471 30.9644241333008 30.9710636138916 30.9806423187256 30.9860134124756 30.9861660003662 31.0048542022705 31.0077419281006 31.0155277252197 31.0273265838623 31.0306529998779 31.0311660766602 31.0380229949951 31.0453319549561 31.0499782562256 31.0500335693359 31.048131942749 31.0481967926025 31.051643371582 31.052547454834 31.0498905181885 31.0496730804443 31.0511989593506 31.0515403747559 31.0553703308105 31.0568771362305 31.0567836761475 31.0682201385498 31.0754680633545 31.0795021057129 31.0940475463867 31.1013984680176 31.1194801330566 31.127555847168 31.1292552947998 31.1128540039062 31.1085643768311 31.1233234405518 31.1201992034912
30.7041473388672 30.7076568603516 30.7143936157227 30.7390651702881 30.7521266937256 30.7640781402588 30.7932033538818 30.8052825927734 30.8144454956055 30.8387050628662 30.8527240753174 30.854362487793 30.8700866699219 30.8772068023682 30.8791313171387 30.8987503051758 30.9071025848389 30.9076766967773 30.9207363128662 30.9279384613037 30.9323139190674 30.9538269042969 30.963716506958 30.9641590118408 30.985258102417 30.9939098358154 31.0015964508057 31.0140609741211 31.019811630249 31.0257740020752 31.0335235595703 31.0280628204346 31.0274639129639 31.0335102081299 31.0327644348145 31.0283851623535 31.0289897918701 31.032787322998 31.0230922698975 31.0282726287842 31.0299282073975 31.0297966003418 31.0343360900879 31.0363960266113 31.0390510559082 31.0452976226807 31.0489559173584 31.0499477386475 31.0617446899414 31.0649909973145 31.0645370483398 31.0723247528076 31.0731143951416 31.0681133270264 31.0620174407959 31.0621814727783 31.055061340332
30.6871604919434 30.6996936798096 30.7189331054688 30.7287330627441 30.7356300354004 30.7716083526611 30.7853813171387 30.7955894470215 30.8186874389648 30.8303318023682 30.8585910797119 30.8560085296631 30.8586254119873 30.8676891326904 30.8733348846436 30.8846874237061 30.898551940918 30.8985252380371 30.9041137695312 30.9176826477051 30.9244823455811 30.9324836730957 30.9591255187988 30.9682579040527 30.9832324981689 30.9908275604248 31.0071105957031 31.01780128479 31.0409469604492 31.0346279144287 31.0322113037109 31.0427417755127 31.0249652862549 31.0198993682861 31.023946762085 31.0204963684082 31.0227298736572 31.0238456726074 31.0287055969238 31.0284290313721 31.0196914672852 31.0198020935059 31.0222663879395 31.0309429168701 31.031702041626 31.0356903076172 31.0452919006348 31.0396785736084 31.0442199707031 31.0525436401367 31.0494213104248 31.051248550415 31.0641632080078 31.0408897399902 31.0384502410889 31.0519046783447 31.0306873321533
30.690523147583 30.7016677856445 30.709077835083 30.7349090576172 30.7451934814453 30.7674922943115 30.7979335784912 30.8000640869141 30.8095111846924 30.8387355804443 30.8428916931152 30.8460102081299 30.8505477905273 30.853157043457 30.8621635437012 30.8735122680664 30.8729228973389 30.8724918365479 30.888822555542 30.8972969055176 30.9062080383301 30.9230861663818 30.9414558410645 30.9517517089844 30.9804935455322 30.9884033203125 30.9947814941406 31.0150012969971 31.0241050720215 31.0240306854248 31.0282745361328 31.0278453826904 31.019136428833 31.0089988708496 31.0160083770752 31.0141181945801 31.0118350982666 31.0114860534668 31.0178966522217 31.0169200897217 31.0156669616699 31.0112838745117 31.0149593353271 31.0228328704834 31.02880859375 31.0322551727295 31.0299911499023 31.0302677154541 31.0294742584229 31.0327415466309 31.0346603393555 31.0285606384277 31.024715423584 31.0163631439209 30.9978466033936 31.002815246582 31.002965927124
