G_variables/Set1/RCP6_2050/Sur_sal_min.asc
NCOLS 229 
NROWS 147 
XLLCORNER -101.25 
YLLCORNER 14.3333333333333 
CELLSIZE 0.0833333333333333 
NODATA_value -9999 
[rows 0 to 25 of 147, columns 114 to 170 of 229]
-9999 -9999 -9999 -9999 -9999 -9999 -9999 -9999 -9999 -9999 -9999 -9999 -9999 -9999 -9999 -9999 -9999 -9999 -9999 -9999 -9999 -9999 -9999 -9999 -9999 -9999 -9999 -9999 -9999 -9999 -9999 -9999 -9999 -9999 -9999 -9999 -9999 -9999 -9999 -9999 -9999 -9999 -9999 -9999 -9999 -9999 -9999 -9999 -9999 -9999 -9999 -9999 -9999 -9999 -9999 -9999 -9999
-9999 -9999 -9999 -9999 -9999 -9999 -9999 -9999 -9999 -9999 -9999 -9999 -9999 -9999 -9999 -9999 -9999 -9999 -9999 -9999 -9999 -9999 -9999 -9999 -9999 -9999 -9999 -9999 -9999 -9999 -9999 -9999 -9999 -9999 -9999 -9999 -9999 -9999 -9999 -9999 -9999 -9999 -9999 -9999 -9999 -9999 -9999 -9999 -9999 -9999 -9999 -9999 -9999 -9999 -9999 -9999 -9999
-9999 -9999 -9999 -9999 -9999 -9999 -9999 -9999 -9999 -9999 -9999 -9999 -9999 -9999 -9999 -9999 -9999 -9999 -9999 -9999 -9999 -9999 -9999 -9999 -9999 -9999 -9999 -9999 -9999 -9999 -9999 -9999 -9999 -9999 -9999 -9999 -9999 -9999 -9999 -9999 -9999 -9999 -9999 -9999 -9999 -9999 -9999 -9999 -9999 -9999 -9999 -9999 -9999 -9999 -9999 -9999 34.8000602722168
-9999 -9999 -9999 -9999 -9999 -9999 -9999 -9999 -9999 -9999 -9999 -9999 -9999 -9999 -9999 -9999 -9999 -9999 -9999 -9999 -9999 -9999 -9999 -9999 -9999 -9999 -9999 -9999 -9999 -9999 -9999 -9999 -9999 -9999 -9999 -9999 -9999 -9999 -9999 -9999 -9999 -9999 -9999 -9999 -9999 -9999 -9999 -9999 -9999 -9999 -9999 -9999 -9999 -9999 34.6479034423828 34.7478179931641 34.816577911377
-9999 -9999 -9999 -9999 -9999 -9999 -9999 -9999 -9999 -9999 -9999 -9999 -9999 -9999 -9999 -9999 -9999 -9999 -9999 -9999 -9999 -9999 -9999 -9999 -9999 -9999 -9999 -9999 -9999 -9999 -9999 -9999 -9999 -9999 -9999 -9999 -9999 -9999 -9999 -9999 -9999 -9999 -9999 -9999 -9999 -9999 -9999 -9999 -9999 -9999 -9999 -9999 -9999 34.5871124267578 34.6653251647949 34.7583885192871 34.8268051147461
-9999 -9999 -9999 -9999 -9999 -9999 -9999 -9999 -9999 -9999 -9999 -9999 -9999 -9999 -9999 -9999 -9999 -9999 -9999 -9999 -9999 -9999 -9999 -9999 -9999 -9999 -9999 -9999 -9999 -9999 -9999 -9999 -9999 -9999 -9999 -9999 -9999 -9999 -9999 -9999 -9999 -9999 -9999 -9999 -9999 -9999 -9999 -9999 -9999 -9999 -9999 34.2939491271973 34.4365081787109 34.6278228759766 34.6658515930176 34.7489051818848 34.8611907958984
-9999 -9999 -9999 -9999 -9999 -9999 -9999 -9999 -9999 -9999 -9999 -9999 -9999 -9999 -9999 -9999 -9999 -9999 -9999 -9999 -9999 -9999 -9999 -9999 -9999 -9999 -9999 -9999 -9999 -9999 -9999 -9999 -9999 -9999 -9999 -9999 -9999 -9999 -9999 -9999 -9999 -9999 -9999 -9999 -9999 -9999 -9999 -9999 -9999 -9999 34.2846069335938 34.4139022827148 34.5574188232422 34.6759605407715 34.7556838989258 34.8336334228516 34.8771133422852
-9999 -9999 -9999 -9999 -9999 -9999 -9999 -9999 -9999 -9999 -9999 -9999 -9999 -9999 -9999 -9999 -9999 -9999 -9999 -9999 -9999 -9999 -9999 -9999 -9999 -9999 -9999 -9999 -9999 -9999 -9999 -9999 -9999 -9999 -9999 -9999 -9999 -9999 -9999 -9999 -9999 -9999 -9999 -9999 -9999 -9999 -9999 -9999 34.0728302001953 34.1673545837402 34.3351173400879 34.4446258544922 34.5733222961426 34.709529876709 34.7686500549316 34.8488731384277 34.9101905822754
-9999 -9999 -9999 -9999 -9999 -9999 -9999 -9999 -9999 -9999 -9999 -9999 -9999 -9999 -9999 -9999 -9999 -9999 -9999 -9999 -9999 -9999 -9999 -9999 -9999 -9999 -9999 -9999 -9999 -9999 -9999 -9999 -9999 -9999 -9999 -9999 -9999 -9999 -9999 -9999 -9999 -9999 -9999 -9999 -9999 -9999 -9999 34.1004028320312 34.1129264831543 34.2340545654297 34.4085388183594 34.4580116271973 34.606761932373 34.7496643066406 34.770938873291 34.8642196655273 34.9518661499023
-9999 -9999 -9999 -9999 -9999 -9999 -9999 -9999 -9999 -9999 -9999 -9999 -9999 -9999 -9999 -9999 -9999 -9999 -9999 -9999 -9999 -9999 -9999 -9999 -9999 -9999 -9999 -9999 -9999 -9999 -9999 -9999 -9999 -9999 -9999 -9999 -9999 -9999 -9999 -9999 -9999 -9999 -9999 34.2052383422852 34.0672416687012 34.0291137695312 34.0011825561523 34.0477561950684 34.1286888122559 34.2332191467285 34.3885650634766 34.4887847900391 34.6771202087402 34.823917388916 34.8917617797852 34.9332427978516 34.9486999511719
34.9093055725098 34.6729011535645 34.4508743286133 34.332576751709 34.0267791748047 33.7763824462891 -9999 -9999 -9999 -9999 -9999 -9999 -9999 -9999 -9999 -9999 -9999 -9999 -9999 -9999 -9999 -9999 -9999 -9999 -9999 -9999 -9999 -9999 -9999 -9999 -9999 -9999 -9999 -9999 -9999 -9999 -9999 -9999 -9999 34.7944183349609 34.7499580383301 34.5554618835449 34.4281234741211 34.233024597168 34.1136131286621 34.0361747741699 34.0120964050293 34.1014633178711 34.1256523132324 34.2325248718262 34.385913848877 34.5248260498047 34.6937255859375 34.8454208374023 34.9190902709961 34.9631805419922 34.9942436218262
34.9405937194824 34.7002983093262 34.4998168945312 34.4341812133789 34.1684036254883 33.9443206787109 33.8683090209961 33.6142311096191 33.4374389648438 33.3922386169434 33.2500648498535 33.2541198730469 33.2630195617676 33.1885375976562 -9999 -9999 -9999 -9999 -9999 -9999 -9999 -9999 -9999 -9999 -9999 -9999 -9999 -9999 -9999 -9999 -9999 -9999 -9999 -9999 -9999 -9999 34.7876205444336 34.7910804748535 34.8316993713379 34.8225173950195 34.6880531311035 34.5836791992188 34.5200233459473 34.3318367004395 34.1954650878906 34.1568145751953 34.126636505127 34.1424942016602 34.1680793762207 34.3068466186523 34.4541435241699 34.5189971923828 34.7088813781738 34.8647651672363 34.8894119262695 34.9641761779785 35.0245475769043
34.9306030273438 34.7987899780273 34.6312789916992 34.4759407043457 34.3738594055176 34.2060813903809 34.0313987731934 33.8957252502441 33.6856689453125 33.5890121459961 33.5572662353516 33.4660377502441 33.4831390380859 33.6225471496582 33.6112937927246 33.5849304199219 33.6798400878906 -9999 33.4218101501465 33.35546875 33.1143264770508 33.0613288879395 33.0389289855957 32.8828315734863 32.9071998596191 32.9765357971191 32.9666976928711 33.0742645263672 33.5008354187012 33.7859382629395 34.0191192626953 34.4456558227539 34.6069602966309 34.7809219360352 34.9666328430176 34.98291015625 35.0534591674805 35.1113586425781 35.0547103881836 35.0548133850098 34.9093322753906 34.6845359802246 34.565055847168 34.3623580932617 34.1983032226562 34.1496505737305 34.0916557312012 34.1127662658691 34.1718254089355 34.308048248291 34.4702606201172 34.5940322875977 34.814769744873 34.959888458252 35.0300064086914 35.0553512573242 35.0259780883789
34.9705276489258 34.8245811462402 34.6715354919434 34.5999641418457 34.4244232177734 34.2746276855469 34.2143821716309 33.9848098754883 33.8412055969238 33.7840309143066 33.6602554321289 33.6632461547852 33.6787719726562 33.7180938720703 33.8115425109863 33.8659477233887 33.8051376342773 33.7575607299805 33.7079734802246 33.5040855407715 33.4011688232422 33.2902183532715 33.165225982666 33.1444664001465 33.0990562438965 33.0774192810059 33.1714210510254 33.3483200073242 33.6277542114258 33.9980430603027 34.2315292358398 34.5667304992676 34.8699188232422 34.9463386535645 35.0538177490234 35.1596260070801 35.1556854248047 35.1831970214844 35.2130012512207 35.1062889099121 34.9494743347168 34.7551193237305 34.5938453674316 34.3764190673828 34.2287406921387 34.1452407836914 34.0857276916504 34.1197242736816 34.1737518310547 34.3132820129395 34.4932556152344 34.6151733398438 34.842098236084 34.9909744262695 35.0460243225098 35.0707244873047 35.0542449951172
35.031364440918 34.8683586120605 34.7454833984375 34.7064056396484 34.5236701965332 34.4418792724609 34.4045791625977 34.2304611206055 34.1605567932129 34.12548828125 34.0026473999023 34.0227394104004 34.0300407409668 33.976692199707 34.1262855529785 34.1492958068848 34.0447769165039 34.1218528747559 34.0899505615234 33.8717803955078 33.8221054077148 33.7697982788086 33.5281219482422 33.5168952941895 33.4943351745605 33.4442863464355 33.6951065063477 33.7784652709961 34.0153961181641 34.4483985900879 34.5711708068848 34.7909851074219 35.1434631347656 35.1908073425293 35.2157325744629 35.3714714050293 35.3798522949219 35.2773590087891 35.248176574707 35.1953201293945 34.9637565612793 34.7881736755371 34.7099609375 34.4896965026855 34.3105773925781 34.2691497802734 34.2158470153809 34.2211227416992 34.2471771240234 34.395191192627 34.5817718505859 34.6340217590332 34.8052597045898 34.9848785400391 35.0130844116211 35.0725021362305 35.1134033203125
35.0823173522949 35.0041007995605 34.865592956543 34.7802658081055 34.7714653015137 34.6860008239746 34.5952186584473 34.622428894043 34.5112686157227 34.425479888916 34.451976776123 34.3594665527344 34.3674774169922 34.5004005432129 34.5025444030762 34.5412559509277 34.6498527526855 34.5844535827637 34.5163879394531 34.4439086914062 34.2507591247559 34.1494483947754 34.0464630126953 33.898624420166 33.8518409729004 33.9175148010254 34.0006446838379 34.1542930603027 34.5061950683594 34.8311767578125 35.0883483886719 35.2546081542969 35.385814666748 35.501163482666 35.5160903930664 35.5535545349121 35.5825004577637 35.5212287902832 35.4156684875488 35.338623046875 35.130687713623 34.8725967407227 34.723445892334 34.5138511657715 34.3385047912598 34.2552032470703 34.2008171081543 34.2092437744141 34.262523651123 34.4287567138672 34.6002578735352 34.7256736755371 34.9341850280762 35.0510635375977 35.1372833251953 35.1470031738281 35.1040687561035
35.1635589599609 35.0445594787598 34.9384422302246 34.9123191833496 34.8331985473633 34.7902183532715 34.8229637145996 34.7306060791016 34.6950759887695 34.6973609924316 34.5912055969238 34.6208190917969 34.6266174316406 34.6358489990234 34.7700614929199 34.7907943725586 34.778392791748 34.8351898193359 34.7833709716797 34.5767211914062 34.503791809082 34.4100685119629 34.1814956665039 34.1653900146484 34.1632461547852 34.0677795410156 34.2768974304199 34.3943214416504 34.6420135498047 35.1262321472168 35.2129936218262 35.3288917541504 35.5585823059082 35.589168548584 35.5609397888184 35.6472129821777 35.6447067260742 35.5578727722168 35.4964561462402 35.3818893432617 35.1550102233887 34.9228248596191 34.7616653442383 34.5345458984375 34.3782386779785 34.3033256530762 34.2259864807129 34.2523345947266 34.3203163146973 34.4567184448242 34.6520690917969 34.7520141601562 34.955924987793 35.1011047363281 35.1382789611816 35.1586380004883 35.1234092712402
35.2555236816406 35.1476173400879 35.114330291748 35.0975494384766 34.9984550476074 35.0531959533691 35.0582885742188 34.9883918762207 35.0728492736816 35.0690574645996 34.9792060852051 35.0673179626465 35.070384979248 35.0100517272949 35.1351852416992 35.1516456604004 35.0483741760254 35.1236267089844 35.0980758666992 34.8803825378418 34.8459625244141 34.7968826293945 34.5881767272949 34.6099967956543 34.5992584228516 34.6282348632812 34.8001670837402 34.8688774108887 35.0392875671387 35.3025016784668 35.363395690918 35.436164855957 35.6242446899414 35.6425399780273 35.6594619750977 35.7005462646484 35.7002029418945 35.5915451049805 35.4862403869629 35.425853729248 35.1847114562988 34.9615440368652 34.8795433044434 34.6417427062988 34.4722595214844 34.4328880310059 34.3817596435547 34.410717010498 34.4417686462402 34.5865364074707 34.7651977539062 34.8084259033203 34.9360008239746 35.0869331359863 35.1051826477051 35.1142768859863 35.1436347961426
35.3716011047363 35.343879699707 35.2814178466797 35.2324142456055 35.259838104248 35.2989196777344 35.2892265319824 35.345588684082 35.4091033935547 35.3883361816406 35.364143371582 35.3933906555176 35.4045906066895 35.3997383117676 35.4580078125 35.4970474243164 35.4566078186035 35.4265823364258 35.3817520141602 35.2810821533203 35.1681137084961 35.0624160766602 34.9763679504395 34.9220390319824 34.893180847168 34.9654502868652 35.0892906188965 35.2457389831543 35.316780090332 35.3990440368652 35.5658340454102 35.6028099060059 35.6327705383301 35.6729927062988 35.7226943969727 35.7486915588379 35.7392730712891 35.7284736633301 35.6346321105957 35.5162391662598 35.3290634155273 35.0616760253906 34.896167755127 34.6883735656738 34.517261505127 34.4348831176758 34.412181854248 34.454776763916 34.5150337219238 34.6799697875977 34.8370323181152 34.9782409667969 35.1122169494629 35.1542930603027 35.1982307434082 35.181095123291 35.1360244750977
35.4781875610352 35.3925361633301 35.3658485412598 35.36474609375 35.3249626159668 35.4207077026367 35.4498023986816 35.4208450317383 35.5458831787109 35.5622596740723 35.4521675109863 35.5668487548828 35.5696029663086 35.4875869750977 35.6374702453613 35.6299324035645 35.5283393859863 35.5745468139648 35.5458106994629 35.3609924316406 35.3105964660645 35.2742156982422 35.0819396972656 35.1162910461426 35.1152801513672 35.078727722168 35.3122100830078 35.3280029296875 35.3834495544434 35.572624206543 35.5813827514648 35.6166381835938 35.6653251647949 35.6913986206055 35.7271156311035 35.7538681030273 35.7733345031738 35.7465324401855 35.6583709716797 35.567195892334 35.3542137145996 35.1150932312012 34.9475250244141 34.7169761657715 34.5724296569824 34.5100708007812 34.4473190307617 34.514778137207 34.5895462036133 34.7182922363281 34.9155769348145 35.0037231445312 35.1326332092285 35.2235832214355 35.2053375244141 35.1856346130371 35.1412200927734
35.5353965759277 35.5208282470703 35.546516418457 35.5421333312988 35.5424461364746 35.596622467041 35.6139488220215 35.6265106201172 35.7047920227051 35.7139282226562 35.7126312255859 35.7532501220703 35.7576103210449 35.7386131286621 35.7615547180176 35.7572250366211 35.692325592041 35.6972808837891 35.6735649108887 35.5641555786133 35.5360870361328 35.5077972412109 35.4446716308594 35.4344749450684 35.439868927002 35.4421272277832 35.5065002441406 35.5244369506836 35.5335426330566 35.6166305541992 35.620979309082 35.6434707641602 35.6940383911133 35.7012405395508 35.7269706726074 35.7658996582031 35.7733001708984 35.7041511535645 35.6378707885742 35.5858268737793 35.3714294433594 35.1643180847168 35.076530456543 34.8547706604004 34.7023849487305 34.6700592041016 34.639949798584 34.6829414367676 34.7223434448242 34.8400421142578 34.991455078125 35.0400848388672 35.1147346496582 35.2047309875488 35.1874046325684 35.1699447631836 35.158203125
35.6255645751953 35.6268768310547 35.646915435791 35.6382446289062 35.6314125061035 35.6835784912109 35.7275161743164 35.7395629882812 35.7839775085449 35.8014030456543 35.7959213256836 35.8167610168457 35.8237113952637 35.7991256713867 35.8084030151367 35.806022644043 35.7788581848145 35.7802810668945 35.7393684387207 35.7134857177734 35.7144546508789 35.6451988220215 35.6155014038086 35.6138763427734 35.6214408874512 35.5986824035645 35.5957984924316 35.6542778015137 35.6479568481445 35.6400299072266 35.6617164611816 35.6921348571777 35.7123794555664 35.7324066162109 35.7809600830078 35.8029479980469 35.8079986572266 35.820442199707 35.7625427246094 35.6671257019043 35.5174865722656 35.2953147888184 35.1393089294434 34.9559516906738 34.7675933837891 34.7012100219727 34.7234191894531 34.7658882141113 34.8303413391113 34.9516868591309 35.046875 35.1507225036621 35.2404975891113 35.264461517334 35.2820205688477 35.2527732849121 35.1609306335449
35.6806182861328 35.6474647521973 35.6794319152832 35.6867294311523 35.6605758666992 35.7439308166504 35.7558403015137 35.7569274902344 35.8254852294922 35.8363571166992 35.8090896606445 35.8407669067383 35.8383560180664 35.8056488037109 35.8285675048828 35.819263458252 35.7833290100098 35.7965850830078 35.8028373718262 35.7405700683594 35.758861541748 35.7687454223633 35.6694526672363 35.7056350708008 35.6922264099121 35.6412315368652 35.6981735229492 35.6842880249023 35.6682548522949 35.6821327209473 35.686279296875 35.7066688537598 35.7327423095703 35.7548637390137 35.7924308776855 35.8237609863281 35.8286933898926 35.8301773071289 35.7770118713379 35.7289962768555 35.5437355041504 35.3411750793457 35.2229080200195 34.9989967346191 34.8633499145508 34.8046646118164 34.7713470458984 34.8546752929688 34.8900337219238 34.9868507385254 35.1260604858398 35.1740837097168 35.2565727233887 35.3069953918457 35.3002166748047 35.2636489868164 35.2073020935059
35.6817817687988 35.703125 35.738956451416 35.7445182800293 35.762638092041 35.777458190918 35.7803802490234 35.8028030395508 35.8228988647461 35.8296432495117 35.8420791625977 35.8430442810059 35.8410682678223 35.8404006958008 35.8259086608887 35.8242454528809 35.8153533935547 35.8137168884277 35.8147888183594 35.8154945373535 35.8289451599121 35.8288116455078 35.821949005127 35.8141593933105 35.8083267211914 35.7777214050293 35.7694892883301 35.7606773376465 35.7227401733398 35.7285003662109 35.7307052612305 35.7419586181641 35.7735748291016 35.7868423461914 35.8064880371094 35.838306427002 35.8402061462402 35.7851600646973 35.7642211914062 35.7357406616211 35.5663986206055 35.42333984375 35.3543281555176 35.1739730834961 35.0491104125977 35.0167694091797 34.9731788635254 35.0012969970703 35.0239372253418 35.0835266113281 35.205394744873 35.2172966003418 35.2495613098145 35.3028259277344 35.3000869750977 35.2629318237305 35.2287178039551
35.7111968994141 35.7512130737305 35.7580032348633 35.7677574157715 35.7912292480469 35.7782173156738 35.794116973877 35.810619354248 35.8122444152832 35.8233261108398 35.834400177002 35.8352584838867 35.8317451477051 35.8380355834961 35.8265419006348 35.8184204101562 35.8298797607422 35.8209762573242 35.8202629089355 35.8612480163574 35.877384185791 35.8700141906738 35.887565612793 35.883731842041 35.8710250854492 35.8601188659668 35.8304977416992 35.8127288818359 35.7993927001953 35.7756881713867 35.7808456420898 35.8073196411133 35.8211212158203 35.8471603393555 35.8694801330566 35.8715782165527 35.8801765441895 35.8935012817383 35.8564109802246 35.7922058105469 35.7224884033203 35.5888633728027 35.4478340148926 35.3259086608887 35.1759414672852 35.1255149841309 35.1126022338867 35.1080017089844 35.1636962890625 35.2111930847168 35.2526969909668 35.3145866394043 35.3734550476074 35.3839225769043 35.3765258789062 35.3431053161621 35.2640266418457
35.7358856201172 35.7561225891113 35.7621154785156 35.7777671813965 35.7932434082031 35.8004608154297 35.7854919433594 35.8116302490234 35.8253059387207 35.8229598999023 35.8299865722656 35.823787689209 35.8320503234863 35.8289413452148 35.8120384216309 35.8214645385742 35.8272895812988 35.8240966796875 35.8394432067871 35.8687171936035 35.8963623046875 35.897403717041 35.8999404907227 35.9077835083008 35.9064445495605 35.8713188171387 35.8559036254883 35.8438949584961 35.8128776550293 35.8174667358398 35.8154640197754 35.8269157409668 35.8696594238281 35.8746109008789 35.8832015991211 35.8997993469238 35.8951072692871 35.896068572998 35.8689422607422 35.8501892089844 35.7450103759766 35.6202507019043 35.5666084289551 35.3821830749512 35.276927947998 35.2205047607422 35.1681976318359 35.2259178161621 35.2071418762207 35.2338943481445 35.3122863769531 35.3404312133789 35.3861351013184 35.4138641357422 35.4043121337891 35.3593673706055 35.3075218200684
