G_variables/Set1/RCP6_2050/Sur_tem_min.asc
NCOLS 229 
NROWS 147 
XLLCORNER -101.25 
YLLCORNER 14.3333333333333 
CELLSIZE 0.0833333333333333 
NODATA_value -9999 
[rows 0 to 25 of 147, columns 114 to 170 of 229]
-9999 -9999 -9999 -9999 -9999 -9999 -9999 -9999 -9999 -9999 -9999 -9999 -9999 -9999 -9999 -9999 -9999 -9999 -9999 -9999 -9999 -9999 -9999 -9999 -9999 -9999 -9999 -9999 -9999 -9999 -9999 -9999 -9999 -9999 -9999 -9999 -9999 -9999 -9999 -9999 -9999 -9999 -9999 -9999 -9999 -9999 -9999 -9999 -9999 -9999 -9999 -9999 -9999 -9999 -9999 -9999 -9999
-9999 -9999 -9999 -9999 -9999 -9999 -9999 -9999 -9999 -9999 -9999 -9999 -9999 -9999 -9999 -9999 -9999 -9999 -9999 -9999 -9999 -9999 -9999 -9999 -9999 -9999 -9999 -9999 -9999 -9999 -9999 -9999 -9999 -9999 -9999 -9999 -9999 -9999 -9999 -9999 -9999 -9999 -9999 -9999 -9999 -9999 -9999 -9999 -9999 -9999 -9999 -9999 -9999 -9999 -9999 -9999 -9999
-9999 -9999 -9999 -9999 -9999 -9999 -9999 -9999 -9999 -9999 -9999 -9999 -9999 -9999 -9999 -9999 -9999 -9999 -9999 -9999 -9999 -9999 -9999 -9999 -9999 -9999 -9999 -9999 -9999 -9999 -9999 -9999 -9999 -9999 -9999 -9999 -9999 -9999 -9999 -9999 -9999 -9999 -9999 -9999 -9999 -9999 -9999 -9999 -9999 -9999 -9999 -9999 -9999 -9999 -9999 -9999 22.7374858856201
-9999 -9999 -9999 -9999 -9999 -9999 -9999 -9999 -9999 -9999 -9999 -9999 -9999 -9999 -9999 -9999 -9999 -9999 -9999 -9999 -9999 -9999 -9999 -9999 -9999 -9999 -9999 -9999 -9999 -9999 -9999 -9999 -9999 -9999 -9999 -9999 -9999 -9999 -9999 -9999 -9999 -9999 -9999 -9999 -9999 -9999 -9999 -9999 -9999 -9999 -9999 -9999 -9999 -9999 22.8537139892578 22.8482704162598 22.8350696563721
-9999 -9999 -9999 -9999 -9999 -9999 -9999 -9999 -9999 -9999 -9999 -9999 -9999 -9999 -9999 -9999 -9999 -9999 -9999 -9999 -9999 -9999 -9999 -9999 -9999 -9999 -9999 -9999 -9999 -9999 -9999 -9999 -9999 -9999 -9999 -9999 -9999 -9999 -9999 -9999 -9999 -9999 -9999 -9999 -9999 -9999 -9999 -9999 -9999 -9999 -9999 -9999 -9999 23.0918464660645 23.0768489837646 23.0850353240967 23.0624313354492
-9999 -9999 -9999 -9999 -9999 -9999 -9999 -9999 -9999 -9999 -9999 -9999 -9999 -9999 -9999 -9999 -9999 -9999 -9999 -9999 -9999 -9999 -9999 -9999 -9999 -9999 -9999 -9999 -9999 -9999 -9999 -9999 -9999 -9999 -9999 -9999 -9999 -9999 -9999 -9999 -9999 -9999 -9999 -9999 -9999 -9999 -9999 -9999 -9999 -9999 -9999 23.1594142913818 23.0767860412598 23.1488246917725 23.1738300323486 23.1823921203613 23.1478691101074
-9999 -9999 -9999 -9999 -9999 -9999 -9999 -9999 -9999 -9999 -9999 -9999 -9999 -9999 -9999 -9999 -9999 -9999 -9999 -9999 -9999 -9999 -9999 -9999 -9999 -9999 -9999 -9999 -9999 -9999 -9999 -9999 -9999 -9999 -9999 -9999 -9999 -9999 -9999 -9999 -9999 -9999 -9999 -9999 -9999 -9999 -9999 -9999 -9999 -9999 23.2839298248291 23.2677707672119 23.2667999267578 23.2725372314453 23.2615737915039 23.2656288146973 23.2927055358887
-9999 -9999 -9999 -9999 -9999 -9999 -9999 -9999 -9999 -9999 -9999 -9999 -9999 -9999 -9999 -9999 -9999 -9999 -9999 -9999 -9999 -9999 -9999 -9999 -9999 -9999 -9999 -9999 -9999 -9999 -9999 -9999 -9999 -9999 -9999 -9999 -9999 -9999 -9999 -9999 -9999 -9999 -9999 -9999 -9999 -9999 -9999 -9999 23.5863800048828 23.5702037811279 23.5675144195557 23.5519065856934 23.5512638092041 23.5665664672852 23.5456562042236 23.5644779205322 23.5405597686768
-9999 -9999 -9999 -9999 -9999 -9999 -9999 -9999 -9999 -9999 -9999 -9999 -9999 -9999 -9999 -9999 -9999 -9999 -9999 -9999 -9999 -9999 -9999 -9999 -9999 -9999 -9999 -9999 -9999 -9999 -9999 -9999 -9999 -9999 -9999 -9999 -9999 -9999 -9999 -9999 -9999 -9999 -9999 -9999 -9999 -9999 -9999 23.6837978363037 23.6677017211914 23.6591167449951 23.6573467254639 23.6571216583252 23.5987243652344 23.6453304290771 23.6607933044434 23.7403259277344 23.5963516235352
-9999 -9999 -9999 -9999 -9999 -9999 -9999 -9999 -9999 -9999 -9999 -9999 -9999 -9999 -9999 -9999 -9999 -9999 -9999 -9999 -9999 -9999 -9999 -9999 -9999 -9999 -9999 -9999 -9999 -9999 -9999 -9999 -9999 -9999 -9999 -9999 -9999 -9999 -9999 -9999 -9999 -9999 -9999 23.3318004608154 23.4496841430664 23.680362701416 23.718053817749 23.7223930358887 23.7753200531006 23.752721786499 23.7459621429443 23.7559661865234 23.7498893737793 23.7626075744629 23.748571395874 23.7433910369873 23.7132968902588
21.3808498382568 21.3374996185303 21.3092079162598 21.2001075744629 21.173713684082 21.1273460388184 -9999 -9999 -9999 -9999 -9999 -9999 -9999 -9999 -9999 -9999 -9999 -9999 -9999 -9999 -9999 -9999 -9999 -9999 -9999 -9999 -9999 -9999 -9999 -9999 -9999 -9999 -9999 -9999 -9999 -9999 -9999 -9999 -9999 22.6696338653564 22.8589363098145 22.9498443603516 23.3453521728516 23.5189247131348 23.5844345092773 23.8340702056885 23.8813362121582 23.9383983612061 23.9915943145752 24.0435638427734 24.044412612915 24.0686645507812 24.0818538665771 24.0857906341553 24.0620288848877 24.0493125915527 24.0058975219727
21.4288959503174 21.3884582519531 21.3053970336914 21.2593269348145 21.1867866516113 21.1260051727295 21.0826587677002 21.0288352966309 20.9985942840576 20.9701480865479 20.9364490509033 20.913143157959 20.9017009735107 20.8831958770752 -9999 -9999 -9999 -9999 -9999 -9999 -9999 -9999 -9999 -9999 -9999 -9999 -9999 -9999 -9999 -9999 -9999 -9999 -9999 -9999 -9999 -9999 21.9320068359375 22.1328048706055 22.3924255371094 22.5627479553223 22.8407707214355 23.0919704437256 23.2654762268066 23.6023406982422 23.704158782959 23.8237476348877 24.1068916320801 24.046968460083 24.0564117431641 24.1038646697998 24.1350860595703 24.1623096466064 24.2089080810547 24.1752796173096 24.1611099243164 24.1909618377686 24.0753078460693
21.4217338562012 21.3764457702637 21.3365039825439 21.235294342041 21.1925182342529 21.1626052856445 21.0670967102051 21.04075050354 21.0231170654297 20.9722461700439 20.9616165161133 20.9459743499756 20.9079780578613 20.9036521911621 20.8839530944824 20.8602046966553 20.8578777313232 -9999 20.8351631164551 20.8315467834473 20.8287601470947 20.8117637634277 20.8135395050049 20.8295593261719 20.865083694458 20.8745021820068 20.8890190124512 20.966272354126 20.9904689788818 21.0371246337891 21.1697750091553 21.1987571716309 21.275541305542 21.506462097168 21.6213893890381 21.6859931945801 22.0279197692871 22.100736618042 22.2705612182617 22.7131633758545 22.8068161010742 22.9864444732666 23.4149951934814 23.5740871429443 23.6438465118408 23.9428234100342 24.0145835876465 24.0374984741211 24.1837787628174 24.1881637573242 24.2020893096924 24.2608680725098 24.2800178527832 24.268970489502 24.2505989074707 24.2405872344971 24.2035007476807
21.4942111968994 21.4598712921143 21.4133396148682 21.309253692627 21.2835502624512 21.2489376068115 21.1498870849609 21.1370792388916 21.1041851043701 21.0440082550049 21.0397987365723 21.0199031829834 20.9785499572754 20.9533386230469 20.9384727478027 20.9056072235107 20.896936416626 20.8989734649658 20.8773250579834 20.870813369751 20.8492660522461 20.8436813354492 20.8447189331055 20.8560237884521 20.8966655731201 20.9118785858154 20.9281921386719 21.003999710083 21.0405025482178 21.0655002593994 21.2016506195068 21.2589988708496 21.2988948822021 21.5328121185303 21.6343460083008 21.6996726989746 22.0290107727051 22.1891899108887 22.2736434936523 22.7065238952637 22.9000072479248 23.0021877288818 23.4353141784668 23.5274143218994 23.6952247619629 24.0024909973145 24.1395111083984 24.1835136413574 24.358907699585 24.3951435089111 24.4680309295654 24.5253658294678 24.5374126434326 24.5327796936035 24.5036430358887 24.5012722015381 24.4654140472412
21.5564193725586 21.4956893920898 21.4611701965332 21.4358768463135 21.2957897186279 21.2287731170654 21.1853580474854 21.1389579772949 21.0996932983398 21.0738677978516 21.0292301177979 21.0023498535156 20.9893836975098 20.9648990631104 20.9471054077148 20.9231624603271 20.8936405181885 20.8866004943848 20.8696098327637 20.8495445251465 20.8539371490479 20.8440723419189 20.8124961853027 20.8605060577393 20.8800582885742 20.8913860321045 20.9628391265869 20.9915466308594 21.0122966766357 21.1057205200195 21.1597099304199 21.2214469909668 21.382116317749 21.4673271179199 21.5777282714844 21.8016567230225 21.9299297332764 22.1163673400879 22.4008808135986 22.5696315765381 22.8344860076904 23.1236553192139 23.3070049285889 23.6573734283447 23.8103656768799 23.9381999969482 24.2015647888184 24.2908802032471 24.3711795806885 24.503833770752 24.5516967773438 24.5846748352051 24.7587814331055 24.6167259216309 24.5844192504883 24.5911960601807 24.5147533416748
21.5551509857178 21.5323143005371 21.4820404052734 21.4250011444092 21.3782234191895 21.3345756530762 21.2703647613525 21.251148223877 21.2012176513672 21.1309623718262 21.1109638214111 21.0338821411133 20.9888954162598 20.980260848999 20.9750556945801 20.9289207458496 20.9192752838135 20.9096660614014 20.8820953369141 20.8687629699707 20.8636169433594 20.8557090759277 20.86256980896 20.8738460540771 20.9049892425537 20.913028717041 20.9425258636475 21.0178718566895 21.0358085632324 21.0769538879395 21.2137241363525 21.2388286590576 21.3115215301514 21.5241661071777 21.6363830566406 21.7039890289307 22.024974822998 22.09694480896 22.2653369903564 22.69921875 22.888744354248 22.9855041503906 23.4442291259766 23.6068286895752 23.6822032928467 24.0665321350098 24.1388282775879 24.2249431610107 24.482795715332 24.5225734710693 24.5573806762695 24.6605091094971 24.6801891326904 24.6681861877441 24.6627464294434 24.6308078765869 24.6093769073486
21.5855903625488 21.5578460693359 21.5131072998047 21.4503612518311 21.3977184295654 21.3625526428223 21.2922859191895 21.2492504119873 21.2035961151123 21.1540546417236 21.1274394989014 21.1231307983398 21.0983486175537 21.0776519775391 21.070556640625 21.0367584228516 21.0109310150146 21.0023498535156 20.9483318328857 20.9251613616943 20.9128189086914 20.9124851226807 20.9233417510986 20.9378280639648 20.9741554260254 20.9877223968506 21.0053768157959 21.0797996520996 21.0966510772705 21.1290817260742 21.2618942260742 21.3049278259277 21.3342952728271 21.5388774871826 21.6315116882324 21.6991939544678 22.0162830352783 22.0854759216309 22.2431449890137 22.675895690918 22.7600421905518 22.9581718444824 23.4173564910889 23.604341506958 23.6801071166992 24.0627880096436 24.1451778411865 24.3033561706543 24.5856857299805 24.6528968811035 24.7429981231689 24.840784072876 24.8712997436523 24.8647403717041 24.8562793731689 24.8449573516846 24.8283920288086
21.606761932373 21.5708484649658 21.5055828094482 21.4582118988037 21.3867492675781 21.3644180297852 21.2973861694336 21.1974601745605 21.1533241271973 21.1333522796631 21.1013317108154 21.1168575286865 21.1110420227051 21.0605564117432 21.0744781494141 21.0480499267578 20.9954395294189 21.0174369812012 20.9993457794189 20.9316654205322 20.9488506317139 20.9494247436523 20.9068012237549 21.0152702331543 21.0445823669434 20.9813137054443 21.0510215759277 21.0779113769531 21.1050548553467 21.2014122009277 21.2377490997314 21.2758769989014 21.3959846496582 21.4639587402344 21.5619144439697 21.7995166778564 21.9176769256592 22.0613441467285 22.3717441558838 22.5366115570068 22.7723331451416 23.0962715148926 23.2789459228516 23.6050338745117 23.7859859466553 23.9353713989258 24.2133007049561 24.4067764282227 24.5452079772949 24.8526725769043 24.8337993621826 24.8563976287842 24.9884204864502 24.9385471343994 24.9162502288818 24.8820705413818 24.8504810333252
21.5913925170898 21.5646781921387 21.5203151702881 21.4557876586914 21.4156875610352 21.3822860717773 21.3066272735596 21.2468967437744 21.182487487793 21.1449584960938 21.1418361663818 21.1412963867188 21.1237564086914 21.10085105896 21.0828418731689 21.0657596588135 21.0578956604004 21.0434722900391 21.0200462341309 20.993558883667 20.9781703948975 20.9756927490234 20.9913444519043 21.033519744873 21.0741233825684 21.1069030761719 21.1437129974365 21.193733215332 21.2199649810791 21.268985748291 21.3781566619873 21.409273147583 21.3606796264648 21.5378437042236 21.5973587036133 21.7194690704346 22.0163269042969 22.1589431762695 22.2390518188477 22.6518821716309 22.7399787902832 22.9481773376465 23.4035835266113 23.4810123443604 23.6338157653809 24.0735168457031 24.1791095733643 24.3225936889648 24.6499366760254 24.7308216094971 24.8037147521973 24.9566173553467 24.9797954559326 24.9732284545898 24.9822750091553 24.9627742767334 24.9248905181885
21.6123752593994 21.5981254577637 21.5696105957031 21.4945793151855 21.4630737304688 21.4387855529785 21.3555316925049 21.3255672454834 21.2870693206787 21.2223606109619 21.2233638763428 21.2231712341309 21.169506072998 21.1646690368652 21.1593856811523 21.1338653564453 21.1287269592285 21.1182556152344 21.0875835418701 21.0743312835693 21.0671100616455 21.0655384063721 21.0809478759766 21.102933883667 21.1327724456787 21.1698017120361 21.1958637237549 21.2448348999023 21.2820529937744 21.3251495361328 21.3908157348633 21.4258670806885 21.4887504577637 21.6034679412842 21.6956691741943 21.8044948577881 21.9846096038818 22.1111526489258 22.2087688446045 22.6279582977295 22.8081932067871 22.9030818939209 23.3719615936279 23.4514636993408 23.6237449645996 24.0797519683838 24.1816673278809 24.3574447631836 24.6990566253662 24.8481483459473 24.8890743255615 25.0562133789062 25.113862991333 25.1142730712891 25.1254558563232 25.1194362640381 25.1104946136475
21.641580581665 21.6114521026611 21.550594329834 21.5365142822266 21.4898662567139 21.4367065429688 21.4084720611572 21.3476371765137 21.3112316131592 21.2858028411865 21.2422904968262 21.2422943115234 21.2181129455566 21.1864318847656 21.1816368103027 21.1788234710693 21.1546001434326 21.1434783935547 21.1294364929199 21.1040897369385 21.113748550415 21.1044883728027 21.0920810699463 21.1377601623535 21.1696510314941 21.1813049316406 21.2318744659424 21.2611560821533 21.2697467803955 21.356746673584 21.3937034606934 21.396276473999 21.5300159454346 21.5823440551758 21.6246662139893 21.8483123779297 21.9428672790527 22.0388679504395 22.3403034210205 22.5082149505615 22.7180004119873 22.9704456329346 23.199333190918 23.5859642028809 23.6775360107422 23.9650230407715 24.2470207214355 24.4654388427734 24.6306304931641 24.9472312927246 24.9618911743164 25.0306148529053 25.2144184112549 25.1645011901855 25.1653671264648 25.1952323913574 25.1606979370117
21.6269035339355 21.5967597961426 21.5815753936768 21.5268154144287 21.5199222564697 21.4813690185547 21.412223815918 21.3765869140625 21.3709201812744 21.3065357208252 21.2699947357178 21.2675895690918 21.2421627044678 21.2334785461426 21.2265186309814 21.2055854797363 21.1952590942383 21.1766605377197 21.1555709838867 21.1475276947021 21.1581554412842 21.1550903320312 21.1510105133057 21.1749229431152 21.2134742736816 21.2408351898193 21.274393081665 21.3076667785645 21.3511161804199 21.3728656768799 21.4253406524658 21.4651374816895 21.5357685089111 21.6234645843506 21.6998500823975 21.810338973999 21.985725402832 22.0626811981201 22.2958431243896 22.55837059021 22.6829090118408 22.9081497192383 23.245059967041 23.4569225311279 23.6245803833008 23.888916015625 24.0922546386719 24.2791481018066 24.5765705108643 24.7379550933838 24.8156032562256 25.0795078277588 25.1350536346436 25.147741317749 25.2251205444336 25.2156162261963 25.1997299194336
21.6643524169922 21.6441078186035 21.6265926361084 21.5780048370361 21.56569480896 21.5622386932373 21.493595123291 21.4719715118408 21.4495868682861 21.3905639648438 21.3783130645752 21.3672733306885 21.330623626709 21.324068069458 21.3153419494629 21.2926826477051 21.287015914917 21.2782135009766 21.2613792419434 21.2595462799072 21.2662658691406 21.2708415985107 21.276611328125 21.2888603210449 21.3104724884033 21.3258094787598 21.340145111084 21.4017181396484 21.4158172607422 21.4345474243164 21.5055828094482 21.5267658233643 21.5394020080566 21.6751613616943 21.7067546844482 21.7765655517578 22.0239448547363 22.1067962646484 22.1998100280762 22.587926864624 22.713846206665 22.8562679290771 23.2381935119629 23.40309715271 23.6086902618408 23.8999710083008 24.1090183258057 24.2721462249756 24.5634212493896 24.7529468536377 24.8782863616943 25.0395832061768 25.1660842895508 25.2350635528564 25.2924003601074 25.340311050415 25.3504428863525
21.6891212463379 21.6586151123047 21.6264019012451 21.5976181030273 21.5988597869873 21.5581035614014 21.5397300720215 21.4990653991699 21.4644813537598 21.4412078857422 21.4153652191162 21.3889999389648 21.376932144165 21.3594360351562 21.3352222442627 21.338062286377 21.3290424346924 21.3150901794434 21.3082599639893 21.2924327850342 21.3125228881836 21.3155384063721 21.3176975250244 21.3282318115234 21.3453598022461 21.3725433349609 21.3962879180908 21.4043235778809 21.4354305267334 21.4759941101074 21.4957466125488 21.5105876922607 21.6089630126953 21.6442604064941 21.6981525421143 21.8697052001953 21.9494228363037 22.0449447631836 22.3266906738281 22.4571895599365 22.6636829376221 22.9802780151367 23.1750106811523 23.513111114502 23.6812782287598 23.91259765625 24.2042045593262 24.3247547149658 24.5222625732422 24.791051864624 24.904748916626 25.0293025970459 25.289270401001 25.2598819732666 25.2986392974854 25.4269924163818 25.3718643188477
21.6745452880859 21.6498432159424 21.6337890625 21.5983295440674 21.5735454559326 21.5672817230225 21.5205554962158 21.501558303833 21.4826259613037 21.4288520812988 21.4107761383057 21.4017124176025 21.366153717041 21.3727531433105 21.3673419952393 21.3471298217773 21.342586517334 21.3479442596436 21.3405075073242 21.3408241271973 21.3452892303467 21.3481044769287 21.3408222198486 21.3514995574951 21.3807926177979 21.383228302002 21.3999061584473 21.4402198791504 21.4487247467041 21.4721279144287 21.529468536377 21.5436382293701 21.5877933502197 21.7081623077393 21.7591037750244 21.8266735076904 22.0329246520996 22.1493167877197 22.2080059051514 22.5594921112061 22.7385768890381 22.8255310058594 23.2656879425049 23.4158401489258 23.5716419219971 23.9379825592041 24.111988067627 24.28440284729 24.5286045074463 24.7417297363281 24.8409767150879 25.0409107208252 25.1672992706299 25.2295436859131 25.3196105957031 25.3794822692871 25.3751010894775
21.6983013153076 21.6914653778076 21.6796855926514 21.6475009918213 21.6296939849854 21.6191310882568 21.5845165252686 21.5801677703857 21.5551204681396 21.5163497924805 21.5069274902344 21.4955101013184 21.4591941833496 21.4487209320068 21.440486907959 21.4204368591309 21.4166870117188 21.4165439605713 21.4219093322754 21.432222366333 21.4226818084717 21.4194850921631 21.440803527832 21.4460258483887 21.4658603668213 21.479076385498 21.4890899658203 21.5283737182617 21.5367736816406 21.5715637207031 21.6277236938477 21.6489658355713 21.6732406616211 21.7856273651123 21.8402900695801 21.8755435943604 22.0728549957275 22.1242733001709 22.1958751678467 22.5342903137207 22.6039180755615 22.7505187988281 23.176441192627 23.3608436584473 23.4565963745117 23.8953990936279 24.0316333770752 24.1501445770264 24.5328807830811 24.6384754180908 24.7377891540527 25.0389499664307 25.1575794219971 25.200963973999 25.3610668182373 25.4088821411133 25.4282207489014
