G_variables/Set1/RCP6_2050/Sur_tem_max.asc
NCOLS 229 
NROWS 147 
XLLCORNER -101.25 
YLLCORNER 14.3333333333333 
CELLSIZE 0.0833333333333333 
NODATA_value -9999 
[rows 78 to 103 of 147, columns 57 to 113 of 229]
30.2927837371826 30.3033847808838 30.3391017913818 30.4124927520752 30.4448223114014 30.4591312408447 30.5190525054932 30.5253639221191 30.538595199585 30.5636672973633 30.5617904663086 30.5719184875488 30.5841884613037 30.5872325897217 30.5947437286377 30.6063766479492 30.6057586669922 30.6064701080322 30.629337310791 30.6283626556396 30.6318817138672 30.6443195343018 30.6490116119385 30.6562690734863 30.687068939209 30.7006568908691 30.7016944885254 30.7033500671387 30.7021560668945 30.7002983093262 30.7068157196045 30.7032279968262 30.7049160003662 30.7005081176758 30.6903057098389 30.6891059875488 30.6807498931885 30.6753234863281 30.6704902648926 30.6631717681885 30.656852722168 30.6618404388428 30.6608734130859 30.6603298187256 30.6575126647949 30.6530952453613 30.6477680206299 30.6410636901855 30.643159866333 30.6297798156738 30.6214008331299 30.6137218475342 30.6030693054199 30.5999050140381 30.5710258483887 30.5646305084229 30.5394134521484
30.2783966064453 30.275691986084 30.2910709381104 30.3632926940918 30.3988857269287 30.4131202697754 30.4755973815918 30.4836139678955 30.4939136505127 30.5293960571289 30.531436920166 30.5467300415039 30.5561389923096 30.5539588928223 30.5573444366455 30.5721549987793 30.5771636962891 30.5889587402344 30.5991363525391 30.5989627838135 30.5988140106201 30.6060066223145 30.6030349731445 30.6061496734619 30.6449337005615 30.6460971832275 30.6465759277344 30.6492595672607 30.6508235931396 30.6531314849854 30.6594982147217 30.6621189117432 30.6698894500732 30.6673183441162 30.6661720275879 30.6707916259766 30.6535053253174 30.6561012268066 30.6556930541992 30.6466484069824 30.6498374938965 30.6467380523682 30.6420764923096 30.6437892913818 30.633903503418 30.6247711181641 30.6169376373291 30.6098098754883 30.6084461212158 30.6061935424805 30.6029033660889 30.5952796936035 30.5961837768555 30.5872039794922 30.5539302825928 30.5530471801758 30.5229740142822
30.2648601531982 30.250904083252 30.3077411651611 30.3388385772705 30.3954830169678 30.4300327301025 30.452356338501 30.5016441345215 30.5060729980469 30.5144004821777 30.5398807525635 30.5486183166504 30.54567527771 30.5637397766113 30.5567817687988 30.5583114624023 30.5744953155518 30.5830001831055 30.5905418395996 30.6048793792725 30.5918655395508 30.586030960083 30.5753860473633 30.6065082550049 30.6248207092285 30.6157932281494 30.627534866333 30.6268100738525 30.6131591796875 30.632360458374 30.6428565979004 30.6409168243408 30.6522521972656 30.658597946167 30.6652374267578 30.645902633667 30.6515254974365 30.6525020599365 30.6443347930908 30.6423149108887 30.6358203887939 30.6391620635986 30.6383285522461 30.6501293182373 30.6251373291016 30.6190338134766 30.6262798309326 30.5904026031494 30.5984573364258 30.5931987762451 30.5898990631104 30.5906543731689 30.6090984344482 30.566837310791 30.5575923919678 30.5772037506104 30.4878730773926
30.2403392791748 30.2728137969971 30.308988571167 30.3495578765869 30.3857536315918 30.4037075042725 30.4678592681885 30.4742488861084 30.485897064209 30.5261497497559 30.5337352752686 30.539571762085 30.5573768615723 30.5463085174561 30.5567493438721 30.5694007873535 30.5718898773193 30.5782318115234 30.5817260742188 30.5841674804688 30.5814990997314 30.5779209136963 30.5956001281738 30.5955562591553 30.6116771697998 30.6110916137695 30.609037399292 30.6131324768066 30.6112995147705 30.6062507629395 30.6179485321045 30.6293296813965 30.6341419219971 30.6468143463135 30.6417293548584 30.6340866088867 30.6384620666504 30.6426601409912 30.6372928619385 30.6305313110352 30.6317195892334 30.6308116912842 30.6179256439209 30.6181735992432 30.6175861358643 30.6005077362061 30.5850524902344 30.5771942138672 30.5766124725342 30.5716400146484 30.57346534729 30.5642356872559 30.5594501495361 30.5515556335449 30.5197467803955 30.5032405853271 30.4876842498779
-9999 30.2375679016113 30.2581691741943 30.3058052062988 30.3266925811768 30.3675594329834 30.4290924072266 30.4588069915771 30.4630908966064 30.4983539581299 30.5045642852783 30.5113067626953 30.5274276733398 30.5230350494385 30.524320602417 30.5380916595459 30.5448036193848 30.5460109710693 30.5576553344727 30.5568065643311 30.557430267334 30.5646839141846 30.5692310333252 30.5681343078613 30.581075668335 30.577522277832 30.5744171142578 30.5786685943604 30.576000213623 30.5771827697754 30.5894184112549 30.5944938659668 30.5961971282959 30.6086463928223 30.614803314209 30.6139793395996 30.6210517883301 30.6274585723877 30.6247997283936 30.6189002990723 30.6155662536621 30.6171550750732 30.6003475189209 30.5877723693848 30.5839748382568 30.5633850097656 30.539571762085 30.5333805084229 30.5339431762695 30.52317237854 30.5163269042969 30.5113620758057 30.4994220733643 30.4912509918213 30.4539737701416 30.4383144378662 30.4258098602295
-9999 30.1985645294189 30.252893447876 30.3007049560547 30.3247623443604 30.3946762084961 30.4237308502197 30.4746761322021 30.4716911315918 30.4827194213867 30.5076007843018 30.5181045532227 30.5199737548828 30.5225162506104 30.5174102783203 30.5212917327881 30.5228481292725 30.5501289367676 30.5569763183594 30.5699806213379 30.5623970031738 30.5551624298096 30.5524444580078 30.5600566864014 30.5745010375977 30.5547161102295 30.5666770935059 30.5642852783203 30.5439872741699 30.5611209869385 30.5667495727539 30.5785465240479 30.5840682983398 30.5897750854492 30.6051349639893 30.5953903198242 30.6089572906494 30.6413822174072 30.6112461090088 30.6104583740234 30.6192665100098 30.609037399292 30.602424621582 30.5898303985596 30.5678825378418 30.5528125762939 30.5159530639648 30.5114402770996 30.5191593170166 30.5175838470459 30.490894317627 30.4852981567383 30.5031394958496 30.4443340301514 30.4305820465088 30.4468231201172 30.3755664825439
-9999 30.2115116119385 30.2576560974121 30.287769317627 30.3326015472412 30.3781070709229 30.4557685852051 30.4409980773926 30.4519596099854 30.4912948608398 30.4966354370117 30.5008583068848 30.5165023803711 30.5143985748291 30.5028743743896 30.5182685852051 30.5268077850342 30.5477104187012 30.5616416931152 30.5537376403809 30.5437049865723 30.551326751709 30.5506153106689 30.5526828765869 30.5592651367188 30.5571002960205 30.5626010894775 30.5645503997803 30.5589752197266 30.5485553741455 30.5532474517822 30.5646114349365 30.5714416503906 30.5773963928223 30.5750179290771 30.5700054168701 30.5761585235596 30.586555480957 30.5956268310547 30.5903091430664 30.6021709442139 30.6147937774658 30.5871639251709 30.5701503753662 30.5565719604492 30.522518157959 30.5090713500977 30.4981708526611 30.4837989807129 30.4771919250488 30.4695091247559 30.446325302124 30.4335327148438 30.4092025756836 30.3665409088135 30.3805351257324 30.3628101348877
-9999 -9999 30.2250385284424 30.2588386535645 30.2677707672119 30.3047294616699 30.379467010498 30.4004993438721 30.3991756439209 30.448823928833 30.4660243988037 30.4640579223633 30.4796199798584 30.4817428588867 30.4808883666992 30.4842414855957 30.4901695251465 30.5019226074219 30.5214958190918 30.5182552337646 30.5109710693359 30.5216655731201 30.527006149292 30.5315532684326 30.5374412536621 30.5435676574707 30.546106338501 30.5493774414062 30.5460224151611 30.53662109375 30.5369930267334 30.5404949188232 30.5355834960938 30.5359916687012 30.5277500152588 30.5142250061035 30.5173091888428 30.5372848510742 30.5499401092529 30.5471897125244 30.5496921539307 30.5568218231201 30.5275211334229 30.5175533294678 30.4934844970703 30.4584999084473 30.4359760284424 30.4263935089111 30.3992691040039 30.4014110565186 30.3890819549561 30.3608074188232 30.3485431671143 30.3332290649414 30.2967128753662 30.2930393218994 30.288537979126
-9999 -9999 30.200231552124 30.2278690338135 30.2166118621826 30.2869777679443 30.3243198394775 30.3947677612305 30.3948993682861 30.417350769043 30.4717693328857 30.4604339599609 30.4615936279297 30.4727096557617 30.4751720428467 30.4679222106934 30.468729019165 30.4932823181152 30.4997940063477 30.5159683227539 30.5084857940674 30.513822555542 30.5403156280518 30.5298042297363 30.5319576263428 30.562479019165 30.5443115234375 30.5455493927002 30.5797538757324 30.5411148071289 30.5352325439453 30.5511436462402 30.5283489227295 30.5209636688232 30.5170440673828 30.5018615722656 30.5079498291016 30.5466842651367 30.5250930786133 30.5325469970703 30.5563411712646 30.517541885376 30.5072269439697 30.5012722015381 30.4588584899902 30.4418869018555 30.426736831665 30.3930282592773 30.3792400360107 30.3786735534668 30.3546810150146 30.3404750823975 30.319845199585 30.2983856201172 30.289192199707 30.2671527862549 30.2485599517822
-9999 -9999 30.203145980835 30.2210941314697 30.2334651947021 30.2691707611084 30.3119602203369 30.3276596069336 30.3575077056885 30.4145641326904 30.4234447479248 30.4284973144531 30.4561309814453 30.4539375305176 30.4544925689697 30.4682292938232 30.4665946960449 30.4717788696289 30.4843425750732 30.4880561828613 30.4887466430664 30.5034027099609 30.5102653503418 30.5062522888184 30.5149116516113 30.520450592041 30.5194873809814 30.5279808044434 30.5325908660889 30.5266342163086 30.5171279907227 30.5168933868408 30.5107536315918 30.4988269805908 30.4967880249023 30.4923000335693 30.4899024963379 30.4960632324219 30.5011711120605 30.494665145874 30.5007820129395 30.4931545257568 30.4585285186768 30.4536151885986 30.4373168945312 30.390079498291 30.3780860900879 30.3686809539795 30.3357028961182 30.3295783996582 30.3316688537598 30.3070945739746 30.2997665405273 30.2882614135742 30.256986618042 30.2554817199707 30.2387561798096
-9999 -9999 -9999 -9999 30.1923408508301 30.199291229248 30.2516708374023 30.2292327880859 30.2466297149658 30.307918548584 30.3222484588623 30.3386192321777 30.374267578125 30.3774471282959 30.3935146331787 30.407356262207 30.4181098937988 30.4163284301758 30.4265422821045 30.4276580810547 30.4364604949951 30.4533309936523 30.4544582366943 30.4662799835205 30.4797401428223 30.4829330444336 30.4838104248047 30.4914951324463 30.4857482910156 30.4822216033936 30.4713535308838 30.4609909057617 30.457633972168 30.4466724395752 30.4348316192627 30.4325180053711 30.4275779724121 30.4118347167969 30.4203186035156 30.4108371734619 30.4151878356934 30.3979988098145 30.3621864318848 30.3382778167725 30.3269367218018 30.2780361175537 30.264720916748 30.2564086914062 30.2226123809814 30.2185764312744 30.2316246032715 30.2204551696777 30.2228050231934 30.2213497161865 30.1952342987061 30.1996994018555 30.1963977813721
-9999 -9999 -9999 -9999 30.1283378601074 30.1872043609619 30.1957359313965 30.2147159576416 30.2340869903564 30.2599983215332 30.3450126647949 30.3210182189941 30.3387870788574 30.4181976318359 30.3788642883301 30.3779602050781 30.4141502380371 30.4002323150635 30.4008522033691 30.415864944458 30.4217262268066 30.4276371002197 30.4356479644775 30.4518661499023 30.458517074585 30.4571380615234 30.4653854370117 30.4712829589844 30.4710540771484 30.4618091583252 30.453104019165 30.427640914917 30.4348678588867 30.4291114807129 30.4118156433105 30.4100570678711 30.4111461639404 30.4143085479736 30.3941287994385 30.3884048461914 30.3922176361084 30.3508625030518 30.3379421234131 30.3346309661865 30.2756328582764 30.250524520874 30.2347927093506 30.2072639465332 30.1965599060059 30.1850452423096 30.1909351348877 30.1965885162354 30.1722469329834 30.1893863677979 30.1898307800293 30.172981262207 30.1820030212402
-9999 -9999 -9999 -9999 -9999 30.1422710418701 30.1716327667236 30.1805458068848 30.2020778656006 30.2210483551025 30.2357444763184 30.2500381469727 30.306640625 30.3156337738037 30.3144092559814 30.3462448120117 30.348913192749 30.3512992858887 30.3712120056152 30.3737907409668 30.3899841308594 30.4131469726562 30.417444229126 30.4267539978027 30.4466972351074 30.4516372680664 30.4497108459473 30.4528942108154 30.4559841156006 30.4528617858887 30.4366474151611 30.4282245635986 30.4250240325928 30.4070606231689 30.4027252197266 30.4000091552734 30.3707714080811 30.3703994750977 30.3692035675049 30.3352069854736 30.3317756652832 30.3240642547607 30.2697792053223 30.253288269043 30.2356719970703 30.1881046295166 30.1804752349854 30.1666927337646 30.1549854278564 30.1554069519043 30.1502552032471 30.1672439575195 30.1720371246338 30.1755123138428 30.1850299835205 30.1736755371094 30.1727771759033
-9999 -9999 -9999 -9999 -9999 -9999 30.0999069213867 30.0836582183838 30.0933856964111 30.1308517456055 30.1034183502197 30.122350692749 30.1850719451904 30.1890106201172 30.2135066986084 30.2524890899658 30.2548065185547 30.2687549591064 30.2924537658691 30.3062572479248 30.3214263916016 30.3494625091553 30.3553409576416 30.3761253356934 30.4014415740967 30.408447265625 30.4142742156982 30.4105644226074 30.4135990142822 30.4120502471924 30.3972949981689 30.3923854827881 30.3925971984863 30.3727188110352 30.3613166809082 30.358081817627 30.3240928649902 30.3160877227783 30.2938289642334 30.2550144195557 30.2415924072266 30.2087211608887 30.1475467681885 30.1036853790283 30.086576461792 30.0358047485352 30.0242385864258 30.0276985168457 30.026762008667 30.0327053070068 30.0675811767578 30.0967445373535 30.1354351043701 30.1416110992432 30.1563892364502 30.1813945770264 30.185733795166
-9999 -9999 -9999 -9999 -9999 -9999 30.0606460571289 29.9263820648193 30.0579452514648 30.0649490356445 29.971736907959 30.0880641937256 30.1141872406006 30.1385803222656 30.1744861602783 30.191780090332 30.2200908660889 30.2352046966553 30.2452011108398 30.2630786895752 30.302360534668 30.3170108795166 30.3267421722412 30.358024597168 30.3770618438721 30.4294548034668 30.4061012268066 30.3971729278564 30.3945236206055 30.3978118896484 30.3928890228271 30.3739566802979 30.374813079834 30.3651847839355 30.3312511444092 30.3178005218506 30.3174018859863 30.2541408538818 30.2527675628662 30.2360572814941 30.1827621459961 30.147331237793 30.1175975799561 30.0562381744385 30.0235691070557 29.9947414398193 29.9083766937256 29.9748249053955 29.9912109375 29.9906883239746 30.0435848236084 30.0714740753174 30.1270446777344 30.1295261383057 30.1425819396973 30.1663055419922 30.1903438568115
-9999 -9999 -9999 -9999 -9999 -9999 -9999 -9999 30.0301208496094 30.053560256958 30.0550994873047 30.0734806060791 30.1042900085449 30.1126346588135 30.1221485137939 30.1816902160645 30.1825733184814 30.181131362915 30.2254238128662 30.242748260498 30.2630729675293 30.3127861022949 30.3224849700928 30.3346290588379 30.3710784912109 30.3861484527588 30.3909339904785 30.4023933410645 30.3963775634766 30.3989410400391 30.3911056518555 30.3874435424805 30.3820381164551 30.364652633667 30.3415107727051 30.3340721130371 30.3022556304932 30.2877979278564 30.2717170715332 30.1920166015625 30.1746425628662 30.1502456665039 30.0509853363037 30.0287208557129 30.0006656646729 29.9452419281006 29.9245872497559 29.9322071075439 29.9677391052246 29.9775161743164 29.997091293335 30.0763092041016 30.0832118988037 30.093729019165 30.1582527160645 30.179759979248 30.1943950653076
-9999 -9999 -9999 -9999 -9999 -9999 -9999 30.0327320098877 30.0256175994873 -9999 30.0246486663818 30.0290870666504 30.0489082336426 30.079345703125 30.0787830352783 30.1166572570801 30.1340007781982 30.116024017334 30.1425476074219 30.1850318908691 30.2077217102051 30.2607288360596 30.2741966247559 30.2883338928223 30.3265953063965 30.340160369873 30.3522262573242 30.3654308319092 30.3650093078613 30.3821983337402 30.3851718902588 30.3843231201172 30.3933944702148 30.3650951385498 30.3601665496826 30.346061706543 30.3127670288086 30.277624130249 30.2582511901855 30.1611671447754 30.1372146606445 30.0726699829102 29.9594554901123 29.9305229187012 29.89967918396 29.8613700866699 29.8513488769531 29.8868427276611 29.9118118286133 29.9422950744629 29.9678401947021 30.0187149047852 30.0668239593506 30.0766983032227 30.1498832702637 30.1850280761719 30.2336387634277
-9999 -9999 -9999 -9999 -9999 -9999 -9999 -9999 -9999 -9999 -9999 -9999 -9999 -9999 -9999 -9999 30.0803203582764 30.1084804534912 30.1362037658691 30.1413745880127 30.2036666870117 30.2316970825195 30.2655410766602 30.2850284576416 30.3089160919189 30.3754196166992 30.3517189025879 30.3519706726074 30.3511524200439 30.378360748291 30.3899536132812 30.399097442627 30.3831558227539 30.3801212310791 30.3807220458984 30.3388385772705 30.3360538482666 30.3219223022461 30.2315521240234 30.1844139099121 30.1015644073486 30.0230655670166 29.9665641784668 29.8295001983643 29.8769569396973 29.8310470581055 29.6648082733154 29.8294429779053 29.8896350860596 -9999 -9999 -9999 -9999 30.1022243499756 30.1382732391357 30.1786346435547 30.2654495239258
-9999 -9999 -9999 -9999 -9999 -9999 -9999 -9999 -9999 -9999 -9999 -9999 -9999 -9999 -9999 -9999 -9999 30.1313228607178 30.1475372314453 30.1809043884277 30.2062587738037 30.2313671112061 30.2529468536377 30.2665634155273 30.3033599853516 30.3155193328857 30.3219108581543 30.3580722808838 30.3610591888428 30.360860824585 30.4000797271729 30.3872814178467 30.3883609771729 30.3922100067139 30.3807678222656 30.3714981079102 30.3238544464111 30.3085784912109 30.2758274078369 30.1462421417236 30.1164493560791 30.0678405761719 29.97047996521 29.902853012085 29.8741302490234 -9999 -9999 -9999 -9999 -9999 -9999 -9999 -9999 30.1178359985352 30.1936874389648 30.2188892364502 30.2518215179443
-9999 -9999 -9999 -9999 -9999 -9999 -9999 -9999 -9999 -9999 -9999 -9999 -9999 -9999 -9999 -9999 -9999 -9999 -9999 -9999 30.1750240325928 30.2017765045166 30.1882190704346 30.2013339996338 30.2350025177002 30.2540225982666 30.2624206542969 30.3072566986084 30.3406085968018 30.3546524047852 30.3871936798096 30.4003372192383 30.4086227416992 30.4076614379883 30.4090957641602 30.3735446929932 30.3436470031738 30.3192729949951 30.2565536499023 30.1635417938232 30.10475730896 30.0446739196777 29.9760189056396 29.8971576690674 -9999 -9999 -9999 -9999 -9999 -9999 -9999 -9999 -9999 -9999 -9999 30.2369842529297 30.3028392791748
-9999 -9999 -9999 -9999 -9999 -9999 -9999 -9999 -9999 -9999 -9999 -9999 -9999 -9999 -9999 -9999 -9999 -9999 -9999 -9999 -9999 30.1750965118408 30.1537246704102 30.192211151123 30.2073078155518 30.2202835083008 30.2593021392822 30.2785625457764 30.3088874816895 30.3554019927979 30.3793563842773 30.4587802886963 30.4164791107178 30.4170150756836 30.4617004394531 30.3924827575684 -9999 -9999 -9999 -9999 30.1172370910645 -9999 -9999 -9999 -9999 -9999 -9999 -9999 -9999 -9999 -9999 -9999 -9999 -9999 -9999 -9999 -9999
-9999 -9999 -9999 -9999 -9999 -9999 -9999 -9999 -9999 -9999 -9999 -9999 -9999 -9999 -9999 -9999 -9999 -9999 -9999 -9999 -9999 -9999 30.1650352478027 30.1792659759521 30.1911849975586 30.2053985595703 30.2169780731201 30.2868576049805 30.3041076660156 30.3234539031982 30.3703346252441 30.4002456665039 30.4068870544434 30.4065780639648 30.4158401489258 -9999 -9999 -9999 -9999 -9999 -9999 -9999 -9999 -9999 -9999 -9999 -9999 -9999 -9999 -9999 -9999 -9999 -9999 -9999 -9999 -9999 -9999
-9999 -9999 -9999 -9999 -9999 -9999 -9999 -9999 -9999 -9999 -9999 -9999 -9999 -9999 -9999 -9999 -9999 -9999 -9999 -9999 -9999 -9999 -9999 30.1483821868896 30.163703918457 30.1744594573975 30.2034549713135 30.2481899261475 30.2873249053955 30.3184719085693 -9999 30.3968963623047 -9999 -9999 -9999 -9999 -9999 -9999 -9999 -9999 -9999 -9999 -9999 -9999 -9999 -9999 -9999 -9999 -9999 -9999 -9999 -9999 -9999 -9999 -9999 -9999 -9999
-9999 -9999 -9999 -9999 -9999 -9999 -9999 -9999 -9999 -9999 -9999 -9999 -9999 -9999 -9999 -9999 -9999 -9999 -9999 -9999 -9999 -9999 -9999 -9999 30.1456546783447 30.0707206726074 -9999 -9999 -9999 -9999 -9999 -9999 -9999 -9999 -9999 -9999 -9999 -9999 -9999 -9999 -9999 -9999 -9999 -9999 -9999 -9999 -9999 -9999 -9999 -9999 -9999 -9999 -9999 -9999 -9999 -9999 -9999
-9999 -9999 -9999 -9999 -9999 -9999 -9999 -9999 -9999 -9999 -9999 -9999 -9999 -9999 -9999 -9999 -9999 -9999 -9999 -9999 -9999 -9999 -9999 -9999 -9999 -9999 -9999 -9999 -9999 -9999 -9999 -9999 -9999 -9999 -9999 -9999 -9999 -9999 -9999 -9999 -9999 -9999 -9999 -9999 -9999 -9999 -9999 -9999 -9999 -9999 -9999 -9999 -9999 -9999 -9999 -9999 -9999
-9999 -9999 -9999 -9999 -9999 -9999 -9999 -9999 -9999 -9999 -9999 -9999 -9999 -9999 -9999 -9999 -9999 -9999 -9999 -9999 -9999 -9999 -9999 -9999 -9999 -9999 -9999 -9999 -9999 -9999 -9999 -9999 -9999 -9999 -9999 -9999 -9999 -9999 -9999 -9999 -9999 -9999 -9999 -9999 -9999 -9999 -9999 -9999 -9999 -9999 -9999 -9999 -9999 -9999 -9999 -9999 -9999
